time (s)	magX	magY	magZ
4523.534606	-231.735825	-124.196373	-14.436002
4523.537937	-230.742264	-124.313271	-13.325541
4523.541268	-230.391571	-123.728813	-13.091760
4523.544603	-230.391571	-123.553482	-12.799533
4523.547936	-229.807144	-123.027466	-12.215078
4523.551265	-229.631805	-123.728813	-12.857978
4523.554595	-228.988892	-123.144363	-12.448860
4523.559274	-228.521317	-123.319695	-11.630626
4523.562184	-228.287552	-123.378143	-11.455289
4523.565533	-228.112213	-123.378143	-12.624197
4523.568906	-228.229111	-123.495033	-12.390414
4523.572113	-227.878433	-123.495033	-11.922852
4523.575045	-227.235535	-123.728813	-11.922852
4523.578355	-227.703094	-123.904144	-11.864407
4523.581684	-227.644653	-124.137924	-12.390414
4523.585016	-227.001770	-124.313271	-11.864407
4523.588351	-227.177094	-124.371704	-13.033314
4523.591264	-227.352432	-124.897720	-12.215078
4523.594600	-227.001770	-124.897720	-12.390414
4523.597931	-227.761551	-124.956169	-12.916424
4523.601261	-227.001770	-124.780830	-12.098188
4523.604596	-227.527756	-125.248398	-12.156633
4523.607926	-227.469330	-125.599060	-12.624197
4523.611281	-227.878433	-125.832840	-13.091760
4523.614627	-227.878433	-126.300407	-12.273524
4523.617944	-227.878433	-125.949738	-12.624197
4523.621259	-228.404449	-125.715958	-12.098188
4523.624588	-228.462891	-126.417305	-12.156633
4523.627926	-228.988892	-126.475739	-12.741087
4523.631266	-229.807144	-126.592636	-13.559322
4523.634590	-230.216248	-126.358856	-12.507306
4523.637923	-231.034500	-127.118645	-12.624197
4523.641262	-231.092926	-127.761543	-13.325541
4523.644593	-232.261826	-127.819992	-13.793103
4523.647918	-232.846283	-128.170654	-14.494448
4523.651259	-233.956741	-128.170654	-14.436002
4523.654591	-234.307434	-128.696671	-15.604909
4523.657923	-235.067200	-129.281128	-16.364700
4523.661276	-236.119217	-129.865570	-17.592052
4523.664589	-237.405045	-130.274689	-18.118059
4523.667920	-239.041489	-130.625366	-18.994740
4523.672171	-241.729980	-132.028061	-21.332554
4523.675533	-242.723557	-133.196960	-22.852133
4523.678755	-244.126251	-133.839859	-24.079485
4523.682098	-245.996506	-134.541199	-25.189949
4523.685453	-247.574524	-135.943893	-27.761543
4523.688348	-248.743408	-136.703674	-28.696669
4523.691671	-250.496796	-138.106369	-30.683809
4523.695007	-252.776154	-139.216827	-31.677380
4523.698367	-254.237289	-140.385742	-33.664524
4523.701253	-256.692017	-141.437759	-35.827003
4523.704602	-258.270020	-143.191116	-38.047924
4523.707915	-260.374054	-144.126236	-39.976620
4523.711252	-261.484497	-145.704269	-41.613094
4523.714580	-264.056122	-147.048508	-44.301579
4523.717918	-266.277039	-148.392746	-46.464054
4523.721251	-268.556396	-150.029221	-47.399181
4523.724578	-270.251312	-151.373474	-50.555229
4523.727911	-272.472229	-152.659256	-52.133255
4523.731249	-274.868500	-154.412628	-54.646408
4523.734580	-277.206299	-156.049103	-56.224430
4523.737911	-278.901215	-157.276459	-58.679134
4523.741280	-280.946808	-159.438919	-61.484509
4523.744585	-283.576843	-160.724716	-64.173004
4523.747913	-285.856232	-162.010513	-66.510811
4523.751242	-288.427826	-163.296326	-69.023964
4523.754578	-290.824066	-164.815903	-71.946228
4523.757911	-293.454132	-165.984802	-74.342491
4523.761239	-295.675049	-167.445938	-77.206314
4523.764582	-298.714203	-169.140854	-80.362358
4523.767909	-301.753357	-170.192871	-83.693748
4523.771244	-304.734070	-172.180008	-87.200470
4523.774574	-307.714783	-173.465805	-89.888954
4523.777921	-310.461700	-174.868500	-93.980125
4523.782514	-316.890717	-178.609009	-100.584457
4523.785465	-319.988312	-180.362350	-104.383400
4523.788762	-323.261261	-182.232620	-109.292816
4523.792127	-326.241974	-184.044418	-113.968445
4523.795450	-330.391571	-185.330215	-118.644073
4523.798359	-334.015198	-187.609589	-123.436584
4523.801693	-337.638794	-189.888947	-128.696671
4523.805028	-341.379303	-191.466980	-134.541199
4523.808325	-345.762695	-193.571014	-139.275284
4523.811663	-349.620117	-195.324371	-145.938049
4523.814570	-353.594391	-197.837524	-151.490356
4523.817907	-358.094696	-200.409119	-158.854477
4523.821241	-362.244293	-202.220917	-164.640564
4523.824573	-366.452362	-204.850952	-171.829346
4523.827939	-370.251312	-207.130341	-179.602570
4523.831244	-375.277618	-210.286377	-186.732895
4523.834573	-378.784332	-213.208649	-194.564575
4523.837899	-382.758606	-215.897125	-202.513153
4523.841239	-387.609589	-218.994736	-210.695511
4523.844575	-391.876099	-222.209244	-218.994736
4523.847902	-396.668640	-224.897720	-227.177094
4523.851240	-400.759796	-227.878433	-236.528351
4523.854570	-404.792511	-230.625366	-246.522491
4523.857898	-408.942139	-233.956741	-254.821747
4523.861234	-413.617767	-237.171249	-263.880768
4523.864579	-417.767395	-239.859726	-273.758026
4523.867909	-422.501465	-242.606659	-284.687317
4523.871272	-426.417297	-245.821167	-294.681488
4523.874569	-430.625336	-248.451202	-305.610748
4523.877912	-434.424316	-252.367050	-315.838684
4523.881229	-438.924591	-254.763290	-327.644653
4523.884561	-442.606628	-256.984222	-339.450623
4523.887895	-446.464050	-260.198700	-350.496796
4523.891231	-451.315033	-262.653412	-362.770325
4523.895429	-458.503815	-266.861481	-388.661591
4523.898771	-462.185852	-269.959106	-400.818237
4523.902187	-466.510834	-271.654022	-413.500885
4523.905484	-470.017517	-273.290466	-428.346008
4523.908828	-473.641144	-275.219177	-441.729980
4523.911656	-476.738739	-276.680298	-455.698456
4523.915000	-481.180573	-278.608978	-470.718872
4523.918323	-484.570404	-279.193451	-485.914673
4523.921663	-487.025116	-280.596130	-501.870239
4523.924561	-490.239624	-281.765045	-518.585632
4523.927893	-493.512573	-283.109283	-534.599609
4523.931230	-495.558167	-283.401520	-552.308594
4523.934557	-497.428406	-284.687317	-570.192871
4523.937892	-499.649323	-284.862671	-587.960266
4523.941222	-500.876678	-286.031555	-607.013489
4523.944559	-502.162445	-285.973114	-625.131531
4523.947887	-502.746918	-286.090027	-644.243164
4523.951228	-502.863831	-285.271759	-664.231445
4523.954564	-502.746918	-285.447083	-684.044434
4523.957916	-501.461121	-284.804199	-704.558777
4523.961228	-500.409119	-284.687317	-724.956177
4523.964561	-499.298676	-283.576843	-746.464050
4523.967893	-496.376373	-282.232605	-766.452332
4523.971225	-493.454132	-281.648163	-788.369385
4523.974559	-489.304504	-279.953247	-809.351257
4523.977888	-485.213318	-278.842773	-829.631836
4523.981217	-480.479248	-275.978973	-851.724121
4523.984556	-473.874939	-274.459381	-872.121521
4523.987885	-467.679749	-271.829346	-894.155518
4523.991217	-461.367615	-268.673309	-915.604858
4523.994551	-453.535950	-265.458801	-935.768494
4523.997888	-445.061340	-262.302765	-957.042725
4524.001240	-436.995880	-258.386902	-976.154297
4524.005425	-417.299835	-249.444763	-1014.845093
4524.008818	-407.481018	-245.119812	-1033.430786
4524.012152	-395.850372	-239.216827	-1051.782593
4524.015442	-384.921112	-233.489182	-1069.549927
4524.018742	-372.764465	-227.001770	-1086.265381
4524.021648	-359.672699	-220.163651	-1103.448242
4524.024968	-346.230255	-213.208649	-1118.410278
4524.028303	-332.904755	-205.143188	-1133.372314
4524.031644	-318.644073	-196.493286	-1148.158936
4524.034556	-303.974304	-187.901810	-1160.783203
4524.037885	-289.012268	-178.842789	-1173.348877
4524.041221	-273.758026	-169.783752	-1185.622437
4524.044556	-257.334900	-160.198715	-1196.668579
4524.047885	-241.729980	-149.561661	-1205.435425
4524.051212	-224.722382	-138.398605	-1214.435913
4524.054568	-206.721207	-127.878441	-1222.092285
4524.057877	-189.888947	-116.598473	-1228.638306
4524.061213	-171.653992	-105.143188	-1234.833374
4524.064550	-152.834595	-93.395676	-1240.619507
4524.067882	-134.658096	-81.297485	-1243.892456
4524.071212	-114.552895	-69.725304	-1246.697754
4524.074544	-95.149033	-57.042664	-1248.568115
4524.077875	-74.985390	-44.827587	-1248.918701
4524.081212	-55.055523	-33.255405	-1248.451172
4524.084550	-34.774986	-20.748100	-1246.756226
4524.087911	-14.085330	-9.351256	-1244.243164
4524.091210	7.013443	2.922268	-1240.502686
4524.094544	26.709526	14.436002	-1235.651733
4524.097881	46.990063	26.709526	-1230.099365
4524.101208	68.030396	38.047924	-1222.559937
4524.104543	88.369377	48.801868	-1214.494385
4524.107878	109.000587	59.380478	-1206.487427
4524.111205	129.281128	69.959084	-1196.668579
4524.115480	168.381058	89.362946	-1174.634766
4524.118771	187.258911	99.181763	-1162.828735
4524.122053	205.435425	107.773232	-1148.860352
4524.125388	223.495026	117.007599	-1135.417847
4524.128770	240.911743	125.248398	-1121.274048
4524.131670	257.218018	133.313843	-1106.545898
4524.134958	273.582703	141.554642	-1090.298096
4524.138327	289.421387	148.509644	-1074.517822
4524.141660	304.032745	155.815308	-1057.685547
4524.144989	317.708954	162.945633	-1041.203979
4524.147875	331.034485	169.082397	-1024.137939
4524.151205	343.717133	175.628296	-1006.312073
4524.154542	355.873749	182.115723	-988.895386
4524.157867	366.978394	187.960251	-970.601929
4524.161235	377.381653	192.986557	-953.477478
4524.164536	387.258911	198.655762	-934.658081
4524.167866	396.785492	203.915833	-916.773804
4524.171209	404.617157	209.526581	-898.246643
4524.174554	412.624207	213.851547	-879.602539
4524.177870	419.053162	218.468735	-861.952087
4524.181208	425.949707	222.267670	-843.717102
4524.184541	432.320251	227.060196	-824.546997
4524.187867	437.580353	231.034500	-805.669189
4524.191195	442.606628	234.190536	-787.142029
4524.194534	446.580933	237.346573	-769.140869
4524.197868	450.321442	240.385742	-750.613708
4524.201204	453.185272	242.840439	-733.138489
4524.204548	456.633575	245.996506	-715.371155
4524.207891	458.737549	247.866745	-697.603760
4524.211199	461.484528	250.321457	-680.362366
4524.214532	463.413177	252.074814	-663.354797
4524.217871	464.815918	253.828171	-645.353577
4524.221197	466.043243	254.821747	-628.462891
4524.224533	466.978363	254.938629	-611.513733
4524.229166	467.212158	256.575104	-578.492126
4524.232070	467.270599	256.692017	-561.835205
4524.235446	467.212158	256.925781	-545.821167
4524.238815	466.627686	256.458221	-530.157776
4524.242124	465.692566	255.990646	-514.903564
4524.244970	464.465240	255.464645	-499.766205
4524.248324	462.945648	254.763290	-484.628876
4524.251620	462.010529	253.009933	-469.257751
4524.254947	460.023346	251.665680	-455.289307
4524.258292	457.977783	250.263000	-441.437775
4524.261218	455.698456	248.684982	-427.410889
4524.264529	453.419067	247.106964	-414.786682
4524.267859	451.256561	245.353607	-401.519592
4524.271199	449.094116	243.892456	-389.421387
4524.274524	446.522522	242.139099	-376.972534
4524.277856	443.132690	239.859726	-365.458801
4524.281196	440.444183	238.924591	-354.529510
4524.284521	437.580353	236.937469	-343.775574
4524.287859	434.482758	235.300995	-331.268250
4524.291207	430.859131	233.080078	-321.566345
4524.294525	427.878418	231.034500	-311.163055
4524.297905	424.371704	229.339569	-302.104034
4524.301198	420.923431	227.995331	-292.402100
4524.304530	417.241394	225.949738	-282.583282
4524.307857	413.325562	223.787262	-275.160706
4524.311187	409.935699	222.384567	-266.569244
4524.314528	406.312073	221.274109	-259.263580
4524.317860	402.220917	219.579193	-250.496796
4524.321189	398.129761	217.942719	-242.957336
4524.324521	394.623016	217.066055	-236.119217
4524.327854	390.005859	215.371124	-227.761551
4524.331186	386.849792	213.909988	-221.507889
4524.334544	383.226166	212.156631	-213.968445
4524.339197	375.277618	209.292816	-200.701355
4524.342107	371.887787	207.071869	-193.863235
4524.345440	367.387482	205.669189	-187.960251
4524.348797	364.173004	204.441864	-182.641739
4524.352036	360.783173	202.571609	-176.095856
4524.354947	356.341309	200.701355	-169.666870
4524.358279	352.951477	198.655762	-165.049683
4524.361604	349.444763	196.960846	-159.672699
4524.364965	345.353607	195.207474	-153.828171
4524.368280	341.320862	193.512573	-148.392746
4524.371186	338.398590	191.700760	-143.541794
4524.374513	335.184082	190.064285	-138.924606
4524.377844	331.560486	187.901810	-133.606079
4524.381179	328.521332	185.739334	-128.521332
4524.384512	325.189941	184.336655	-124.780830
4524.387850	322.501465	182.875519	-119.637642
4524.391180	319.345398	180.362350	-114.962006
4524.394527	316.364685	178.316772	-111.396851
4524.397854	313.150208	176.680298	-106.721207
4524.401184	310.344849	175.102280	-103.214493
4524.404518	307.597900	173.524261	-99.532440
4524.407844	304.675629	171.303329	-95.382812
4524.411176	301.694916	169.549973	-92.226768
4524.414512	298.772644	168.088837	-89.129166
4524.417850	296.025696	166.452377	-85.856224
4524.421197	293.512573	164.582123	-83.284630
4524.424510	291.174744	163.296326	-80.362358
4524.427850	288.778503	161.835175	-77.440094
4524.431177	285.447083	160.315613	-74.576271
4524.434511	282.992401	159.263580	-71.712448
4524.437845	281.531250	157.977798	-69.900642
4524.441177	278.842773	156.399765	-67.212158
4524.444505	277.147858	156.341324	-65.166565
4524.448761	272.939789	153.711288	-60.958504
4524.452146	270.835754	152.893036	-58.153130
4524.455425	268.556396	151.899475	-56.925774
4524.458690	266.744598	151.139694	-55.406197
4524.462017	264.699005	150.555237	-53.711277
4524.464941	262.302765	149.853882	-51.373463
4524.468264	261.133850	148.743423	-49.561657
4524.471594	259.263580	148.158966	-47.925190
4524.474931	256.925781	147.282288	-46.464054
4524.478278	255.230850	146.405609	-45.587376
4524.481176	254.178833	146.464066	-44.243134
4524.484503	251.841019	145.236710	-42.080654
4524.487923	250.379898	145.061356	-40.444183
4524.491173	248.684982	144.593796	-39.450611
4524.494512	247.457626	143.892456	-38.457043
4524.497838	245.645828	143.191116	-37.580360
4524.501175	244.886047	142.898895	-36.060783
4524.504503	243.424896	142.139099	-35.534775
4524.507834	242.431335	141.145523	-33.138515
4524.511172	241.145538	140.561081	-32.495617
4524.514501	239.509064	140.035065	-31.560490
4524.517836	238.924591	139.450607	-30.450027
4524.521167	237.697250	138.281708	-29.339567
4524.524505	236.353012	138.164825	-28.462887
4524.527839	235.593231	137.288147	-27.703098
4524.531196	234.833435	136.820572	-26.884863
4524.534503	233.664520	136.762131	-25.248394
4524.537831	233.664520	135.593231	-24.488602
4524.541167	231.911163	134.833435	-24.371712
4524.544504	231.443604	134.365875	-23.378141
4524.547827	230.742264	133.956757	-22.793688
4524.551163	230.508469	133.313843	-21.858562
4524.554524	229.865570	132.554062	-21.858562
4524.557834	228.696686	132.203384	-20.748100
4524.562435	228.345993	131.677383	-20.222092
4524.565337	227.703094	131.852722	-18.819405
4524.568714	227.527756	131.326706	-19.170076
4524.572035	227.060196	130.859146	-18.994740
4524.574993	226.884872	131.151382	-17.884277
4524.578284	226.651077	130.742249	-18.585623
4524.581622	226.241974	130.450027	-18.760958
4524.584938	226.300400	131.092926	-18.118059
4524.588254	225.949738	130.508469	-18.527178
4524.591585	225.891281	130.450027	-18.527178
4524.594495	225.715942	130.683823	-18.410286
4524.597832	225.832840	131.151382	-19.170076
4524.601157	225.482178	131.560486	-18.644068
4524.604495	225.891281	132.086502	-18.877850
4524.607826	226.241974	132.086502	-18.702513
4524.611155	226.125076	132.028061	-18.819405
4524.614497	226.066635	132.378723	-19.754528
4524.617851	226.534195	133.196960	-19.053185
4524.621159	226.592636	133.489197	-19.929865
4524.624493	226.475739	133.839859	-20.338982
4524.627826	226.475739	134.248978	-20.806547
4524.631152	227.293991	134.424316	-21.215664
4524.634485	228.170654	135.242538	-21.449446
4524.637847	228.112213	135.476334	-22.501461
4524.641154	227.995331	136.352997	-21.858562
4524.644493	228.872009	136.002335	-23.085915
4524.647829	229.748672	136.411453	-23.495031
4524.651161	229.456451	136.703674	-24.313267
4524.654487	230.333130	136.703674	-24.371712
4524.657825	231.735825	137.229691	-24.897720
4524.661196	231.794266	137.638809	-25.014612
4524.664488	231.969620	138.340149	-25.949738
4524.667822	233.021622	138.866165	-26.358854
4524.671158	234.015198	139.275284	-27.001753
4524.675363	235.943893	140.210403	-28.579777
4524.678700	236.469910	140.502625	-29.865574
4524.682079	237.755707	141.028641	-30.976036
4524.685420	239.158386	141.554642	-31.502045
4524.688675	239.801285	141.729980	-31.852718
4524.691582	241.203979	142.197556	-33.313854
4524.694906	241.963776	143.308014	-33.956753
4524.698247	243.015793	143.834015	-35.125656
4524.701576	244.593811	144.301575	-36.002338
4524.704524	245.938034	145.412033	-37.054356
4524.707817	247.223846	146.522491	-37.814144
4524.711146	248.626541	147.106964	-40.444183
4524.714487	249.561661	148.042084	-42.022209
4524.717817	251.548798	149.386322	-42.489773
4524.721148	252.776154	150.730560	-44.126244
4524.724479	254.471069	151.256577	-45.938049
4524.727816	256.049072	152.074814	-47.516071
4524.731171	257.568665	153.535934	-50.087666
4524.734488	259.497375	155.055527	-51.548801
4524.737815	261.016937	156.107544	-53.945057
4524.741143	262.828766	157.568665	-55.756866
4524.744478	263.880768	158.912918	-58.737583
4524.747848	266.277039	161.192291	-60.607834
4524.751147	268.264160	162.127411	-62.594975
4524.754484	270.017517	163.296326	-64.640564
4524.757808	271.595551	165.458801	-67.913506
4524.761145	273.699585	166.861481	-68.848625
4524.764479	275.745178	168.673294	-72.355347
4524.767815	278.199890	169.725311	-75.102280
4524.771149	279.894806	171.478668	-77.030975
4524.774481	282.115723	172.706024	-80.187019
4524.777804	283.869080	173.816483	-82.407951
4524.781140	286.557587	175.803619	-85.154877
4524.785395	291.350067	178.842789	-91.350090
4524.788736	293.746338	180.362350	-94.564583
4524.792020	296.084167	181.531265	-98.246643
4524.795317	298.129761	182.933960	-100.701347
4524.798658	300.876678	185.037994	-103.915833
4524.801564	303.272949	185.914673	-106.838104
4524.804898	306.078308	187.726471	-110.987724
4524.808224	308.649933	189.187607	-114.611343
4524.811593	311.689056	190.882523	-118.877853
4524.814914	314.377533	192.109879	-122.793686
4524.817801	316.949158	193.863235	-126.592636
4524.821171	320.222107	195.207474	-130.450027
4524.824473	323.553467	197.077728	-134.541199
4524.827808	326.709534	198.889542	-138.983047
4524.831142	329.456451	199.941559	-143.658676
4524.834486	331.794250	202.513153	-147.925186
4524.837805	335.184082	204.266495	-152.191696
4524.841141	338.749268	205.786087	-157.218002
4524.844468	341.028656	207.948563	-162.770309
4524.847803	344.418488	210.111053	-167.971939
4524.851138	347.282288	211.981293	-173.115128
4524.854470	350.438324	214.845108	-179.135010
4524.857803	353.886597	216.130920	-184.278198
4524.861131	356.808868	218.644073	-191.408539
4524.864475	360.783173	221.098785	-197.311508
4524.867800	363.413208	223.904160	-204.032730
4524.871137	367.153717	226.008179	-210.987732
4524.874469	369.900635	228.696686	-217.650482
4524.877803	373.173584	231.034500	-224.371719
4524.881129	375.920502	233.664520	-231.677383
4524.884460	379.251923	236.002319	-239.275284
4524.887797	381.940399	238.807724	-246.113403
4524.891165	385.213318	240.794846	-253.945068
4524.894495	387.609589	243.424896	-262.770325
4524.899075	394.213928	248.977203	-278.842773
4524.901989	396.668640	251.548798	-287.726471
4524.905334	399.181763	253.769730	-296.201050
4524.908687	401.987122	256.808868	-305.902985
4524.912078	404.617157	259.029816	-315.078888
4524.914911	407.656342	260.958496	-323.845703
4524.918243	410.695496	263.822327	-333.606079
4524.921560	413.208618	265.692566	-343.892456
4524.924886	416.072449	267.621277	-353.711273
4524.927792	419.053162	269.316193	-364.348328
4524.931132	421.098755	271.478668	-374.284058
4524.934456	423.728790	273.465790	-385.914673
4524.937812	425.774384	274.751617	-396.785492
4524.941130	427.878418	276.212738	-407.656342
4524.944464	430.157806	278.608978	-419.345428
4524.947796	432.203400	279.953247	-429.865601
4524.951122	434.424316	281.297485	-441.905304
4524.954453	436.177673	282.641724	-454.003540
4524.957793	438.047943	284.161316	-466.452362
4524.961129	439.158386	285.154877	-478.901245
4524.964459	440.794861	286.616028	-492.285217
4524.967788	441.554626	287.083588	-504.675629
4524.971128	442.665100	288.603149	-518.001160
4524.974478	443.600220	289.362946	-530.800720
4524.977793	443.834015	289.655151	-544.827576
4524.981132	443.541779	290.414948	-557.802429
4524.984454	443.775574	291.525421	-572.939819
4524.987787	443.191101	292.226776	-587.434265
4524.991120	442.431305	293.220337	-600.759766
4524.994457	441.613098	293.161896	-616.306274
4524.997787	440.093506	293.571014	-631.034485
4525.001120	438.106384	294.155457	-645.411987
4525.004452	436.294556	294.564575	-660.549377
4525.007790	433.839844	294.038574	-676.680298
4525.011988	427.352417	294.447693	-708.240784
4525.015333	423.728790	294.623016	-722.618347
4525.018723	419.286957	294.155457	-738.047913
4525.022044	414.611328	294.213928	-754.704834
4525.024932	409.701904	292.285217	-770.485107
4525.028217	404.734100	291.642303	-786.499146
4525.031544	398.305084	290.181183	-802.630066
4525.034878	392.694336	289.012268	-817.884277
4525.038219	387.025146	287.843384	-833.722961
4525.041116	379.836334	285.388672	-850.029175
4525.044454	373.115143	282.466400	-865.692627
4525.047782	365.049683	280.596130	-881.297485
4525.051116	356.692017	277.440094	-897.311523
4525.054452	349.327881	274.810059	-912.916443
4525.057786	340.444183	271.244873	-927.761536
4525.061116	332.144958	266.978394	-942.489807
4525.064443	322.676788	263.296326	-957.510193
4525.067787	313.325562	258.854462	-972.647583
4525.071109	303.974304	254.061966	-986.674500
4525.074446	293.512573	249.503204	-1000.876709
4525.077794	282.817078	243.658691	-1014.903564
4525.081114	272.530670	238.632370	-1028.872070
4525.084442	262.010529	232.846283	-1042.080688
4525.087775	250.321457	226.534195	-1055.464600
4525.091115	239.684387	220.514328	-1067.855103
4525.094450	227.644653	213.676208	-1080.420776
4525.097777	215.429565	207.130341	-1092.577515
4525.101113	203.156036	200.409119	-1104.208130
4525.104443	189.888947	192.811234	-1114.962036
4525.107780	176.446518	185.563995	-1125.482178
4525.111127	162.594971	178.609009	-1135.242554
4525.114441	149.444763	170.835770	-1145.470581
4525.117770	135.125656	163.354767	-1153.828125
4525.121110	120.864990	155.581528	-1163.296265
4525.125315	90.531853	140.035065	-1177.732300
4525.128726	75.452957	132.437164	-1184.979492
4525.132030	59.906490	123.845711	-1190.648804
4525.135308	44.769142	115.838692	-1197.311523
4525.138617	28.755114	107.714783	-1200.526001
4525.141526	12.215078	99.298653	-1205.084717
4525.144867	-4.266511	91.583870	-1209.234375
4525.148202	-20.338982	84.044418	-1211.747559
4525.151528	-36.995907	75.452957	-1213.208618
4525.154450	-53.126823	66.861488	-1215.195801
4525.157766	-68.965515	58.328461	-1215.137329
4525.161105	-85.797783	50.204556	-1214.845093
4525.164436	-101.227356	42.489773	-1215.078979
4525.167770	-117.825829	33.722969	-1214.026978
4525.171106	-133.430740	25.306839	-1212.507324
4525.174439	-148.568100	17.299826	-1210.637085
4525.177777	-163.822327	8.825249	-1207.364136
4525.181105	-179.894791	-0.642899	-1204.617187
4525.184437	-194.389252	-9.292811	-1201.052002
4525.187770	-208.825256	-17.767387	-1195.791870
4525.191140	-222.852142	-25.540621	-1191.291626
4525.194437	-236.995911	-34.073643	-1186.148437
4525.197788	-250.087662	-42.489773	-1178.959717
4525.201097	-263.062531	-50.204556	-1173.056641
4525.204432	-275.803619	-59.088253	-1165.224976
4525.207766	-287.960266	-67.679718	-1158.912964
4525.211105	-300.409119	-75.277618	-1150.672119
4525.214430	-312.098206	-83.752190	-1143.366455
4525.217764	-322.969025	-91.174751	-1134.190552
4525.221101	-334.307434	-99.006424	-1125.832886
4525.224430	-344.535339	-106.253647	-1116.949219
4525.227767	-354.646393	-113.208649	-1108.007080
4525.231101	-364.757446	-121.507896	-1097.779053
4525.235381	-382.817078	-135.300995	-1077.206299
4525.238640	-391.466980	-141.379303	-1065.984863
4525.241965	-399.766205	-147.632965	-1055.464600
4525.245285	-407.597870	-154.237289	-1044.885986
4525.248626	-415.254272	-159.146698	-1033.430786
4525.251524	-422.968994	-164.465225	-1022.209290
4525.254854	-429.807129	-170.192871	-1011.046204
4525.258228	-436.236084	-175.219162	-998.889526
4525.261543	-443.541779	-180.187027	-986.499146
4525.264882	-450.029236	-184.336655	-973.115173
4525.267760	-455.990662	-188.720047	-961.542969
4525.271096	-462.069000	-191.934540	-949.035645
4525.274434	-467.387482	-195.791931	-936.995911
4525.277758	-471.829315	-199.415543	-923.728821
4525.281094	-477.615448	-202.746933	-911.455261
4525.284445	-483.284607	-205.786087	-898.305115
4525.287761	-486.966705	-208.533020	-884.453613
4525.291085	-491.057861	-211.864395	-871.946228
4525.294427	-495.675049	-214.611343	-858.386902
4525.297761	-498.831085	-216.890717	-845.587341
4525.301094	-501.694916	-218.702515	-832.203369
4525.304420	-505.026306	-220.923447	-818.877869
4525.307765	-507.831665	-223.378128	-806.779663
4525.311087	-510.111053	-224.897720	-794.447693
4525.314420	-512.507324	-226.651077	-781.297485
4525.317758	-514.494446	-227.995331	-768.497925
4525.321120	-516.364746	-230.508469	-756.516663
4525.324420	-517.182922	-231.618927	-744.184692
4525.327759	-518.877869	-233.313843	-733.021667
4525.331099	-520.105225	-235.125656	-721.215698
4525.334421	-520.981873	-235.885452	-710.286377
4525.337752	-520.981873	-238.164810	-698.305054
4525.341086	-521.858521	-239.099930	-686.849792
4525.345728	-522.209229	-241.087082	-665.926392
4525.348611	-521.975464	-242.139099	-654.471069
4525.352001	-521.741699	-242.957336	-644.301575
4525.355286	-522.033875	-244.243118	-634.073608
4525.358678	-520.923401	-245.119812	-624.254822
4525.361536	-520.748108	-246.113403	-614.845154
4525.364870	-520.105225	-246.931625	-606.136780
4525.368173	-518.936279	-247.340729	-596.493286
4525.371509	-518.351868	-248.217422	-586.440674
4525.374846	-517.066040	-248.509644	-577.966125
4525.377743	-515.780273	-248.860306	-569.140869
4525.381085	-514.903564	-249.444763	-560.432495
4525.384412	-513.851562	-249.094101	-551.899475
4525.387747	-512.741089	-249.853897	-542.782043
4525.391083	-511.221497	-249.795441	-533.781433
4525.394415	-510.227905	-249.795441	-527.001770
4525.397749	-508.883728	-249.210983	-518.234985
4525.401079	-507.597870	-249.503204	-511.513763
4525.404411	-506.312073	-249.035645	-503.565155
4525.407770	-505.026306	-248.918777	-495.967285
4525.411076	-504.091156	-248.158981	-488.544708
4525.414466	-502.630035	-247.632950	-481.063690
4525.417743	-501.578033	-247.340729	-472.998230
4525.421081	-499.883118	-246.405609	-466.218567
4525.424411	-498.889526	-246.230270	-459.789612
4525.427743	-496.434845	-245.528931	-453.185272
4525.431083	-495.675049	-245.002914	-445.762726
4525.434408	-494.097046	-243.950912	-439.216858
4525.437743	-492.402130	-243.424896	-433.138519
4525.441081	-490.999420	-242.548233	-427.469299
4525.444410	-489.947418	-241.554642	-421.040344
4525.447745	-488.077148	-241.554642	-415.137329
4525.451114	-486.265320	-239.742859	-409.292786
4525.455757	-483.167755	-239.392166	-397.779083
4525.458695	-481.122162	-238.866165	-392.343658
4525.462009	-479.310333	-238.047928	-387.668030
4525.465333	-477.557007	-237.697250	-382.349518
4525.468586	-475.803619	-237.697250	-378.082977
4525.471500	-473.991821	-236.820572	-373.232025
4525.474851	-473.115173	-236.703674	-368.497955
4525.478166	-471.186462	-236.002319	-364.231445
4525.481495	-470.017517	-236.119217	-359.848053
4525.484822	-468.497955	-235.885452	-355.113953
4525.487738	-466.510834	-235.417892	-351.373444
4525.491073	-465.225037	-235.768555	-347.691406
4525.494409	-463.354767	-235.125656	-344.243134
4525.497738	-462.185852	-235.125656	-341.087067
4525.501064	-460.607819	-234.424301	-337.989471
4525.504413	-459.964935	-234.015198	-335.359436
4525.507732	-458.386902	-234.248978	-331.969604
4525.511067	-457.217987	-234.774994	-329.865570
4525.514408	-455.873779	-234.248978	-326.943298
4525.517737	-454.237274	-233.664520	-324.547058
4525.521071	-453.419067	-233.606079	-321.215668
4525.524424	-453.009949	-233.839874	-319.111633
4525.527736	-451.548828	-233.489182	-316.949158
4525.531061	-450.789032	-232.554047	-315.488037
4525.534404	-449.503235	-232.495621	-312.507294
4525.537745	-447.808319	-231.911163	-311.455292
4525.541069	-447.399200	-231.443604	-308.708344
4525.544406	-447.048523	-230.976028	-307.305664
4525.547730	-445.938049	-230.742264	-305.669189
4525.551061	-445.353607	-230.859131	-303.506744
4525.554429	-444.476898	-230.040909	-301.402679
4525.557730	-444.243134	-229.456451	-299.707764
4525.561058	-443.892487	-228.872009	-298.655762
4525.564393	-443.308014	-229.105789	-297.194611
4525.568658	-442.372894	-228.112213	-294.330811
4525.571930	-441.496185	-227.586197	-292.577423
4525.575253	-440.736389	-227.878433	-291.700775
4525.578599	-440.677979	-227.410858	-290.356506
4525.581929	-440.385712	-227.060196	-289.187592
4525.584819	-439.801270	-226.417297	-288.836945
4525.588155	-438.924591	-226.008179	-288.135590
4525.591511	-438.983063	-226.475739	-286.382233
4525.594840	-438.164795	-226.709534	-286.323792
4525.597744	-438.398590	-225.949738	-285.973114
4525.601099	-438.515472	-226.066635	-285.622467
4525.604398	-438.457062	-225.657516	-284.979523
4525.607728	-437.697266	-226.475739	-284.804199
4525.611065	-437.755676	-226.008179	-284.511963
4525.614395	-437.171265	-226.358841	-284.862671
4525.617728	-436.937469	-227.293991	-284.161316
4525.621061	-437.288147	-227.118637	-284.570435
4525.624390	-437.054352	-227.527756	-285.037994
4525.627725	-437.112793	-228.170654	-285.622467
4525.631054	-437.580353	-228.579788	-286.732910
4525.634422	-437.171265	-229.105789	-287.083588
4525.637722	-438.457062	-229.690247	-288.310944
4525.641062	-438.047943	-229.982468	-288.953827
4525.644391	-438.398590	-230.274704	-289.246063
4525.647724	-439.567505	-230.683807	-291.525421
4525.651052	-439.509064	-231.268265	-292.694336
4525.654390	-439.801270	-231.794266	-294.213928
4525.657724	-440.677979	-232.028061	-295.032135
4525.661052	-440.911774	-232.554047	-296.960815
4525.664389	-441.262451	-232.612518	-298.889526
4525.667762	-441.496185	-233.781403	-301.052032
4525.671051	-441.846893	-233.606079	-303.156036
4525.675663	-443.834015	-235.300995	-306.662781
4525.678604	-444.243134	-235.476334	-309.000580
4525.681935	-445.470490	-235.826996	-311.104614
4525.685280	-446.171814	-236.236115	-313.500885
4525.688684	-447.340729	-236.820572	-315.488037
4525.691500	-448.100525	-236.762115	-317.767395
4525.694835	-449.561646	-236.937469	-320.046753
4525.698191	-450.438354	-237.521912	-322.326141
4525.701469	-450.964355	-237.872604	-325.073059
4525.704805	-452.600800	-238.398605	-327.703094
4525.707718	-453.477478	-238.924591	-329.924011
4525.711049	-454.354187	-238.749268	-333.021606
4525.714382	-455.172394	-239.567490	-336.119232
4525.717720	-456.107513	-239.918182	-338.983063
4525.721077	-457.802429	-239.918182	-341.905304
4525.724383	-458.796021	-241.087082	-345.119812
4525.727714	-459.380493	-241.671539	-347.808289
4525.731048	-461.075409	-241.963776	-351.081238
4525.734382	-462.127411	-242.606659	-354.061951
4525.737712	-463.763916	-243.424896	-357.802460
4525.741045	-465.166565	-243.892456	-361.659851
4525.744382	-465.692566	-245.002914	-364.991241
4525.747712	-467.036804	-245.470474	-369.900635
4525.751092	-468.673279	-246.230270	-374.342499
4525.754379	-469.842194	-247.574524	-378.959686
4525.757716	-470.601990	-248.217422	-383.226166
4525.761040	-472.472229	-249.503204	-388.018707
4525.764413	-473.699585	-250.087662	-392.285217
4525.767708	-475.336060	-251.899475	-397.779083
4525.771046	-476.446533	-253.009933	-403.389832
4525.774375	-477.732330	-253.886597	-407.948578
4525.777712	-479.836365	-254.821747	-414.085327
4525.781042	-481.122162	-255.756882	-419.111633
4525.785721	-483.284607	-257.919342	-431.326721
4525.788611	-485.680878	-259.380493	-437.405029
4525.791968	-486.382233	-260.374054	-443.366425
4525.795317	-487.901825	-260.549377	-450.905884
4525.798559	-489.304504	-261.776733	-457.217987
4525.801492	-491.116272	-262.594971	-463.939240
4525.804800	-491.817657	-263.354767	-470.777313
4525.808165	-492.694336	-263.880768	-476.621857
4525.811465	-494.272369	-265.108124	-485.797791
4525.814794	-496.142639	-265.575684	-492.402130
4525.817706	-497.194611	-266.510834	-499.590881
4525.821033	-498.480408	-266.978394	-507.481018
4525.824370	-499.357086	-267.036804	-514.962036
4525.827706	-500.409119	-267.971954	-522.852112
4525.831036	-501.870239	-267.913513	-530.683777
4525.834366	-502.863831	-268.030396	-538.749268
4525.837727	-504.383423	-269.140869	-546.697876
4525.841034	-504.850952	-268.790161	-555.464661
4525.844369	-506.487427	-269.140869	-563.004089
4525.847700	-506.662750	-269.082397	-572.063110
4525.851075	-507.831665	-268.965515	-580.187012
4525.854364	-508.649933	-269.491516	-588.603149
4525.857708	-509.292786	-269.608429	-597.194641
4525.861037	-510.111053	-269.783752	-606.019897
4525.864365	-510.929291	-270.134430	-615.137329
4525.867699	-511.396851	-269.842194	-624.430176
4525.871031	-511.572174	-269.900635	-633.722961
4525.874368	-511.981293	-270.660431	-642.665100
4525.877697	-512.215088	-270.134430	-652.893066
4525.881035	-511.981293	-270.075989	-662.302734
4525.884361	-511.689087	-270.075989	-672.413757
4525.887702	-511.338379	-269.783752	-682.115723
4525.891033	-511.163055	-270.134430	-691.700745
4525.895300	-509.585052	-270.075989	-712.799561
4525.898621	-508.942139	-269.783752	-723.904114
4525.901883	-508.474579	-269.374634	-733.313843
4525.905207	-507.071869	-268.790161	-744.418457
4525.908544	-506.195221	-268.147278	-756.691956
4525.911904	-504.850952	-267.153717	-769.257751
4525.914788	-502.630035	-267.212158	-780.070129
4525.918141	-500.642914	-266.160126	-791.057861
4525.921475	-498.714203	-265.634125	-802.746948
4525.924809	-496.551697	-264.932800	-814.377563
4525.927690	-494.213928	-263.296326	-826.241943
4525.931026	-491.233215	-262.068970	-837.521912
4525.934367	-488.544708	-260.958496	-850.555237
4525.937724	-485.973114	-258.503784	-863.179382
4525.941024	-482.992401	-256.458221	-874.634766
4525.944360	-479.018127	-254.529526	-886.674500
4525.947691	-475.219147	-251.841019	-899.006470
4525.951027	-471.127991	-249.737000	-910.461731
4525.954359	-467.329041	-246.931625	-922.150818
4525.957687	-462.887207	-244.593811	-933.839905
4525.961023	-458.620697	-241.613098	-945.996460
4525.964355	-454.120392	-238.632370	-957.276428
4525.967686	-449.620117	-235.651657	-968.088806
4525.971027	-444.360016	-232.963181	-979.485718
4525.974360	-438.807739	-228.462891	-991.174805
4525.977688	-434.307434	-225.599075	-1001.402649
4525.981042	-428.112213	-220.748093	-1013.091736
4525.984353	-422.150818	-217.124481	-1023.670410
4525.987685	-415.721802	-212.857986	-1035.008789
4525.991032	-409.818848	-209.059021	-1045.119873
4525.994358	-402.571594	-204.675629	-1055.114014
4525.997689	-396.668640	-200.292236	-1064.231445
4526.001020	-389.070740	-195.265930	-1075.569824
4526.004358	-381.589722	-190.356522	-1100.350708
4526.008539	-366.569244	-181.414383	-1105.260132
4526.011870	-358.328461	-176.329636	-1114.552856
4526.015221	-349.444763	-171.478668	-1122.559937
4526.018560	-340.911743	-166.627701	-1131.443604
4526.021470	-331.969604	-161.426071	-1140.385742
4526.024825	-321.975433	-157.042664	-1149.327881
4526.028196	-312.974854	-151.607254	-1156.750366
4526.031450	-303.857391	-145.996506	-1165.517212
4526.034777	-292.752777	-141.671539	-1173.524292
4526.037680	-283.050842	-135.359436	-1180.479248
4526.041017	-272.121582	-129.807129	-1186.908203
4526.044356	-260.724701	-124.021042	-1193.921631
4526.047683	-250.847458	-118.001160	-1200.642822
4526.051018	-238.515503	-111.689064	-1205.961426
4526.054345	-227.469330	-105.493866	-1211.630615
4526.057684	-215.838699	-99.123314	-1216.189331
4526.061010	-203.915833	-92.869667	-1221.975464
4526.064345	-192.109879	-86.090004	-1226.300415
4526.067676	-179.719467	-79.368790	-1229.924072
4526.071016	-166.686157	-72.296898	-1233.547607
4526.074346	-154.529510	-65.809471	-1235.710205
4526.077684	-142.548218	-58.328461	-1238.807617
4526.081014	-129.456467	-50.847458	-1241.554687
4526.084367	-116.656921	-43.658680	-1242.898804
4526.087727	-103.740501	-36.703682	-1243.892456
4526.091019	-91.350090	-29.398012	-1245.061401
4526.094343	-78.784332	-21.800117	-1245.353638
4526.097699	-65.166565	-14.026885	-1245.295166
4526.101008	-53.068382	-5.844535	-1244.652222
4526.104341	-40.151958	2.279369	-1242.957275
4526.107678	-27.235535	9.994155	-1241.028564
4526.111006	-15.312682	17.007599	-1239.275269
4526.114344	-2.688486	24.547049	-1236.586792
4526.118964	22.501461	39.099941	-1231.443604
4526.121882	34.833431	46.347164	-1227.352417
4526.125259	46.756283	53.594387	-1224.079468
4526.128645	58.270020	60.432495	-1219.345337
4526.131955	70.017532	67.387489	-1215.195801
4526.134766	82.349503	73.991814	-1209.935669
4526.138094	93.863235	80.829926	-1204.383423
4526.141461	104.792526	87.142021	-1198.947998
4526.144761	116.540039	93.687904	-1193.454102
4526.148095	128.112213	99.649330	-1188.369385
4526.151009	139.976624	105.669197	-1181.063721
4526.154336	150.847458	111.572182	-1174.810059
4526.157671	162.068970	117.182938	-1167.036865
4526.161007	173.056702	123.261246	-1160.490845
4526.164337	184.161301	128.696671	-1153.302246
4526.167672	195.207474	133.898300	-1145.119873
4526.171022	205.844543	140.151947	-1137.054321
4526.174339	215.838699	145.002930	-1128.053711
4526.177673	226.300400	149.620102	-1119.637695
4526.180999	236.294556	155.464630	-1110.344849
4526.184354	245.528931	160.198715	-1101.402710
4526.187673	255.523087	164.874344	-1091.992920
4526.191004	265.166565	169.842194	-1082.466431
4526.194335	274.284058	174.459381	-1071.595581
4526.197673	283.459961	179.018112	-1062.127441
4526.201000	292.051422	183.985977	-1051.665649
4526.204333	300.759796	188.427811	-1041.203979
4526.207664	308.942139	192.518997	-1030.975952
4526.210998	316.189362	196.025711	-1019.988342
4526.214356	324.663940	200.584457	-1009.409729
4526.217662	331.735840	204.441864	-998.538879
4526.220998	339.158386	208.708359	-987.083557
4526.224333	345.996490	212.098190	-976.505005
4526.227666	352.483917	215.604904	-964.991211
4526.231935	364.640564	222.676804	-943.717102
4526.235272	370.777313	226.709534	-932.437134
4526.238591	376.563416	229.514908	-922.384521
4526.241841	381.180603	232.612518	-910.637085
4526.244778	386.382233	235.300995	-899.532410
4526.248089	391.350067	238.106369	-887.609558
4526.251464	396.025696	241.203979	-876.154297
4526.254751	399.824677	243.600220	-864.932800
4526.258090	404.266510	245.821167	-854.354187
4526.260991	408.182343	247.866745	-843.834045
4526.264325	411.864410	250.204559	-833.839905
4526.267664	415.488007	252.717712	-822.384521
4526.270992	418.585632	254.003494	-812.916443
4526.274324	422.267670	256.458221	-801.519592
4526.277662	425.073059	257.919342	-791.408569
4526.281044	427.527771	259.205139	-779.894775
4526.284326	430.391602	260.490936	-770.660461
4526.287658	432.787842	261.893616	-760.841614
4526.290993	435.300964	263.062531	-750.613708
4526.294357	437.288147	264.348328	-741.437744
4526.297659	439.567505	265.166565	-732.261841
4526.300995	441.320862	264.874329	-721.858521
4526.304326	443.483337	266.569244	-712.507324
4526.307659	445.353607	266.569244	-703.156067
4526.310988	446.756256	266.686157	-693.863220
4526.314324	448.217438	267.212158	-684.570435
4526.317655	449.795441	267.562805	-674.868469
4526.320985	451.665680	267.679718	-665.984802
4526.324321	452.483948	267.913513	-656.984253
4526.327655	453.535950	268.147278	-647.106934
4526.330992	454.529510	268.673309	-638.398621
4526.334326	455.698456	269.023956	-629.982483
4526.337662	456.224426	268.848633	-621.157227
4526.341902	457.276428	268.731750	-603.039185
4526.345206	457.101105	269.140869	-594.506104
4526.348504	456.984222	269.082397	-585.739319
4526.351834	457.101105	269.082397	-577.206299
4526.355165	457.685577	269.257751	-569.082397
4526.358082	457.510223	269.433075	-560.490967
4526.361415	457.334900	269.783752	-552.600830
4526.364755	457.510223	269.900635	-544.944458
4526.368122	456.399780	270.075989	-537.171265
4526.370985	456.808899	269.549957	-529.164246
4526.374318	455.581512	269.959106	-522.501465
4526.377658	455.406189	270.309753	-515.663330
4526.380993	454.412598	269.900635	-508.883728
4526.384312	453.945068	269.608429	-502.805389
4526.387653	453.068390	269.608429	-494.623047
4526.390984	452.308594	269.608429	-489.246033
4526.394319	451.724152	269.082397	-481.472839
4526.397648	451.198151	268.907074	-476.388062
4526.400980	449.970764	268.088837	-469.491516
4526.404314	448.977173	268.614838	-463.997650
4526.407647	447.983643	267.679718	-459.263611
4526.410997	447.457642	267.036804	-453.009949
4526.414316	446.288727	267.095245	-447.925171
4526.417647	445.587402	266.101685	-442.606628
4526.420980	444.886017	265.984802	-437.288147
4526.424310	443.892487	265.341888	-431.385132
4526.427642	443.074219	264.523682	-427.352417
4526.430976	442.080627	263.530090	-421.566345
4526.434308	441.613098	263.004089	-417.299835
4526.437645	440.677979	262.478088	-413.091766
4526.441010	439.099945	261.776733	-407.714783
4526.444310	438.573944	261.367645	-402.980713
4526.447639	437.521942	260.783173	-398.947968
4526.450976	436.353027	259.555817	-394.739929
4526.455164	434.599640	258.445374	-385.914673
4526.458491	433.080048	257.510223	-381.706604
4526.461841	432.729401	256.633545	-377.615417
4526.465187	431.326721	255.990646	-372.939789
4526.468088	431.151398	256.165985	-369.257751
4526.471430	429.924011	255.347748	-365.400360
4526.474759	429.222687	254.646393	-361.835205
4526.478097	428.053772	253.945068	-358.094696
4526.481401	426.709503	253.594391	-353.535950
4526.484329	425.949707	253.126831	-350.438324
4526.487639	425.365295	253.068375	-346.697845
4526.490975	424.137939	252.425476	-342.898895
4526.494302	423.144348	252.367050	-340.268860
4526.497639	421.858551	251.607254	-337.755707
4526.500970	420.865021	251.431915	-335.008759
4526.504298	419.871429	250.964355	-331.852722
4526.507640	418.936310	250.379898	-329.164246
4526.510972	417.767395	250.613663	-326.300415
4526.514304	416.130920	249.795441	-324.021027
4526.517636	415.488007	249.853897	-320.981873
4526.520964	414.669800	249.327881	-319.637634
4526.524295	414.026886	249.152542	-316.481598
4526.527649	412.624207	248.977203	-314.143768
4526.530970	412.215088	248.509644	-312.156616
4526.534303	410.929291	248.217422	-310.637054
4526.537636	409.701904	248.158981	-308.591461
4526.540988	409.701904	247.340729	-306.312103
4526.544297	408.591461	247.106964	-304.091156
4526.547630	407.714783	246.990067	-303.156036
4526.550971	407.422546	247.106964	-301.110474
4526.554302	406.545868	247.223846	-298.597321
4526.557632	406.487427	246.580963	-298.071320
4526.560972	405.435425	246.347168	-297.136200
4526.565589	404.792511	246.230270	-294.330811
4526.568502	404.266510	245.412033	-294.389252
4526.571857	403.682037	245.645828	-292.635895
4526.575228	403.565155	244.710678	-292.402100
4526.578549	403.623627	245.002914	-290.940979
4526.581395	402.746918	244.535355	-290.707184
4526.584741	402.396240	244.184692	-289.596710
4526.588047	402.513184	243.775558	-288.661591
4526.591382	402.630035	243.834015	-288.194031
4526.594723	401.987122	243.191116	-287.609589
4526.597623	401.694916	243.366455	-287.083588
4526.600964	401.753387	243.424896	-286.616028
4526.604295	401.402710	243.483353	-286.090027
4526.607627	401.402710	243.717117	-285.797791
4526.610965	400.642914	243.074219	-285.388672
4526.614306	400.759796	243.658691	-285.037994
4526.617625	400.526001	243.775558	-285.213318
4526.620957	400.935120	243.892456	-284.278198
4526.624288	400.175323	243.658691	-283.869080
4526.627620	400.467590	243.483353	-284.745758
4526.630967	399.532440	244.126251	-283.985962
4526.634293	399.941559	244.067795	-283.576843
4526.637626	400.409119	243.892456	-284.862671
4526.640958	400.292206	244.652252	-284.687317
4526.644290	400.409119	244.652252	-285.739319
4526.647624	400.409119	245.295135	-285.447083
4526.650956	399.766205	245.061371	-285.914673
4526.654288	399.415527	245.587372	-286.908234
4526.657631	400.233795	245.821167	-286.557587
4526.660954	400.350677	246.288727	-286.966675
4526.664283	399.590881	246.171829	-287.551147
4526.667621	400.000000	246.522491	-288.427826
4526.670955	400.818237	247.165390	-289.479828
4526.674280	400.409119	247.165390	-290.824066
4526.678540	401.285797	248.334320	-293.395691
4526.681884	401.578033	248.451202	-293.804779
4526.685210	402.396240	249.620102	-295.382812
4526.688464	402.571594	249.795441	-296.785492
4526.691803	402.980713	250.204559	-298.714203
4526.694708	403.448303	250.204559	-299.415527
4526.698038	403.623627	250.789017	-302.045593
4526.701380	404.441833	250.789017	-303.506744
4526.704711	405.260071	251.899475	-305.961426
4526.708060	405.552307	252.074814	-307.247223
4526.710948	406.370544	252.016357	-309.818817
4526.714284	407.597870	253.068375	-310.929260
4526.717617	408.123932	253.126831	-312.857971
4526.720976	408.649933	253.769730	-314.728241
4526.724283	409.000580	254.295731	-316.890717
4526.727617	409.585052	254.587967	-319.286957
4526.730950	410.111053	255.055527	-321.507874
4526.734287	410.870850	255.581528	-324.780823
4526.737649	411.805969	256.282867	-326.534210
4526.740950	412.682617	256.692017	-329.222687
4526.744277	413.617767	257.334900	-332.261810
4526.747608	414.436005	257.977783	-334.424316
4526.750951	414.494476	258.270020	-337.171234
4526.754275	415.663330	259.438934	-339.976624
4526.757613	416.481598	260.198700	-342.898895
4526.760944	416.949127	260.841614	-345.996490
4526.764277	418.351837	261.835205	-348.275848
4526.767613	418.644043	262.361206	-352.074829
4526.770942	419.111633	263.120972	-355.289307
4526.774276	419.871429	263.646973	-358.386902
4526.777609	420.923431	264.348328	-361.542969
4526.780956	422.033875	265.692566	-365.400360
4526.784293	422.442993	266.160126	-368.848633
4526.787636	422.852142	267.212158	-372.472229
4526.792235	424.488586	268.731750	-380.537689
4526.795137	425.365295	269.140869	-383.401520
4526.798523	426.183502	270.835754	-387.375793
4526.801817	426.709503	271.127991	-390.882507
4526.805156	427.410889	272.063110	-395.032135
4526.808060	428.170685	272.881378	-399.357117
4526.811388	428.462891	274.225586	-403.740509
4526.814746	428.813538	274.693146	-408.299255
4526.818033	429.865601	275.978973	-413.150208
4526.821372	430.157806	276.738739	-417.475189
4526.824299	431.677399	277.264771	-422.209229
4526.827603	432.320251	277.966095	-427.469299
4526.830936	432.612518	278.433655	-432.378723
4526.834267	433.489166	279.485687	-437.521942
4526.837605	434.658112	280.011688	-442.431305
4526.840934	435.008759	281.063690	-447.340729
4526.844270	435.008759	282.057281	-453.711273
4526.847604	435.359436	282.232605	-459.088226
4526.850933	436.703674	283.752197	-464.523651
4526.854292	437.463470	283.635315	-470.309784
4526.857601	438.223267	284.511963	-476.446533
4526.860934	438.690796	285.271759	-482.992401
4526.864271	439.099945	285.914673	-488.953827
4526.867603	439.625916	286.732910	-493.804779
4526.870979	440.093506	286.966675	-501.285797
4526.874274	440.561066	287.492706	-507.422546
4526.877601	440.385712	287.726471	-514.085327
4526.880932	440.911774	288.369385	-520.806580
4526.884306	441.028656	289.304504	-526.884827
4526.887603	441.496185	289.304504	-533.664490
4526.890933	441.437775	290.005859	-539.742859
4526.894260	441.671509	290.064301	-546.113403
4526.897622	441.203979	290.648743	-553.535950
4526.902292	441.203979	291.934540	-566.686157
4526.905136	441.028656	292.928131	-573.582703
4526.908532	440.677979	292.928131	-581.531311
4526.911856	440.736389	293.337219	-587.901855
4526.915183	439.859711	293.980133	-595.733521
4526.918453	439.158386	294.097015	-603.740479
4526.921353	438.223267	294.681488	-610.403259
4526.924689	437.697266	295.324371	-617.767395
4526.928040	436.586823	295.733490	-625.540649
4526.931352	436.177673	296.201050	-632.495605
4526.934262	435.184082	296.142609	-640.444214
4526.937596	434.365845	296.551727	-648.334290
4526.940928	432.963196	296.610168	-656.224426
4526.944259	431.852722	296.785492	-664.523621
4526.947596	430.157806	297.019287	-672.472229
4526.950931	428.696686	296.727051	-680.596191
4526.954259	427.118622	296.960815	-688.836975
4526.957588	425.832855	296.960815	-697.369934
4526.960931	423.611938	296.259491	-706.487427
4526.964255	422.092346	295.733490	-715.312683
4526.967593	420.397430	295.207489	-723.144348
4526.970948	418.468719	294.915253	-732.144897
4526.974260	415.955597	294.272339	-741.028625
4526.977587	413.910004	293.512573	-750.613708
4526.980920	411.513763	292.811218	-759.380493
4526.984264	408.883728	291.466980	-769.316223
4526.987591	406.195221	290.940979	-778.141479
4526.990921	403.798950	289.362946	-786.791382
4526.994254	400.350677	288.486267	-795.967285
4526.997592	397.603760	287.784912	-805.493835
4527.000919	394.389252	286.557587	-814.085266
4527.004256	391.233215	285.271759	-824.079529
4527.007592	388.720032	283.576843	-833.489258
4527.010917	384.511963	282.583282	-843.424866
4527.015196	376.446533	279.076538	-861.542969
4527.018524	373.348938	276.972534	-870.368164
4527.021774	368.731750	275.745178	-878.842712
4527.025106	364.523682	273.991821	-888.018677
4527.028456	360.081818	272.589142	-896.960815
4527.031338	354.763306	270.601990	-905.610779
4527.034676	350.613678	269.082397	-915.838745
4527.038016	345.236694	266.744598	-924.488647
4527.041366	340.677979	264.991241	-932.963196
4527.044719	335.300995	262.478088	-941.496155
4527.047588	329.982483	260.140289	-949.737000
4527.050994	324.196381	258.562256	-958.562256
4527.054245	318.585632	255.756882	-966.978333
4527.057622	312.507294	253.711273	-975.336060
4527.060917	307.013428	252.016357	-983.986023
4527.064249	300.350677	248.860306	-992.752747
4527.067577	294.447693	246.347168	-1000.584412
4527.070934	287.960266	243.717117	-1009.234314
4527.074246	281.472839	240.911743	-1017.065979
4527.077578	274.985382	238.457031	-1024.956177
4527.080909	267.095245	235.651657	-1033.021606
4527.084246	260.432495	231.735825	-1041.028564
4527.087575	253.477509	228.755112	-1049.035645
4527.090908	245.938034	225.832840	-1056.224487
4527.094244	238.573929	222.092346	-1063.004150
4527.097576	231.618927	218.351837	-1071.946289
4527.100932	224.137924	215.078903	-1079.135010
4527.104246	216.306259	210.870834	-1086.791382
4527.107575	208.416122	206.955002	-1093.804810
4527.110907	200.350662	202.805374	-1100.876709
4527.114239	192.869659	198.421982	-1107.714722
4527.117581	184.102875	194.506134	-1115.020508
4527.120947	175.452942	189.538269	-1121.741699
4527.125522	158.971359	180.596130	-1135.125610
4527.128427	149.970779	175.452942	-1141.028564
4527.131757	141.671539	170.426651	-1147.282349
4527.135113	132.904739	166.101700	-1152.659180
4527.138491	123.787262	161.133835	-1157.977783
4527.141830	114.845123	156.165985	-1163.237915
4527.144716	105.552307	151.548798	-1168.497925
4527.148048	96.493279	147.048508	-1173.231934
4527.151334	87.551140	142.080658	-1177.557007
4527.154664	78.492111	136.937469	-1182.700195
4527.157577	69.842194	131.326706	-1185.856201
4527.160904	60.432495	126.534187	-1190.005859
4527.164240	50.964348	122.033897	-1192.986572
4527.167575	42.022209	116.656921	-1196.493286
4527.170901	32.086502	111.805962	-1199.123291
4527.174238	22.501461	107.013443	-1201.285889
4527.177569	13.325541	101.753365	-1204.617187
4527.180923	3.915838	96.785507	-1207.247314
4527.184234	-6.370543	91.992989	-1208.825195
4527.187570	-15.195791	86.908241	-1211.279907
4527.190898	-23.670368	82.115723	-1212.507324
4527.194236	-33.489189	76.797195	-1214.026978
4527.197571	-43.015781	72.472237	-1215.020508
4527.200900	-52.133255	67.095268	-1216.656982
4527.204234	-61.542957	62.419636	-1217.592041
4527.207572	-71.537109	57.218002	-1218.351807
4527.210898	-80.128578	52.133255	-1218.059692
4527.214231	-88.895378	47.048508	-1218.760986
4527.217565	-98.714203	41.846874	-1218.644043
4527.220896	-107.597900	36.353008	-1218.001221
4527.224264	-116.890701	31.502045	-1217.825806
4527.227561	-125.774399	25.949738	-1218.001221
4527.230895	-134.132080	20.806547	-1216.832275
4527.234230	-143.132675	16.014027	-1216.014038
4527.238906	-160.607834	5.026300	-1213.968506
4527.241763	-169.023972	-0.935126	-1212.331909
4527.245163	-177.381653	-6.136762	-1209.877319
4527.248496	-185.856216	-11.338399	-1208.825195
4527.251752	-194.389252	-16.072474	-1207.013428
4527.254655	-202.279373	-21.917007	-1204.909424
4527.257987	-210.344833	-26.709526	-1201.636475
4527.261317	-218.234940	-31.911165	-1199.415527
4527.264657	-226.183502	-36.703682	-1197.194580
4527.267587	-233.956741	-41.554649	-1194.564575
4527.270892	-241.028641	-47.106953	-1190.590332
4527.274227	-248.568085	-51.373463	-1187.141968
4527.277558	-256.282867	-55.815315	-1184.102783
4527.280889	-263.880768	-61.309177	-1180.011597
4527.284228	-270.660431	-65.575691	-1176.972534
4527.287563	-277.673859	-70.017532	-1172.589111
4527.290889	-284.745758	-74.459381	-1167.679687
4527.294227	-291.525421	-78.901222	-1163.413208
4527.297587	-297.954407	-83.576859	-1160.198730
4527.300895	-304.850952	-87.551140	-1155.172485
4527.304221	-311.572174	-91.525421	-1151.022827
4527.307556	-317.475159	-95.616600	-1146.464111
4527.310903	-324.313263	-99.415550	-1142.723511
4527.314227	-329.690247	-102.863823	-1137.405029
4527.317553	-335.593231	-107.422554	-1132.144897
4527.320884	-341.145538	-111.046173	-1127.586182
4527.324219	-347.282288	-114.260658	-1122.442993
4527.327586	-352.542389	-117.592049	-1117.124512
4527.330894	-358.211578	-121.917007	-1112.273560
4527.334227	-364.056122	-124.897720	-1106.078369
4527.337549	-369.199310	-127.936874	-1100.935181
4527.340889	-373.524261	-131.677383	-1095.441284
4527.344223	-378.667450	-135.008759	-1089.596802
4527.347548	-383.576843	-137.405029	-1085.388672
4527.351813	-392.518982	-143.015778	-1074.225586
4527.355193	-397.019287	-146.931625	-1068.497925
4527.358420	-401.110474	-149.035660	-1062.419556
4527.361735	-405.552307	-151.724136	-1057.276489
4527.365068	-409.994171	-154.938644	-1052.133301
4527.367973	-413.910004	-157.451782	-1046.171875
4527.371331	-417.825836	-160.724716	-1040.385742
4527.374637	-422.033875	-162.770309	-1034.716553
4527.377997	-425.365295	-165.692581	-1029.631836
4527.380885	-428.112213	-168.673294	-1023.670410
4527.384216	-431.852722	-170.835770	-1017.942688
4527.387548	-434.950317	-173.232025	-1012.565735
4527.390883	-437.931000	-176.154297	-1006.370544
4527.394224	-441.379303	-178.433670	-1000.818237
4527.397550	-444.535339	-181.122147	-995.967285
4527.400882	-447.399200	-183.810638	-990.064331
4527.404217	-450.555237	-185.973114	-984.395142
4527.407585	-453.302155	-188.194031	-978.725891
4527.410880	-455.698456	-190.239624	-973.582764
4527.414227	-457.744019	-192.577438	-968.907043
4527.417546	-460.023346	-194.973694	-963.939209
4527.420880	-462.594971	-197.019287	-958.153137
4527.424207	-464.991241	-198.889542	-952.425476
4527.427540	-467.153687	-200.993561	-947.925171
4527.430876	-469.900665	-202.454712	-941.905334
4527.434212	-471.595581	-204.558731	-937.405029
4527.437546	-473.874939	-206.253647	-932.086487
4527.440878	-475.628296	-207.773239	-927.293945
4527.444209	-477.031006	-208.942123	-922.793701
4527.447539	-479.894775	-210.520172	-917.182922
4527.450891	-482.115753	-211.689072	-912.098206
4527.454207	-483.284607	-213.383987	-908.065430
4527.457556	-485.154877	-214.319107	-903.389832
4527.461752	-488.018707	-216.364700	-894.798401
4527.465051	-489.362946	-217.124481	-889.012268
4527.468390	-489.947418	-218.527176	-884.687317
4527.471737	-491.759216	-219.637634	-880.654602
4527.475085	-492.811218	-220.397430	-875.978943
4527.477978	-494.097046	-221.507889	-871.946228
4527.481334	-494.798370	-222.209244	-868.205750
4527.484655	-495.733490	-222.910568	-863.588501
4527.487994	-497.428406	-224.371719	-860.140259
4527.490869	-498.012878	-224.897720	-856.107544
4527.494221	-499.590881	-225.832840	-852.659241
4527.497538	-500.701324	-227.060196	-848.977173
4527.500874	-501.636444	-227.995331	-845.295166
4527.504209	-502.396240	-228.229111	-841.262451
4527.507539	-502.922241	-229.281113	-837.229736
4527.510869	-504.324951	-230.040909	-833.372314
4527.514201	-504.967834	-231.151367	-830.800720
4527.517535	-505.143219	-231.502060	-827.118652
4527.520868	-505.727631	-232.028061	-823.611938
4527.524220	-506.370544	-233.430740	-820.806519
4527.527532	-507.013458	-233.606079	-817.007629
4527.530867	-507.714783	-234.950333	-814.319153
4527.534202	-507.714783	-235.710114	-811.689087
4527.537538	-508.416138	-236.294556	-808.299255
4527.540862	-509.234375	-236.762115	-805.610779
4527.544199	-508.883728	-238.047928	-803.156067
4527.547534	-509.760376	-238.515503	-800.935181
4527.550867	-509.760376	-239.216827	-799.240234
4527.554233	-510.111053	-239.450623	-796.843933
4527.557531	-509.643494	-240.210419	-794.272400
4527.560870	-510.461700	-240.502625	-792.285217
4527.564199	-511.279968	-241.788437	-790.239624
4527.567541	-511.163055	-241.496201	-788.194031
4527.572152	-512.331970	-242.489761	-784.219727
4527.575070	-512.156616	-242.840439	-782.641724
4527.578397	-512.039734	-243.483353	-780.596191
4527.581838	-512.624207	-243.658691	-779.427246
4527.585130	-512.215088	-244.301575	-777.206299
4527.587953	-513.033325	-244.593811	-776.154297
4527.591292	-512.682617	-244.593811	-773.991821
4527.594614	-513.208618	-244.652252	-773.465820
4527.597991	-513.500854	-244.886047	-771.829346
4527.601287	-513.208618	-245.704269	-770.835754
4527.604194	-513.442444	-245.236710	-770.368164
4527.607522	-514.319153	-245.236710	-769.842224
4527.610864	-513.851562	-245.879608	-769.725342
4527.614193	-513.793091	-245.704269	-768.439514
4527.617525	-513.384033	-246.054932	-768.205750
4527.620865	-513.559326	-245.938034	-768.088806
4527.624195	-512.916443	-246.347168	-767.562805
4527.627524	-514.552856	-245.762711	-767.504395
4527.630861	-513.793091	-245.938034	-767.913513
4527.634217	-513.559326	-246.054932	-767.329041
4527.637547	-513.676208	-245.996506	-767.562805
4527.640862	-514.377563	-246.639389	-767.270630
4527.644192	-514.026855	-246.990067	-767.329041
4527.647518	-514.085327	-246.814728	-767.504395
4527.650852	-513.968445	-246.931625	-768.030396
4527.654183	-513.208618	-246.990067	-768.322632
4527.657521	-513.267090	-247.223846	-768.205750
4527.660859	-512.857971	-247.574524	-769.082397
4527.664188	-512.390442	-247.574524	-769.082397
4527.667523	-512.507324	-247.574524	-770.075989
4527.670850	-512.507324	-247.866745	-770.543518
4527.674186	-512.156616	-248.217422	-771.653992
4527.677535	-512.098145	-248.042084	-772.706055
4527.682202	-511.572174	-249.035645	-774.985413
4527.685124	-511.396851	-248.743408	-775.511414
4527.688446	-511.338379	-249.678543	-776.855652
4527.691701	-511.104645	-249.152542	-778.725891
4527.695039	-510.695496	-248.918777	-780.245422
4527.697947	-510.227905	-249.503204	-781.414368
4527.701272	-509.818848	-249.561661	-782.933960
4527.704602	-509.643494	-248.977203	-784.862671
4527.707937	-508.766785	-249.503204	-787.142029
4527.711294	-508.942139	-249.035645	-789.362976
4527.714176	-508.649933	-248.977203	-790.648743
4527.717518	-508.591461	-248.743408	-792.811218
4527.720892	-507.890137	-248.509644	-795.558167
4527.724181	-507.656342	-248.217422	-797.077759
4527.727513	-507.305664	-248.743408	-799.006409
4527.730853	-506.779663	-247.925186	-802.104004
4527.734179	-506.253662	-247.691422	-804.383362
4527.737513	-505.143219	-247.574524	-806.954956
4527.740851	-504.909424	-246.873169	-809.935669
4527.744178	-504.734100	-246.405609	-813.208679
4527.747510	-504.324951	-245.879608	-816.423157
4527.750841	-504.032715	-245.645828	-817.592041
4527.754177	-503.039185	-245.528931	-821.157288
4527.757512	-503.156036	-244.710678	-823.904114
4527.760845	-502.279388	-244.652252	-827.001770
4527.764195	-501.227325	-244.535355	-829.982483
4527.767507	-500.818237	-243.132660	-833.196899
4527.770845	-499.941528	-242.957336	-837.521912
4527.774178	-499.415527	-242.665100	-841.846863
4527.777505	-498.538879	-241.846878	-843.950928
4527.780843	-497.136169	-241.028641	-847.749878
4527.784176	-495.908844	-240.677979	-851.315002
4527.787505	-495.207489	-240.385742	-855.347717
4527.790845	-494.155457	-239.742859	-858.503845
4527.795028	-492.285217	-239.099930	-865.984802
4527.798345	-491.350067	-238.807724	-871.127991
4527.801682	-490.181152	-238.340164	-875.219177
4527.805064	-489.129150	-237.638809	-878.550537
4527.807933	-487.609589	-237.463470	-882.349487
4527.811285	-486.323792	-236.586792	-887.083557
4527.814629	-484.687317	-235.826996	-891.233154
4527.817963	-483.226196	-235.184097	-895.850342
4527.821257	-482.583282	-234.365875	-900.350647
4527.824172	-481.122162	-233.606079	-904.734009
4527.827509	-479.134979	-233.313843	-908.474548
4527.830836	-477.031006	-232.554047	-913.910034
4527.834174	-475.745209	-231.151367	-917.475098
4527.837506	-473.758026	-230.800705	-922.501465
4527.840837	-472.647583	-230.333130	-926.884827
4527.844167	-470.660461	-228.755112	-931.969666
4527.847497	-469.199280	-228.053757	-936.762146
4527.850851	-466.978363	-226.592636	-940.677917
4527.854168	-464.640564	-225.540619	-945.470520
4527.857499	-463.120972	-224.021027	-950.204590
4527.860833	-460.783142	-222.501465	-954.997070
4527.864166	-458.328491	-221.507889	-960.841675
4527.867502	-456.633575	-220.046753	-965.634155
4527.870833	-453.769745	-218.819397	-970.952698
4527.874164	-451.665680	-217.066055	-976.154297
4527.877502	-449.094116	-214.552902	-980.537720
4527.880838	-447.399200	-213.033325	-985.973083
4527.884220	-444.886017	-212.039734	-991.700745
4527.887502	-442.139099	-209.877274	-996.960815
4527.890836	-439.801270	-208.357697	-1001.110474
4527.894184	-436.762146	-206.545883	-1006.136780
4527.897505	-434.015167	-204.617187	-1012.215027
4527.902127	-427.586212	-201.168915	-1022.676758
4527.905015	-424.897705	-199.941559	-1027.644653
4527.908367	-421.624817	-197.428406	-1032.904663
4527.911704	-417.708923	-194.915253	-1038.807617
4527.915099	-414.202209	-193.220337	-1044.184692
4527.917945	-410.987701	-190.765625	-1048.918701
4527.921260	-406.779663	-189.362946	-1054.120361
4527.924594	-403.506714	-186.908249	-1059.964966
4527.927921	-399.590881	-184.921097	-1064.874390
4527.931256	-395.850372	-182.700180	-1069.783813
4527.934165	-391.759216	-180.537704	-1075.043823
4527.937540	-387.317352	-178.024536	-1080.303955
4527.940824	-383.985962	-175.569839	-1086.440674
4527.944168	-379.953247	-173.465805	-1090.356567
4527.947494	-375.803619	-170.777313	-1096.317993
4527.950824	-370.835754	-168.264175	-1101.753296
4527.954151	-366.744598	-166.335480	-1105.844482
4527.957492	-362.010529	-163.471649	-1111.864380
4527.960826	-357.276428	-161.075394	-1116.364624
4527.964164	-352.542389	-158.620697	-1120.748169
4527.967491	-348.509644	-155.698425	-1126.475708
4527.970846	-343.717133	-152.834595	-1130.683838
4527.974178	-338.749268	-150.555237	-1135.067139
4527.977496	-333.781403	-147.282288	-1139.801270
4527.980856	-328.579773	-143.483337	-1144.009277
4527.984152	-323.904144	-141.145523	-1148.977173
4527.987501	-318.585632	-138.047928	-1153.535889
4527.990823	-312.682648	-134.307419	-1156.925781
4527.994152	-307.597900	-131.735825	-1160.783203
4527.997483	-302.220917	-128.638214	-1165.166626
4528.000825	-296.843964	-124.839272	-1168.322632
4528.004151	-290.882507	-121.975456	-1173.115112
4528.007487	-285.622467	-117.708946	-1176.738770
4528.010818	-279.310333	-114.260658	-1181.239014
4528.015016	-267.095245	-107.539452	-1187.551147
4528.018404	-261.309174	-103.097603	-1190.181152
4528.021748	-255.464645	-99.766220	-1193.804810
4528.025097	-248.860306	-96.201050	-1197.253052
4528.028337	-243.074219	-92.402107	-1200.350708
4528.031258	-236.820572	-88.486267	-1204.032715
4528.034581	-229.807144	-84.921097	-1206.312134
4528.037903	-223.611923	-80.303917	-1209.351196
4528.041244	-216.247803	-76.621857	-1211.572144
4528.044145	-210.461716	-72.413788	-1214.552856
4528.047480	-203.214508	-69.199303	-1217.124512
4528.050818	-196.727066	-64.757454	-1219.462280
4528.054151	-189.596725	-60.900055	-1221.507935
4528.057486	-182.232620	-56.633549	-1223.728882
4528.060815	-175.160736	-52.776154	-1225.131470
4528.064151	-168.088837	-48.568089	-1227.293945
4528.067553	-160.841614	-44.418468	-1228.930420
4528.070812	-153.009933	-40.444183	-1230.391602
4528.074153	-146.522491	-36.703682	-1231.209839
4528.077483	-139.392166	-32.495617	-1232.904663
4528.080810	-132.554062	-28.872004	-1233.664551
4528.084144	-124.839272	-24.547049	-1234.365845
4528.087479	-117.358269	-20.163647	-1235.710205
4528.090808	-109.760376	-16.890707	-1235.827026
4528.094147	-102.571594	-12.507306	-1236.002319
4528.097480	-95.149033	-8.299240	-1236.411499
4528.100815	-87.784920	-4.266511	-1236.177612
4528.104143	-79.894798	-0.058445	-1237.054321
4528.107480	-72.822914	4.441847	-1235.710205
4528.110810	-65.867912	8.649913	-1235.710205
4528.114145	-57.860901	12.916424	-1236.236084
4528.117487	-50.789009	16.773817	-1235.476318
4528.120805	-43.658680	21.215664	-1235.768555
4528.125081	-28.755114	28.988895	-1232.671021
4528.128412	-21.098774	33.781414	-1231.502075
4528.131661	-14.319112	37.521915	-1230.508545
4528.134980	-6.954997	41.729984	-1228.813599
4528.138318	1.052016	45.762711	-1226.826416
4528.141238	8.240795	50.321449	-1225.306763
4528.144562	15.546463	54.587959	-1223.553467
4528.147920	22.793688	58.503799	-1221.040283
4528.151258	30.333138	62.770306	-1219.053223
4528.154622	37.405025	67.270599	-1217.182861
4528.157478	44.067799	71.361771	-1214.611328
4528.160810	51.899475	75.336060	-1212.507324
4528.164135	59.322037	79.661018	-1209.584961
4528.167470	66.452370	83.401520	-1207.013428
4528.170806	73.641144	87.258911	-1203.331421
4528.174140	80.362358	91.642311	-1199.941528
4528.177469	87.668030	94.973701	-1197.603760
4528.180802	94.389252	99.240204	-1193.571045
4528.184139	102.045586	102.863823	-1190.940918
4528.187467	108.883690	107.130341	-1186.908203
4528.190800	116.014030	110.753944	-1183.167725
4528.194140	122.852135	114.728226	-1179.135010
4528.197487	129.631790	117.708946	-1175.511353
4528.200800	136.352997	121.566330	-1171.770874
4528.204140	142.665115	126.066628	-1167.562866
4528.207465	149.737000	129.222687	-1163.296265
4528.210799	156.049103	132.670944	-1159.029785
4528.214128	161.835175	135.943893	-1155.289307
4528.217464	168.965515	139.333725	-1150.847412
4528.220796	175.277618	142.372879	-1146.522461
4528.224129	181.589706	145.412033	-1142.314453
4528.227519	187.960251	148.801880	-1137.405029
4528.230803	194.038574	152.016373	-1132.963135
4528.234131	199.649323	155.347748	-1128.404419
4528.238783	211.630630	161.192291	-1118.468750
4528.241682	216.656921	164.289886	-1112.273560
4528.245000	222.501465	167.036819	-1108.825195
4528.248363	227.644653	170.192871	-1103.857422
4528.251714	233.196945	173.056702	-1099.240234
4528.254571	238.047928	175.628296	-1093.337280
4528.257922	242.957336	178.141434	-1088.369385
4528.261226	247.282288	181.297485	-1083.693848
4528.264559	252.600815	184.453537	-1077.498535
4528.267892	257.627136	186.557571	-1072.238403
4528.270828	263.062531	189.655167	-1066.569214
4528.274126	267.621277	192.226761	-1061.952148
4528.277463	272.296906	194.681473	-1056.341309
4528.280793	276.446533	197.311508	-1050.672119
4528.284139	281.648163	199.649323	-1045.061401
4528.287453	285.563995	202.513153	-1039.859741
4528.290793	290.298096	204.909424	-1033.313843
4528.294119	294.038574	206.662781	-1027.469360
4528.297461	298.597321	209.585052	-1022.910583
4528.300782	303.156036	211.396835	-1017.065979
4528.304122	307.071869	213.968445	-1011.455261
4528.307451	311.338409	216.481598	-1006.370544
4528.310790	314.494446	218.293411	-1000.526062
4528.314174	318.760956	220.455887	-995.441223
4528.317454	322.442993	222.092346	-989.012268
4528.320791	326.008179	224.605484	-984.161255
4528.324129	329.456451	226.534195	-978.258301
4528.327458	333.196960	228.345993	-971.712524
4528.330786	336.469910	229.865570	-966.978333
4528.334123	339.625946	231.794266	-962.010498
4528.337455	343.132660	233.606079	-956.282898
4528.340788	346.288727	235.534760	-950.438293
4528.344145	349.620117	236.645248	-944.652283
4528.347456	352.250153	238.457031	-939.567444
4528.352151	357.919342	240.561081	-928.988953
4528.354988	361.367645	242.080658	-924.021057
4528.358427	364.289886	243.191116	-919.053162
4528.361735	366.686157	244.476913	-912.858032
4528.364976	369.316193	245.821167	-907.890137
4528.367876	372.180023	247.165390	-901.578064
4528.371213	374.459381	247.983643	-897.428406
4528.374537	377.089417	249.269440	-892.168335
4528.377868	379.076538	250.555237	-886.966675
4528.381211	381.063690	251.490356	-882.115723
4528.384114	384.336639	252.893036	-876.680298
4528.387468	385.973114	254.061966	-872.355347
4528.390783	388.194031	254.821747	-866.978333
4528.394114	389.772064	256.107544	-862.185852
4528.397443	391.934540	256.575104	-857.276428
4528.400781	393.629456	257.393341	-853.243713
4528.404113	395.499695	259.263580	-848.451233
4528.407470	397.136200	259.731140	-844.009277
4528.410777	398.714203	260.549377	-838.106323
4528.414111	400.233795	261.192261	-834.541199
4528.417449	402.104034	262.302765	-829.865540
4528.420779	403.565155	263.237885	-825.248413
4528.424142	405.026306	263.530090	-819.988342
4528.427440	406.195221	264.348328	-816.423157
4528.430791	407.539459	265.517242	-812.799561
4528.434112	408.883728	266.393921	-807.714722
4528.437449	410.461700	267.212158	-803.214478
4528.440777	411.513763	267.971954	-798.947998
4528.444105	412.799561	269.433075	-794.739929
4528.447441	413.267090	269.140869	-790.765625
4528.450776	414.611328	270.426666	-786.674438
4528.454109	415.780273	270.952667	-782.232605
4528.457442	417.124512	271.712433	-777.849182
4528.460772	418.527161	271.829346	-773.874939
4528.465041	420.514282	273.348938	-765.575684
4528.468343	421.332550	273.816498	-762.887207
4528.471623	422.150818	275.102295	-758.971375
4528.474969	423.144348	274.400940	-754.938660
4528.478314	424.079468	274.751617	-751.607239
4528.481191	424.839264	275.160706	-748.217468
4528.484525	425.715973	275.628296	-744.476868
4528.487885	426.183502	275.511414	-741.437744
4528.491224	426.300415	276.504974	-737.755676
4528.494555	427.469299	276.212738	-734.774963
4528.497441	428.521362	276.504974	-731.911194
4528.500772	428.930481	276.855621	-728.930481
4528.504108	429.514893	277.381653	-725.949707
4528.507440	430.040924	277.615417	-723.202820
4528.510795	430.683807	277.557007	-720.455872
4528.514104	430.859131	277.966095	-717.942688
4528.517439	431.560455	278.725891	-715.371155
4528.520770	432.495605	278.784332	-712.974854
4528.524100	432.320251	279.193451	-710.403259
4528.527430	432.670959	279.544128	-707.948608
4528.530766	433.021637	279.836334	-705.435425
4528.534098	433.664520	279.544128	-703.156067
4528.537436	433.839844	280.187042	-701.285767
4528.540766	434.132111	280.128571	-699.298645
4528.544094	434.307434	280.596130	-697.311523
4528.547432	434.658112	280.713043	-695.499695
4528.550770	435.242554	281.122162	-693.337280
4528.554108	435.534760	281.472839	-691.408569
4528.557430	435.943878	281.239044	-689.187622
4528.560801	435.827026	281.706604	-687.258911
4528.564101	436.119232	282.349518	-686.206909
4528.567430	436.119232	282.524841	-684.687317
4528.570759	436.177673	282.758606	-683.167725
4528.574100	436.060760	282.875519	-680.479248
4528.578287	437.054352	283.459961	-677.615479
4528.581606	436.879028	283.284637	-676.972534
4528.584970	437.229675	283.752197	-674.517822
4528.588291	437.463470	283.635315	-672.413757
4528.591683	437.171265	283.167755	-671.595581
4528.594551	437.171265	283.343079	-670.368164
4528.597898	437.054352	283.869080	-669.725342
4528.601188	437.288147	283.927551	-668.731750
4528.604526	437.054352	284.687317	-667.036804
4528.607428	437.463470	284.395111	-665.751038
4528.610755	438.047943	284.511963	-665.283447
4528.614090	437.521942	284.745758	-663.822327
4528.617422	437.989471	284.511963	-663.530090
4528.620757	438.223267	285.096436	-662.653381
4528.624092	437.872589	284.921112	-661.718262
4528.627447	438.164795	285.447083	-660.666260
4528.630760	437.580353	284.921112	-660.374084
4528.634087	437.872589	285.505554	-660.724731
4528.637426	438.223267	285.271759	-660.549377
4528.640759	437.989471	285.447083	-660.023376
4528.644092	437.346588	285.388672	-658.971375
4528.647423	437.872589	285.330231	-659.497375
4528.650758	437.697266	285.505554	-658.912903
4528.654109	437.405029	285.447083	-659.555786
4528.657424	437.755676	285.505554	-658.620667
4528.660760	437.697266	285.330231	-658.620667
4528.664086	437.521942	285.856232	-659.848022
4528.667422	437.638794	286.090027	-659.205139
4528.670781	437.346588	285.973114	-660.666260
4528.674088	437.171265	285.680878	-661.016968
4528.677425	437.521942	285.914673	-661.192261
4528.680747	436.586823	285.914673	-661.952087
4528.684085	436.236084	286.674438	-663.004089
4528.688763	436.528351	286.557587	-663.413208
4528.691632	436.294556	286.323792	-663.822327
4528.695011	436.820557	286.966675	-664.523621
4528.698358	435.827026	286.674438	-666.160156
4528.701639	435.593231	286.908234	-666.627686
4528.704512	435.417877	287.609589	-667.913513
4528.707841	435.125641	287.375793	-667.971924
4528.711169	434.891907	287.375793	-668.614868
4528.714532	434.716553	287.434235	-669.959045
4528.717838	434.774963	287.317352	-671.829346
4528.720752	434.190521	287.551147	-673.348877
4528.724082	433.839844	287.784912	-673.816467
4528.727411	433.430725	287.668030	-675.862061
4528.730743	433.313843	287.784912	-676.621887
4528.734089	433.196960	287.668030	-677.089417
4528.737418	432.904724	287.843384	-679.076599
4528.740788	433.313843	287.843384	-680.362366
4528.744107	432.320251	287.843384	-681.531311
4528.747408	432.086517	287.668030	-683.810608
4528.750748	431.852722	288.194031	-685.505554
4528.754075	431.735840	287.901794	-687.551147
4528.757419	431.268250	287.784912	-689.187622
4528.760740	430.683807	287.434235	-691.583862
4528.764076	430.040924	288.077148	-693.454102
4528.767412	429.105804	287.551147	-694.856812
4528.770744	428.462891	287.551147	-697.545288
4528.774075	428.696686	287.843384	-698.772644
4528.777409	428.521362	287.668030	-700.993591
4528.780745	427.527771	287.434235	-704.149658
4528.784075	427.644623	287.200470	-706.253662
4528.787420	427.586212	287.142029	-708.416138
4528.790746	426.183502	287.609589	-712.098145
4528.794074	426.125061	287.609589	-714.903564
4528.797409	425.248383	287.142029	-716.481567
4528.801671	424.021057	286.674438	-721.449402
4528.804920	423.670380	286.499115	-723.670410
4528.808257	423.261261	286.849792	-727.527771
4528.811596	422.618347	286.557587	-729.631836
4528.814939	421.507874	286.791351	-733.372314
4528.817832	420.865021	286.674438	-736.002319
4528.821168	419.812958	286.557587	-739.333740
4528.824563	418.936310	286.382233	-742.022217
4528.827858	418.176514	286.148437	-745.996460
4528.831195	417.066040	285.914673	-748.743408
4528.834068	415.897125	285.330231	-751.548828
4528.837400	415.546478	285.622467	-754.120422
4528.840735	414.260681	285.154877	-757.276428
4528.844074	413.267090	284.804199	-760.549377
4528.847404	411.922852	284.804199	-764.640564
4528.850739	410.929291	285.096436	-767.679749
4528.854073	409.935699	284.628876	-770.543518
4528.857402	408.942139	284.921112	-774.342468
4528.860734	407.539459	284.278198	-778.550598
4528.864077	406.721222	283.985962	-781.765015
4528.867405	404.967834	283.109283	-785.154846
4528.870731	404.500305	283.226166	-788.486267
4528.874083	403.156036	282.992401	-792.226807
4528.877400	401.753387	282.407959	-796.142639
4528.880734	400.876678	282.291046	-799.298645
4528.884060	399.123322	281.531250	-803.565125
4528.887395	398.012848	281.239044	-807.247253
4528.890731	396.785492	280.946808	-811.221497
4528.894066	395.499695	280.187042	-815.721802
4528.897404	393.863251	279.953247	-818.760986
4528.900771	392.402100	279.076538	-823.144348
4528.904061	390.473419	278.842773	-827.527832
4528.907397	389.304504	278.375214	-831.151367
4528.910762	387.668030	277.673859	-850.146118
4528.914903	384.102875	276.037415	-845.236694
4528.918256	382.641724	275.745178	-848.801880
4528.921604	380.888367	274.868500	-853.185303
4528.924942	378.725891	274.225586	-856.516663
4528.927877	377.615417	273.290466	-862.010498
4528.931182	374.926941	272.296906	-866.452393
4528.934570	373.348938	271.595551	-870.660400
4528.937813	371.244873	270.601990	-875.336060
4528.941155	369.023956	270.543549	-880.303955
4528.944056	366.510834	269.374634	-883.986023
4528.947391	364.231445	268.264160	-888.895386
4528.950729	362.419617	267.796600	-892.518982
4528.954092	359.555817	267.095245	-897.662170
4528.957397	356.984222	265.458801	-902.279358
4528.960726	354.704865	264.465240	-907.364075
4528.964054	351.782593	263.413208	-912.624146
4528.967391	350.087677	262.711853	-916.656982
4528.970724	347.223846	261.601410	-921.157288
4528.974060	345.178253	260.490936	-924.839294
4528.977388	341.846863	259.322021	-930.099365
4528.980721	339.567505	258.562256	-936.002319
4528.984054	336.353027	257.977783	-939.450623
4528.987392	333.664520	256.341309	-944.360046
4528.990725	330.800690	255.464645	-949.094116
4528.994116	327.527771	253.828171	-954.003540
4528.997408	325.131500	252.659271	-958.912964
4529.000719	322.033905	251.607254	-963.179382
4529.004059	318.585632	250.496796	-967.913513
4529.007382	315.721802	249.327881	-972.472168
4529.010719	313.442413	247.925186	-976.914124
4529.014052	310.052612	245.762711	-981.472778
4529.017388	306.195221	244.827576	-986.031555
4529.020717	302.805389	243.424896	-991.057861
4529.024930	295.850372	239.625961	-1000.000000
4529.028264	292.928131	238.515503	-1003.798950
4529.031669	289.304504	237.580368	-1010.227966
4529.034974	286.440674	235.943893	-1014.962036
4529.038323	282.174164	233.781403	-1018.760986
4529.041190	278.667450	232.144958	-1023.319702
4529.044475	275.102295	229.807144	-1027.761597
4529.047820	271.011108	228.404449	-1033.547607
4529.051145	267.329041	226.358841	-1037.054321
4529.054051	263.763885	224.488586	-1041.437744
4529.057384	259.789581	222.559906	-1046.171875
4529.060719	255.406189	220.455887	-1051.373535
4529.064048	251.782578	219.228531	-1054.821777
4529.067383	247.165390	216.773819	-1059.497314
4529.070714	242.372864	214.611343	-1063.939209
4529.074044	238.573929	212.565750	-1067.972046
4529.077382	234.599640	210.637039	-1072.764526
4529.080714	230.333130	208.357697	-1077.966064
4529.084062	225.949738	205.844543	-1082.407959
4529.087379	221.274109	203.565170	-1086.382202
4529.090743	217.124481	202.104050	-1090.005859
4529.094043	212.331970	199.240204	-1095.149048
4529.097376	207.831665	197.253067	-1098.363525
4529.100709	202.922272	195.032150	-1102.746948
4529.104045	199.123322	192.869659	-1106.604248
4529.107369	193.512573	190.882523	-1110.169556
4529.110708	188.778503	187.960251	-1114.377563
4529.114041	184.161301	185.447113	-1118.644043
4529.117377	179.076569	182.933960	-1122.267700
4529.120712	174.167160	181.122147	-1126.125000
4529.124041	169.433075	178.550552	-1129.398071
4529.127406	164.231445	175.569839	-1132.729492
4529.130707	159.438919	173.056702	-1136.469971
4529.135386	150.029221	168.556396	-1142.606689
4529.138308	144.243134	165.225021	-1145.528931
4529.141652	139.567505	162.828751	-1149.211060
4529.144880	134.658096	159.848053	-1152.834595
4529.148225	129.514908	157.977798	-1156.224487
4529.151550	124.430153	154.412628	-1159.614258
4529.154461	118.819405	152.074814	-1162.711914
4529.157797	113.559319	148.860306	-1166.276978
4529.161128	108.942139	146.522491	-1167.913574
4529.164487	103.857399	143.483337	-1171.537109
4529.167368	98.363533	140.853302	-1173.758057
4529.170726	92.928108	137.814148	-1176.271118
4529.174037	88.427818	134.716537	-1179.193481
4529.177380	82.992401	131.268265	-1181.589722
4529.180705	77.381645	129.047348	-1184.278198
4529.184036	71.946228	125.832840	-1186.440674
4529.187372	67.036819	123.027466	-1189.129150
4529.190705	61.250729	120.222092	-1191.174805
4529.194039	55.289303	116.656921	-1193.512573
4529.197368	50.496788	114.026878	-1195.616577
4529.200704	44.886032	110.520157	-1196.376465
4529.204038	39.275276	107.539452	-1198.772583
4529.207366	34.307423	104.266510	-1200.759766
4529.210698	28.579777	101.168907	-1202.162476
4529.214061	22.910578	98.772644	-1203.915894
4529.217363	17.416716	96.259499	-1206.136841
4529.220700	11.981297	93.220345	-1207.071899
4529.224035	7.305669	90.356514	-1208.299316
4529.227369	1.753361	86.966690	-1209.584961
4529.230700	-4.441847	84.044418	-1211.572144
4529.234028	-10.111046	80.829926	-1213.910034
4529.237365	-15.429573	78.082993	-1214.435913
4529.240708	-20.689655	75.511398	-1215.897217
4529.244068	-26.300409	71.946228	-1216.189331
4529.248632	-37.346581	65.926361	-1218.118042
4529.251554	-42.431328	63.120979	-1218.644043
4529.254922	-47.106953	59.614258	-1219.520752
4529.258244	-52.191700	56.750443	-1219.754517
4529.261612	-58.036240	53.828167	-1220.981934
4529.264478	-63.004089	50.789009	-1222.033936
4529.267820	-68.147285	47.749855	-1221.449463
4529.271186	-73.641144	45.002922	-1221.741699
4529.274483	-78.316772	41.671539	-1222.793701
4529.277794	-83.459969	38.515488	-1223.085937
4529.280692	-88.836937	36.586792	-1223.027466
4529.284023	-94.097015	33.313854	-1223.085937
4529.287356	-99.123314	29.865574	-1222.793701
4529.290692	-103.448273	26.826418	-1222.150757
4529.294028	-108.591461	23.904150	-1222.033936
4529.297359	-113.500885	21.098774	-1222.559937
4529.300708	-117.650497	18.410286	-1221.975464
4529.304023	-123.027466	15.078900	-1222.618408
4529.307364	-127.235535	12.857978	-1221.274048
4529.310684	-131.969604	9.818819	-1221.390991
4529.314023	-137.112793	6.779661	-1220.631226
4529.317375	-141.203979	4.149620	-1220.338989
4529.320684	-146.171829	0.759790	-1219.812988
4529.324022	-150.905914	-2.104033	-1219.462280
4529.327355	-155.113968	-5.143191	-1218.994751
4529.330706	-160.140259	-7.890122	-1217.592041
4529.334020	-164.172989	-10.461719	-1216.715332
4529.337358	-168.790192	-13.442431	-1216.247803
4529.340691	-173.173584	-15.488018	-1215.195801
4529.344020	-177.498550	-18.644068	-1214.260620
4529.347354	-182.057266	-20.981882	-1213.734619
4529.350693	-186.499115	-23.845703	-1212.624146
4529.354019	-190.531845	-25.715956	-1211.572144
4529.357351	-194.564575	-28.404442	-1209.701904
4529.361571	-203.272934	-34.015198	-1207.480957
4529.364903	-207.305664	-36.353008	-1205.727661
4529.368272	-211.163071	-38.340153	-1205.201660
4529.371611	-215.663361	-41.496201	-1203.915894
4529.374899	-219.520752	-43.658680	-1201.519531
4529.377772	-223.378128	-46.464054	-1200.584473
4529.381108	-227.469330	-48.042080	-1198.772583
4529.384453	-230.800705	-51.256573	-1197.837524
4529.387788	-234.307434	-53.243713	-1196.960815
4529.390679	-238.223267	-55.815315	-1195.265991
4529.394016	-241.671539	-58.328461	-1194.389282
4529.397349	-244.944473	-60.666275	-1192.460571
4529.400682	-248.100525	-62.711864	-1190.765625
4529.404008	-251.548798	-64.523674	-1189.421387
4529.407349	-255.230850	-66.978378	-1187.551147
4529.410680	-258.153137	-69.316193	-1186.382202
4529.414009	-261.367645	-71.361771	-1184.570435
4529.417354	-264.406769	-73.407364	-1182.992310
4529.420705	-267.855042	-75.686737	-1181.706665
4529.424011	-270.894226	-77.849213	-1179.193481
4529.427342	-273.991821	-79.368790	-1177.557007
4529.430680	-277.206299	-81.940392	-1176.037354
4529.434015	-280.362366	-83.752190	-1174.225586
4529.437341	-282.758606	-85.505554	-1172.647583
4529.440674	-285.096436	-87.258911	-1171.011108
4529.444007	-287.609589	-89.012268	-1169.374634
4529.447368	-290.473419	-90.882523	-1167.796631
4529.450674	-293.103455	-93.045006	-1165.809448
4529.454011	-296.434845	-94.213905	-1163.997681
4529.457345	-298.714203	-96.142609	-1162.887207
4529.460674	-301.578033	-98.071304	-1161.542969
4529.464003	-304.149628	-99.006424	-1159.614258
4529.467340	-306.545868	-100.701347	-1157.334961
4529.471618	-311.279968	-104.617180	-1153.711304
4529.474948	-313.325562	-105.669197	-1152.367065
4529.478257	-316.072449	-107.773232	-1151.198120
