time (s)	det(V)
4523.532889	-0.014897	
4523.534585	-0.016721	
4523.536137	-0.007815	
4523.537849	-0.017217	
4523.539368	-0.032795	
4523.541116	-0.026490	
4523.542619	-0.027397	
4523.544399	-0.036694	
4523.545875	-0.041757	
4523.547654	-0.023195	
4523.549133	-0.025511	
4523.550907	-0.031155	
4523.552389	-0.017241	
4523.554155	-0.012403	
4523.555640	-0.027671	
4523.557384	-0.029254	
4523.558924	-0.028835	
4523.560417	-0.035820	
4523.562019	-0.039010	
4523.563521	-0.028331	
4523.565170	-0.016875	
4523.566665	-0.022494	
4523.568294	-0.012214	
4523.569828	-0.004298	
4523.571450	-0.014566	
4523.572943	-0.025205	
4523.574599	-0.018003	
4523.576085	-0.019924	
4523.577814	-0.021108	
4523.579299	-0.022780	
4523.580985	0.000157	
4523.582461	-0.000544	
4523.584158	-0.002977	
4523.585643	0.010486	
4523.587321	0.015352	
4523.588841	0.007243	
4523.590483	-0.001265	
4523.592033	0.011779	
4523.593738	0.000532	
4523.595299	-0.004431	
4523.596982	0.010458	
4523.598546	0.020468	
4523.600224	0.018627	
4523.601800	0.036984	
4523.603469	0.048034	
4523.605070	0.040525	
4523.606701	0.019215	
4523.608329	0.018998	
4523.609963	0.017439	
4523.611587	0.010880	
4523.613201	0.019312	
4523.614868	0.036150	
4523.616470	0.038523	
4523.618142	0.048787	
4523.619720	0.046092	
4523.621404	0.043518	
4523.623001	0.038237	
4523.624693	0.028210	
4523.626267	0.030555	
4523.627953	0.018260	
4523.629516	0.023666	
4523.631210	0.038112	
4523.632754	0.034736	
4523.634480	0.030519	
4523.635986	0.038974	
4523.637749	0.043409	
4523.639227	0.022990	
4523.640996	0.017696	
4523.642489	0.020895	
4523.644279	0.015251	
4523.645757	-0.003118	
4523.647553	0.008991	
4523.649034	0.009334	
4523.650787	0.009950	
4523.652287	0.015163	
4523.654012	0.013926	
4523.655529	-0.011287	
4523.657275	-0.012733	
4523.658802	-0.009958	
4523.660524	-0.020516	
4523.662058	-0.022740	
4523.663759	-0.019227	
4523.665305	-0.013700	
4523.666981	-0.023255	
4523.668547	-0.018554	
4523.670216	-0.015054	
4523.671822	-0.029314	
4523.673316	-0.038664	
4523.674961	-0.031453	
4523.676491	-0.044585	
4523.678106	-0.050648	
4523.679597	-0.052034	
4523.681243	-0.045580	
4523.682732	-0.044630	
4523.684366	-0.051273	
4523.685865	-0.043679	
4523.687509	-0.051381	
4523.688990	-0.070415	
4523.690669	-0.061609	
4523.692174	-0.046487	
4523.693827	-0.071410	
4523.695362	-0.081622	
4523.696965	-0.077013	
4523.698553	-0.070443	
4523.700125	-0.076312	
4523.701735	-0.065484	
4523.703376	-0.065730	
4523.704988	-0.079950	
4523.706605	-0.086734	
4523.708234	-0.075716	
4523.709846	-0.087858	
4523.711490	-0.101377	
4523.713084	-0.096289	
4523.714762	-0.083861	
4523.716337	-0.089505	
4523.718016	-0.088575	
4523.719573	-0.080876	
4523.721279	-0.085860	
4523.722842	-0.103842	
4523.724526	-0.100511	
4523.726077	-0.100003	
4523.727804	-0.112696	
4523.729302	-0.119782	
4523.731075	-0.100350	
4523.732553	-0.106070	
4523.734356	-0.107101	
4523.735835	-0.098037	
4523.737603	-0.103600	
4523.739091	-0.121095	
4523.740885	-0.130340	
4523.742361	-0.122819	
4523.744135	-0.137962	
4523.745630	-0.145253	
4523.747382	-0.135279	
4523.748885	-0.133986	
4523.750607	-0.146268	
4523.752132	-0.140649	
4523.753858	-0.145596	
4523.755398	-0.159695	
4523.757121	-0.176018	
4523.758667	-0.177033	
4523.760348	-0.194540	
4523.761899	-0.209207	
4523.763567	-0.213255	
4523.765141	-0.209811	
4523.766808	-0.224003	
4523.768407	-0.229932	
4523.770065	-0.233892	
4523.771671	-0.249280	
4523.773312	-0.277410	
4523.774910	-0.286208	
4523.776523	-0.305999	
4523.778182	-0.328316	
4523.779765	-0.345034	
4523.781436	-0.342895	
4523.782905	-0.363056	
4523.784487	-0.380273	
4523.785978	-0.386892	
4523.787607	-0.406518	
4523.789090	-0.436549	
4523.790727	-0.461533	
4523.792250	-0.477465	
4523.793819	-0.504527	
4523.795384	-0.530997	
4523.796918	-0.543368	
4523.798516	-0.559550	
4523.800104	-0.592695	
4523.801716	-0.613344	
4523.803261	-0.637252	
4523.804913	-0.668476	
4523.806409	-0.711357	
4523.808095	-0.737457	
4523.809584	-0.772289	
4523.811282	-0.818474	
4523.812762	-0.848888	
4523.814497	-0.869710	
4523.816014	-0.907903	
4523.817747	-0.947662	
4523.819224	-0.976719	
4523.820993	-1.019286	
4523.822474	-1.072718	
4523.824249	-1.116916	
4523.825735	-1.151004	
4523.827527	-1.215086	
4523.829002	-1.250286	
4523.830773	-1.282170	
4523.832269	-1.325527	
4523.834026	-1.377343	
4523.835524	-1.414855	
4523.837262	-1.464403	
4523.838783	-1.526488	
4523.840520	-1.585664	
4523.842066	-1.612496	
4523.843790	-1.625931	
4523.845327	-1.626040	
4523.847023	-1.625999	
4523.848576	-1.626084	
4523.850257	-1.625999	
4523.851824	-1.626088	
4523.853484	-1.626052	
4523.855090	-1.626152	
4523.856741	-1.626092	
4523.858336	-1.626136	
4523.859994	-1.626060	
4523.861612	-1.626124	
4523.863245	-1.626092	
4523.864881	-1.626092	
4523.866485	-1.625967	
4523.868148	-1.626044	
4523.869737	-1.626056	
4523.871415	-1.626092	
4523.872996	-1.626027	
4523.874679	-1.626164	
4523.876255	-1.626128	
4523.877965	-1.626173	
4523.879511	-1.626052	
4523.881216	-1.626108	
4523.882765	-1.625983	
4523.884484	-1.626027	
4523.886005	-1.626072	
4523.887733	-1.626032	
4523.889233	-1.626136	
4523.891005	-1.626056	
4523.892485	-1.626132	
4523.894257	-1.626040	
4523.895730	-1.626193	
4523.897345	-1.626181	
4523.898854	-1.626189	
4523.900417	-1.626144	
4523.901998	-1.626221	
4523.903491	-1.626152	
4523.905156	-1.626209	
4523.906641	-1.626173	
4523.908272	-1.626140	
4523.909787	-1.626084	
4523.911433	-1.626185	
4523.912906	-1.626128	
4523.914620	-1.626156	
4523.916093	-1.626104	
4523.917801	-1.626189	
4523.919286	-1.626249	
4523.920978	-1.626197	
4523.922463	-1.626217	
4523.924182	-1.626088	
4523.925667	-1.626350	
4523.927448	-1.626181	
4523.928934	-1.626156	
4523.930688	-1.626193	
4523.932186	-1.626261	
4523.933901	-1.626217	
4523.935423	-1.626313	
4523.937140	-1.626253	
4523.938685	-1.626338	
4523.940385	-1.626193	
4523.941925	-1.626310	
4523.943613	-1.626213	
4523.945190	-1.626342	
4523.946882	-1.626285	
4523.948465	-1.626406	
4523.950115	-1.626358	
4523.951705	-1.626426	
4523.953334	-1.626273	
4523.954942	-1.626531	
4523.956576	-1.626382	
4523.958188	-1.626547	
4523.959807	-1.626370	
4523.961460	-1.626474	
4523.963058	-1.626487	
4523.964728	-1.626595	
4523.966305	-1.626531	
4523.968020	-1.626648	
4523.969594	-1.626523	
4523.971278	-1.626620	
4523.972834	-1.626603	
4523.974523	-1.626656	
4523.976085	-1.626567	
4523.977811	-1.626644	
4523.979335	-1.626475	
4523.981076	-1.626539	
4523.982562	-1.626394	
4523.984335	-1.626422	
4523.985819	-1.626253	
4523.987588	-1.626382	
4523.989074	-1.626382	
4523.990855	-1.626289	
4523.992330	-1.626450	
4523.994111	-1.626225	
4523.995600	-1.626346	
4523.997339	-1.626301	
4523.998847	-1.626289	
4524.000585	-1.626297	
4524.002106	-1.626265	
4524.003825	-1.626144	
4524.005357	-1.626366	
4524.006886	-1.626237	
4524.008531	-1.626326	
4524.010032	-1.626237	
4524.011672	-1.626217	
4524.013194	-1.626297	
4524.014824	-1.626309	
4524.016317	-1.626209	
4524.017968	-1.626265	
4524.019447	-1.626152	
4524.021094	-1.626201	
4524.022577	-1.626229	
4524.024282	-1.626108	
4524.025763	-1.626100	
4524.027447	-1.626120	
4524.028932	-1.626140	
4524.030594	-1.626197	
4524.032112	-1.626193	
4524.033740	-1.626136	
4524.035295	-1.626205	
4524.036974	-1.626088	
4524.038545	-1.626205	
4524.040216	-1.626120	
4524.041793	-1.626132	
4524.043472	-1.626056	
4524.045060	-1.626104	
4524.046720	-1.626136	
4524.048319	-1.626132	
4524.049938	-1.626052	
4524.051557	-1.626116	
4524.053168	-1.626019	
4524.054826	-1.626164	
4524.056430	-1.626172	
4524.058062	-1.626152	
4524.059647	-1.625955	
4524.061347	-1.626092	
4524.062900	-1.626060	
4524.064604	-1.626023	
4524.066145	-1.625975	
4524.067870	-1.626088	
4524.069426	-1.625991	
4524.071141	-1.582900	
4524.072685	-1.402351	
4524.074417	-1.232118	
4524.075908	-1.068879	
4524.077676	-0.900604	
4524.079156	-0.741138	
4524.080952	-0.543598	
4524.082436	-0.385957	
4524.084193	-0.213868	
4524.085675	-0.043220	
4524.087421	0.148432	
4524.088922	0.294027	
4524.090696	0.473525	
4524.092202	0.640648	
4524.093943	0.817608	
4524.095458	0.978455	
4524.097189	1.175742	
4524.098717	1.351203	
4524.100415	1.514503	
4524.101964	1.619457	
4524.103674	1.629210	
4524.105226	1.629149	
4524.106915	1.629186	
4524.108485	1.629153	
4524.110154	1.629202	
4524.111736	1.629149	
4524.113393	1.629178	
4524.115013	1.629158	
4524.116525	1.629214	
4524.118167	1.629101	
4524.119642	1.629109	
4524.121273	1.629125	
4524.122746	1.629174	
4524.124379	1.629270	
4524.125865	1.629113	
4524.127503	1.629149	
4524.129001	1.629198	
4524.130583	1.629266	
4524.132121	1.629182	
4524.133747	1.629290	
4524.135296	1.629129	
4524.136909	1.629226	
4524.138486	1.629117	
4524.140077	1.629186	
4524.141695	1.629230	
4524.143263	1.629302	
4524.144887	1.629182	
4524.146392	1.629129	
4524.148085	1.629214	
4524.149662	1.629295	
4524.151351	1.629222	
4524.152931	1.629290	
4524.154627	1.629129	
4524.156199	1.629222	
4524.157888	1.629117	
4524.159437	1.629238	
4524.161147	1.629254	
4524.162653	1.629286	
4524.164376	1.629226	
4524.165856	1.629262	
4524.167636	1.629258	
4524.169112	1.629190	
4524.170879	1.629222	
4524.172362	1.629174	
4524.174144	1.629262	
4524.175620	1.629242	
4524.177384	1.629153	
4524.178879	1.629137	
4524.180626	1.629149	
4524.182136	1.629149	
4524.183842	1.629335	
4524.185378	1.629210	
4524.187084	1.629234	
4524.188635	1.629222	
4524.190343	1.629278	
4524.191889	1.629230	
4524.193568	1.629295	
4524.195132	1.629194	
4524.196794	1.629343	
4524.198367	1.629182	
4524.200016	1.629282	
4524.201628	1.629230	
4524.203254	1.629270	
4524.204881	1.629161	
4524.206493	1.629371	
4524.208141	1.629105	
4524.209749	1.629335	
4524.211424	1.629133	
4524.212997	1.629198	
4524.214692	1.629170	
4524.216269	1.629290	
4524.217971	1.629153	
4524.219549	1.629174	
4524.221237	1.629254	
4524.222791	1.629270	
4524.224487	1.629109	
4524.226028	1.629278	
4524.227749	1.629198	
4524.229238	1.629230	
4524.230801	1.629218	
4524.232295	1.629222	
4524.233896	1.629262	
4524.235425	1.629246	
4524.236966	1.629161	
4524.238587	1.629174	
4524.240076	1.629206	
4524.241754	1.629214	
4524.243243	1.629246	
4524.244889	1.629133	
4524.246401	1.629282	
4524.248083	1.629250	
4524.249558	1.629270	
4524.251249	1.629174	
4524.252720	1.629254	
4524.254428	1.629274	
4524.255905	1.629286	
4524.257624	1.629246	
4524.259125	1.629190	
4524.260833	1.629226	
4524.262309	1.629202	
4524.264081	1.629178	
4524.265567	1.629089	
4524.267317	1.629198	
4524.268825	1.629186	
4524.270560	1.629198	
4524.272083	1.629178	
4524.273807	1.629246	
4524.275341	1.629125	
4524.277042	1.629270	
4524.278578	1.629230	
4524.280275	1.629246	
4524.281834	1.629178	
4524.283524	1.629129	
4524.285096	1.629182	
4524.286755	1.629246	
4524.288353	1.629053	
4524.290009	1.629198	
4524.291601	1.629137	
4524.293242	1.629153	
4524.294860	1.629210	
4524.296499	1.629262	
4524.298179	1.629085	
4524.299759	1.629242	
4524.301447	1.629141	
4524.303036	1.629226	
4524.304704	1.629226	
4524.306298	1.629218	
4524.307960	1.629141	
4524.309535	1.629077	
4524.311245	1.629093	
4524.312804	1.629190	
4524.314512	1.629117	
4524.316060	1.629170	
4524.317767	1.629145	
4524.319275	1.629194	
4524.321020	1.629202	
4524.322502	1.629226	
4524.324287	1.629081	
4524.325769	1.629174	
4524.327558	1.629157	
4524.329048	1.629149	
4524.330829	1.629190	
4524.332308	1.629113	
4524.334079	1.629117	
4524.335569	1.627897	
4524.337338	1.600073	
4524.338865	1.509742	
4524.340354	1.459557	
4524.341951	1.427012	
4524.343451	1.386479	
4524.345094	1.328081	
4524.346586	1.311202	
4524.348229	1.277445	
4524.349756	1.242334	
4524.351407	1.217076	
4524.352897	1.193632	
4524.354553	1.155914	
4524.356021	1.114669	
4524.357745	1.086015	
4524.359230	1.055480	
4524.360932	1.015185	
4524.362413	0.985754	
4524.364126	0.964549	
4524.365600	0.946712	
4524.367294	0.914207	
4524.368809	0.892551	
4524.370464	0.874931	
4524.372013	0.836851	
4524.373727	0.801406	
4524.375257	0.789321	
4524.376952	0.753062	
4524.378510	0.726391	
4524.380193	0.700896	
4524.381762	0.703945	
4524.383442	0.661724	
4524.385029	0.653039	
4524.386665	0.636579	
4524.388278	0.606347	
4524.389906	0.579285	
4524.391507	0.566217	
4524.393135	0.538824	
4524.394792	0.509151	
4524.396379	0.487995	
4524.398051	0.500543	
4524.399620	0.480059	
4524.401302	0.450568	
4524.402879	0.448396	
4524.404554	0.430773	
4524.406103	0.405744	
4524.407822	0.381736	
4524.409389	0.367246	
4524.411103	0.340707	
4524.412640	0.330129	
4524.414379	0.328252	
4524.415880	0.323655	
4524.417647	0.305609	
4524.419126	0.301254	
4524.420914	0.287940	
4524.422411	0.256282	
4524.424194	0.245703	
4524.425680	0.245119	
4524.427452	0.229211	
4524.428928	0.211640	
4524.430708	0.209662	
4524.432196	0.208107	
4524.433934	0.189996	
4524.435452	0.186189	
4524.437207	0.191385	
4524.438723	0.177282	
4524.440442	0.154514	
4524.441975	0.145020	
4524.443691	0.140903	
4524.445244	0.124378	
4524.446927	0.124487	
4524.448513	0.131541	
4524.450005	0.121679	
4524.451654	0.118997	
4524.453173	0.116765	
4524.454823	0.107488	
4524.456305	0.094525	
4524.457938	0.091112	
4524.459420	0.085578	
4524.461075	0.073972	
4524.462570	0.074637	
4524.464197	0.077368	
4524.465702	0.082569	
4524.467408	0.074061	
4524.468899	0.087660	
4524.470561	0.083580	
4524.472067	0.071144	
4524.473718	0.059156	
4524.475258	0.062427	
4524.476871	0.052876	
4524.478448	0.057819	
4524.480026	0.057520	
4524.481624	0.062370	
4524.483247	0.052195	
4524.484878	0.064945	
4524.486496	0.064941	
4524.488165	0.064634	
4524.489764	0.047284	
4524.491399	0.046120	
4524.492999	0.040303	
4524.494684	0.036368	
4524.496248	0.039611	
4524.497928	0.049419	
4524.499481	0.050789	
4524.501192	0.050612	
4524.502737	0.052537	
4524.504445	0.059091	
4524.505990	0.036436	
4524.507717	0.043063	
4524.509211	0.038527	
4524.510974	0.034128	
4524.512454	0.034075	
4524.514228	0.041041	
4524.515714	0.044815	
4524.517487	0.040199	
4524.518980	0.050749	
4524.520778	0.053250	
4524.522255	0.039042	
4524.524044	0.034728	
4524.525537	0.039816	
4524.527294	0.023461	
4524.528806	0.027727	
4524.530526	0.035312	
4524.532057	0.036863	
4524.533783	0.032492	
4524.535311	0.043051	
4524.537013	0.041665	
4524.538562	0.032996	
4524.540265	0.027352	
4524.541824	0.031779	
4524.543509	0.014711	
4524.545069	0.015312	
4524.546718	0.017846	
4524.548304	0.017866	
4524.549959	0.014498	
4524.551558	0.020903	
4524.553198	0.026406	
4524.554812	0.017249	
4524.556428	0.003444	
4524.558088	0.010445	
4524.559676	0.004766	
4524.561345	-0.006381	
4524.562817	-0.001974	
4524.564381	0.002937	
4524.565855	0.008524	
4524.567473	-0.000125	
4524.568961	0.012500	
4524.570554	0.013406	
4524.572092	0.000169	
4524.573630	-0.013853	
4524.575207	-0.000201	
4524.576772	-0.018188	
4524.578375	-0.020971	
4524.579933	-0.013737	
4524.581556	-0.000939	
4524.583070	-0.008512	
4524.584755	-0.004963	
4524.586228	0.003235	
4524.587917	-0.001567	
4524.589398	-0.016846	
4524.591110	-0.012274	
4524.592598	-0.013507	
4524.594325	-0.025552	
4524.595804	-0.028807	
4524.597596	-0.009881	
4524.599080	-0.008987	
4524.600842	-0.014929	
4524.602327	-0.004786	
4524.604096	0.000673	
4524.605575	-0.018820	
4524.607345	-0.023123	
4524.608839	-0.008915	
4524.610586	-0.023392	
4524.612102	-0.025499	
4524.613825	-0.017922	
4524.615350	-0.005567	
4524.617044	-0.017084	
4524.618583	-0.002006	
4524.620284	0.000322	
4524.621851	-0.005430	
4524.623532	-0.021237	
4524.625087	-0.014168	
4524.626745	-0.013644	
4524.628331	-0.024935	
4524.629994	-0.017592	
4524.631588	-0.004133	
4524.633231	-0.007259	
4524.634840	-0.007976	
4524.636441	0.006510	
4524.638111	0.003110	
4524.639702	-0.014248	
4524.641366	-0.007235	
4524.642961	-0.011348	
4524.644648	-0.016186	
4524.646215	-0.019267	
4524.647913	-0.000822	
4524.649473	-0.001724	
4524.651179	0.000786	
4524.652726	0.008967	
4524.654406	0.011392	
4524.655930	-0.005338	
4524.657665	0.000056	
4524.659163	-0.007420	
4524.660940	-0.009644	
4524.662420	-0.014449	
4524.664185	-0.002167	
4524.665669	0.007319	
4524.667432	0.001789	
4524.668910	0.005672	
4524.670680	0.012089	
4524.672184	-0.000153	
4524.673945	-0.012206	
4524.675456	-0.007239	
4524.677029	-0.020271	
4524.678582	-0.022176	
4524.680090	-0.021640	
4524.681750	-0.007972	
4524.683241	-0.013930	
4524.684865	-0.018998	
4524.686388	-0.009310	
4524.688024	-0.011227	
4524.689504	-0.022712	
4524.691155	-0.028271	
4524.692631	-0.023465	
4524.694339	-0.038877	
4524.695818	-0.041085	
4524.697522	-0.032492	
4524.699001	-0.028674	
4524.700690	-0.039087	
4524.702187	-0.033830	
4524.703862	-0.031167	
4524.705395	-0.041729	
4524.707120	-0.056421	
4524.708645	-0.056340	
4524.710349	-0.067861	
4524.711886	-0.076067	
4524.713565	-0.070000	
4524.715116	-0.062677	
4524.716792	-0.074061	
4524.718369	-0.064316	
4524.720022	-0.066725	
4524.721622	-0.078278	
4524.723262	-0.092228	
4524.724875	-0.092805	
4524.726505	-0.102686	
4524.728128	-0.113748	
4524.729738	-0.115693	
4524.731419	-0.107254	
4524.732989	-0.117627	
4524.734668	-0.118199	
4524.736243	-0.117196	
4524.737939	-0.122380	
4524.739515	-0.141136	
4524.741198	-0.143569	
4524.742764	-0.151489	
4524.744481	-0.166478	
4524.746024	-0.170350	
4524.747737	-0.163336	
4524.749247	-0.164952	
4524.751015	-0.181242	
4524.752515	-0.167945	
4524.754267	-0.171985	
4524.755758	-0.195309	
4524.757530	-0.203789	
4524.759012	-0.201742	
4524.760789	-0.220546	
4524.762267	-0.231963	
4524.764016	-0.219028	
4524.765509	-0.219684	
4524.767261	-0.231310	
4524.768769	-0.231169	
4524.770529	-0.234799	
4524.772051	-0.251194	
4524.773779	-0.266062	
4524.775301	-0.267851	
4524.776992	-0.286587	
4524.778541	-0.304944	
4524.780216	-0.297451	
4524.781782	-0.294881	
4524.783451	-0.310793	
4524.785065	-0.311430	
4524.786552	-0.312332	
4524.788180	-0.325625	
4524.789699	-0.350299	
4524.791332	-0.357473	
4524.792813	-0.363447	
4524.794447	-0.389096	
4524.795932	-0.391392	
4524.797577	-0.394675	
4524.799072	-0.411404	
4524.800704	-0.421403	
4524.802205	-0.417636	
4524.803892	-0.427240	
4524.805397	-0.449126	
4524.807045	-0.476575	
4524.808572	-0.480820	
4524.810189	-0.506150	
4524.811755	-0.528870	
4524.813337	-0.546554	
4524.814964	-0.550667	
4524.816511	-0.569987	
4524.818150	-0.589242	
4524.819753	-0.601895	
4524.821440	-0.622432	
4524.823044	-0.662671	
4524.824692	-0.675598	
4524.826299	-0.703220	
4524.827973	-0.745006	
4524.829556	-0.777276	
4524.831258	-0.781671	
4524.832818	-0.808085	
4524.834531	-0.842418	
4524.836094	-0.868530	
4524.837795	-0.893377	
4524.839349	-0.936033	
4524.841059	-0.970136	
4524.842594	-1.005155	
4524.844351	-1.054042	
4524.845851	-1.094011	
4524.847629	-1.119591	
4524.849107	-1.148337	
4524.850878	-1.203352	
4524.852356	-1.230648	
4524.854120	-1.262234	
4524.855607	-1.313019	
4524.857390	-1.368690	
4524.858864	-1.407012	
4524.860631	-1.464697	
4524.862128	-1.516703	
4524.863872	-1.559141	
4524.865392	-1.596141	
4524.867124	-1.622692	
4524.868657	-1.626100	
4524.870369	-1.626027	
4524.871909	-1.626120	
4524.873626	-1.626027	
4524.875169	-1.626120	
4524.876832	-1.626019	
4524.878397	-1.626056	
4524.880075	-1.626027	
4524.881665	-1.626044	
4524.883294	-1.626011	
4524.884899	-1.626092	
4524.886544	-1.626011	
4524.888141	-1.626156	
4524.889755	-1.625935	
4524.891406	-1.626128	
4524.892994	-1.626007	
4524.894664	-1.626201	
4524.896229	-1.625991	
4524.897916	-1.626088	
4524.899386	-1.626156	
4524.900963	-1.626128	
4524.902454	-1.626116	
4524.904114	-1.626080	
4524.905615	-1.626213	
4524.907219	-1.626092	
4524.908752	-1.626176	
4524.910303	-1.626044	
4524.911898	-1.626084	
4524.913384	-1.626120	
4524.915013	-1.626116	
4524.916564	-1.626112	
4524.918170	-1.626132	
4524.919703	-1.626080	
4524.921367	-1.626173	
4524.922854	-1.626068	
4524.924561	-1.626116	
4524.926046	-1.626172	
4524.927772	-1.626140	
4524.929316	-1.626104	
4524.931042	-1.626084	
4524.932552	-1.626056	
4524.934308	-1.626128	
4524.935800	-1.626031	
4524.937568	-1.626120	
4524.939059	-1.626124	
4524.940840	-1.626148	
4524.942320	-1.626088	
4524.944116	-1.626104	
4524.945592	-1.626136	
4524.947365	-1.626160	
4524.948854	-1.626164	
4524.950585	-1.626104	
4524.952089	-1.626205	
4524.953816	-1.626152	
4524.955337	-1.626168	
4524.957070	-1.626144	
4524.958599	-1.626269	
4524.960301	-1.626176	
4524.961853	-1.626221	
4524.963535	-1.626084	
4524.965106	-1.626176	
4524.966776	-1.626177	
4524.968360	-1.626176	
4524.970002	-1.626152	
4524.971611	-1.626241	
4524.973259	-1.626064	
4524.974861	-1.626237	
4524.976480	-1.626084	
4524.978110	-1.626330	
4524.979702	-1.626213	
4524.981364	-1.626245	
4524.982951	-1.626144	
4524.984615	-1.626249	
4524.986196	-1.626313	
4524.987868	-1.626293	
4524.989442	-1.626213	
4524.991139	-1.626261	
4524.992693	-1.626225	
4524.994398	-1.626338	
4524.995937	-1.626197	
4524.997665	-1.626213	
4524.999179	-1.626197	
4525.000935	-1.626269	
4525.002419	-1.626176	
4525.004198	-1.626318	
4525.005690	-1.626277	
4525.007478	-1.626269	
4525.008957	-1.626213	
4525.010741	-1.626245	
4525.012224	-1.626322	
4525.013817	-1.626277	
4525.015348	-1.626325	
4525.016905	-1.626164	
4525.018521	-1.626297	
4525.020006	-1.626257	
4525.021668	-1.626297	
4525.023152	-1.626225	
4525.024797	-1.626309	
4525.026296	-1.626241	
4525.028008	-1.626354	
4525.029482	-1.626213	
4525.031199	-1.626269	
4525.032675	-1.626325	
4525.034390	-1.626297	
4525.035876	-1.626261	
4525.037604	-1.626176	
4525.039086	-1.626209	
4525.040799	-1.626185	
4525.042276	-1.626185	
4525.044064	-1.626245	
4525.045547	-1.626322	
4525.047311	-1.626205	
4525.048802	-1.626193	
4525.050553	-1.626164	
4525.052067	-1.626269	
4525.053796	-1.626140	
4525.055314	-1.626193	
4525.057025	-1.626128	
4525.058556	-1.626197	
4525.060250	-1.626015	
4525.061807	-1.626148	
4525.063491	-1.626140	
4525.065057	-1.626265	
4525.066706	-1.626036	
4525.068288	-1.626148	
4525.069929	-1.626060	
4525.071543	-1.626173	
4525.073181	-1.626011	
4525.074782	-1.626241	
4525.076401	-1.626076	
4525.078055	-1.626185	
4525.079641	-1.626044	
4525.081319	-1.626136	
4525.082902	-1.626032	
4525.084580	-1.626164	
4525.086168	-1.626088	
4525.087840	-1.626088	
4525.089400	-1.626112	
4525.091101	-1.626176	
4525.092631	-1.626108	
4525.094357	-1.626132	
4525.095864	-1.626120	
4525.097619	-1.626172	
4525.099101	-1.626124	
4525.100880	-1.626084	
4525.102368	-1.626044	
4525.104156	-1.626104	
4525.105635	-1.626088	
4525.107439	-1.626092	
4525.108919	-1.626108	
4525.110696	-1.626060	
4525.112175	-1.626124	
4525.113911	-1.626072	
4525.115411	-1.626136	
4525.117160	-1.625983	
4525.118677	-1.626088	
4525.120419	-1.626048	
4525.121947	-1.626064	
4525.123651	-1.625895	
4525.125195	-1.603888	
4525.126697	-1.474812	
4525.128334	-1.370068	
4525.129827	-1.272176	
4525.131454	-1.158110	
4525.132974	-1.059042	
4525.134613	-0.950563	
4525.136087	-0.837810	
4525.137728	-0.727809	
4525.139206	-0.645321	
4525.140843	-0.548432	
4525.142326	-0.434039	
4525.144046	-0.340550	
4525.145532	-0.249397	
4525.147212	-0.126997	
4525.148732	-0.012818	
4525.150371	0.093461	
4525.151910	0.205690	
4525.153547	0.329686	
4525.155101	0.430406	
4525.156788	0.527569	
4525.158352	0.639113	
4525.160034	0.742637	
4525.161634	0.835055	
4525.163287	0.922377	
4525.164901	1.048507	
4525.166552	1.142786	
4525.168142	1.238020	
4525.169775	1.343405	
4525.171389	1.434050	
4525.173000	1.514882	
4525.174675	1.599759	
4525.176254	1.628110	
4525.177944	1.629161	
4525.179515	1.629222	
4525.181209	1.629174	
4525.182795	1.629222	
4525.184466	1.629073	
4525.186019	1.629226	
4525.187737	1.629170	
4525.189275	1.629174	
4525.191017	1.629158	
4525.192510	1.629202	
4525.194266	1.629153	
4525.195748	1.629133	
4525.197509	1.629141	
4525.198995	1.629121	
4525.200770	1.629121	
4525.202256	1.629182	
4525.204050	1.629190	
4525.205525	1.629206	
4525.207303	1.629190	
4525.208795	1.629041	
4525.210554	1.629226	
4525.212065	1.629125	
4525.213801	1.629190	
4525.215324	1.629270	
4525.217060	1.629270	
4525.218586	1.629174	
4525.220304	1.629234	
4525.221846	1.629129	
4525.223539	1.629286	
4525.225090	1.629121	
4525.226766	1.629262	
4525.228344	1.629177	
4525.230007	1.629274	
4525.231607	1.629081	
4525.233254	1.629371	
4525.234856	1.629162	
4525.236374	1.629190	
4525.238019	1.629198	
4525.239511	1.629178	
4525.241160	1.629073	
4525.242632	1.629101	
4525.244276	1.629182	
4525.245759	1.629182	
4525.247406	1.629234	
4525.248885	1.629149	
4525.250479	1.629202	
4525.252006	1.629146	
4525.253663	1.629174	
4525.255203	1.629169	
4525.256814	1.629182	
4525.258391	1.629069	
4525.259984	1.629238	
4525.261587	1.629101	
4525.263137	1.629198	
4525.264764	1.629153	
4525.266271	1.629246	
4525.267957	1.629157	
4525.269555	1.629282	
4525.271230	1.629190	
4525.272801	1.629153	
4525.274505	1.629198	
4525.276053	1.629266	
4525.277767	1.629174	
4525.279305	1.629250	
4525.281021	1.629161	
4525.282557	1.629174	
4525.284276	1.629254	
4525.285776	1.629113	
4525.287564	1.629266	
4525.289042	1.629214	
4525.290810	1.629246	
4525.292289	1.629190	
4525.294074	1.629234	
4525.295552	1.629162	
4525.297297	1.629137	
4525.298801	1.629105	
4525.300580	1.629194	
4525.302080	1.629146	
4525.303822	1.629290	
4525.305329	1.629194	
4525.307049	1.629182	
4525.308576	1.629166	
4525.310287	1.629258	
4525.311828	1.629202	
4525.313534	1.629298	
4525.315096	1.629153	
4525.316771	1.629266	
4525.318339	1.629141	
4525.320000	1.629262	
4525.321581	1.629165	
4525.323218	1.629331	
4525.324828	1.629174	
4525.326446	1.629274	
4525.328087	1.629041	
4525.329699	1.629238	
4525.331354	1.629137	
4525.332948	1.629230	
4525.334604	1.629089	
4525.336193	1.629218	
4525.337874	1.629081	
4525.339434	1.629198	
4525.341144	1.629190	
4525.342691	1.629121	
4525.344382	1.629186	
4525.345870	1.629145	
4525.347437	1.629230	
4525.348933	1.629065	
4525.350546	1.629262	
4525.352077	1.629077	
4525.353641	1.629218	
4525.355194	1.629089	
4525.356700	1.629218	
4525.358354	1.629190	
4525.359845	1.629133	
4525.361484	1.629194	
4525.363028	1.629262	
4525.364679	1.629093	
4525.366157	1.629238	
4525.367856	1.629162	
4525.369337	1.629174	
4525.371072	1.629129	
4525.372548	1.629101	
4525.374272	1.629194	
4525.375757	1.629222	
4525.377448	1.629202	
4525.378925	1.629158	
4525.380702	1.629182	
4525.382184	1.629162	
4525.383944	1.629222	
4525.385444	1.629105	
4525.387213	1.629214	
4525.388714	1.629222	
4525.390458	1.629145	
4525.391981	1.629065	
4525.393687	1.629153	
4525.395219	1.629165	
4525.396909	1.629182	
4525.398446	1.629214	
4525.400137	1.629218	
4525.401707	1.629121	
4525.403403	1.629238	
4525.404980	1.629021	
4525.406631	1.629149	
4525.408215	1.629178	
4525.409854	1.629186	
4525.411457	1.629069	
4525.413065	1.629314	
4525.414729	1.629218	
4525.416314	1.629282	
4525.418001	1.629141	
4525.419595	1.629226	
4525.421259	1.629178	
4525.422848	1.629226	
4525.424527	1.629113	
4525.426083	1.629129	
4525.427791	1.629161	
4525.429344	1.629190	
4525.431038	1.629093	
4525.432574	1.629218	
4525.434294	1.629165	
4525.435809	1.629169	
4525.437538	1.629133	
4525.439032	1.629137	
4525.440826	1.629182	
4525.442310	1.629174	
4525.444084	1.629174	
4525.445560	1.629198	
4525.447334	1.629226	
4525.448821	1.629101	
4525.450577	1.629149	
4525.452089	1.629101	
4525.453834	1.629069	
4525.455368	1.629081	
4525.456862	1.629081	
4525.458470	1.629121	
4525.459965	1.629137	
4525.461604	1.629218	
4525.463101	1.629162	
4525.464727	1.628968	
4525.466251	1.627204	
4525.467887	1.595211	
4525.469366	1.548567	
4525.471022	1.509295	
4525.472506	1.472585	
4525.474217	1.414069	
4525.475695	1.395958	
4525.477411	1.353556	
4525.478894	1.313208	
4525.480565	1.291520	
4525.482067	1.273348	
4525.483723	1.231337	
4525.485251	1.207122	
4525.486874	1.187561	
4525.488441	1.152519	
4525.490122	1.106491	
4525.491679	1.085314	
4525.493352	1.050328	
4525.494926	1.016688	
4525.496592	0.993323	
4525.498182	0.980924	
4525.499822	0.963566	
4525.501451	0.934135	
4525.503090	0.911738	
4525.504709	0.888680	
4525.506324	0.844106	
4525.507985	0.831852	
4525.509585	0.814087	
4525.511259	0.780600	
4525.512823	0.757699	
4525.514528	0.745400	
4525.516086	0.736679	
4525.517767	0.714358	
4525.519332	0.703276	
4525.521025	0.691139	
4525.522581	0.659581	
4525.524302	0.643717	
4525.525806	0.633711	
4525.527552	0.606931	
4525.529036	0.594866	
4525.530817	0.588526	
4525.532302	0.578825	
4525.534077	0.563264	
4525.535564	0.559775	
4525.537342	0.552013	
4525.538821	0.532826	
4525.540590	0.511826	
4525.542088	0.505341	
4525.543848	0.488498	
4525.545362	0.471060	
4525.547089	0.472748	
4525.548611	0.474254	
4525.550347	0.458318	
4525.551889	0.455764	
4525.553614	0.441109	
4525.555165	0.434426	
4525.556859	0.409982	
4525.558412	0.408564	
4525.560083	0.402022	
4525.561646	0.380471	
4525.563313	0.368898	
4525.564894	0.376265	
4525.566554	0.364132	
4525.568151	0.359016	
4525.569678	0.362807	
4525.571325	0.349650	
4525.572811	0.321174	
4525.574454	0.314785	
4525.575945	0.302458	
4525.577570	0.280198	
4525.579065	0.269168	
4525.580705	0.270425	
4525.582182	0.269628	
4525.583786	0.248946	
4525.585291	0.252962	
4525.586935	0.249824	
4525.588482	0.231487	
4525.590120	0.189259	
4525.591703	0.186749	
4525.593280	0.182447	
4525.594886	0.156565	
4525.596433	0.140983	
4525.598060	0.140729	
4525.599678	0.128193	
4525.601361	0.110622	
4525.602977	0.110328	
4525.604619	0.101002	
4525.606220	0.067631	
4525.607912	0.042189	
4525.609486	0.028512	
4525.611183	0.003404	
4525.612736	-0.017181	
4525.614428	-0.026003	
4525.615989	-0.034631	
4525.617688	-0.054100	
4525.619247	-0.059309	
4525.620956	-0.073195	
4525.622467	-0.103919	
4525.624224	-0.129510	
4525.625705	-0.134888	
4525.627477	-0.165560	
4525.628959	-0.182217	
4525.630733	-0.187861	
4525.632213	-0.197891	
4525.633996	-0.217566	
4525.635473	-0.223677	
4525.637246	-0.234114	
4525.638736	-0.263025	
4525.640475	-0.285632	
4525.641986	-0.294216	
4525.643700	-0.319124	
4525.645224	-0.341718	
4525.646923	-0.344715	
4525.648477	-0.349215	
4525.650162	-0.371838	
4525.651725	-0.380608	
4525.653422	-0.384318	
4525.654996	-0.403674	
4525.656653	-0.421237	
4525.658239	-0.434237	
4525.659894	-0.449734	
4525.661502	-0.467873	
4525.663119	-0.476151	
4525.664750	-0.480107	
4525.666378	-0.493687	
4525.668011	-0.501836	
4525.669614	-0.502267	
4525.671281	-0.518070	
4525.672864	-0.540633	
4525.674550	-0.554192	
4525.676021	-0.559135	
4525.677603	-0.578467	
4525.679080	-0.598435	
4525.680715	-0.598246	
4525.682204	-0.597138	
4525.683802	-0.616679	
4525.685332	-0.613404	
4525.686888	-0.625272	
4525.688506	-0.641566	
4525.689985	-0.660431	
4525.691630	-0.669011	
4525.693197	-0.680573	
4525.694809	-0.700203	
4525.696346	-0.711289	
4525.698020	-0.705673	
4525.699501	-0.724159	
4525.701207	-0.737626	
4525.702690	-0.743592	
4525.704390	-0.754065	
4525.705870	-0.780342	
4525.707574	-0.800149	
4525.709059	-0.810341	
4525.710836	-0.834499	
4525.712321	-0.865710	
4525.714101	-0.864183	
4525.715583	-0.871777	
4525.717355	-0.899230	
4525.718833	-0.904056	
4525.720576	-0.924782	
4525.722076	-0.957101	
4525.723829	-0.983970	
4525.725331	-0.997537	
4525.727060	-1.029550	
4525.728576	-1.054215	
4525.730312	-1.076202	
4525.731856	-1.084593	
4525.733550	-1.120957	
4525.735105	-1.136159	
4525.736810	-1.158803	
4525.738361	-1.187364	
4525.740025	-1.226410	
4525.741592	-1.246137	
4525.743252	-1.281562	
4525.744845	-1.314058	
4525.746484	-1.349934	
4525.748108	-1.366591	
4525.749726	-1.403354	
4525.751367	-1.436668	
4525.752972	-1.463984	
4525.754604	-1.495288	
4525.756215	-1.543282	
4525.757871	-1.577015	
4525.759448	-1.603175	
4525.761144	-1.624597	
4525.762699	-1.625947	
4525.764396	-1.625959	
4525.765941	-1.626060	
4525.767629	-1.626156	
4525.769161	-1.625991	
4525.770889	-1.626076	
4525.772379	-1.626064	
4525.774149	-1.626060	
4525.775630	-1.626088	
4525.777423	-1.625967	
4525.778907	-1.626076	
4525.780675	-1.626092	
4525.782156	-1.626088	
4525.783923	-1.626044	
4525.785445	-1.626088	
4525.786937	-1.626108	
4525.788505	-1.626072	
4525.790018	-1.626132	
4525.791650	-1.626076	
4525.793141	-1.626048	
4525.794775	-1.626096	
4525.796290	-1.626080	
4525.797927	-1.626084	
4525.799409	-1.626036	
4525.801054	-1.626132	
4525.802539	-1.626040	
4525.804244	-1.626140	
4525.805734	-1.626136	
4525.807445	-1.626088	
4525.808925	-1.626116	
4525.810619	-1.626019	
4525.812095	-1.626168	
4525.813769	-1.626088	
4525.815282	-1.626096	
4525.816932	-1.626108	
4525.818478	-1.626084	
4525.820160	-1.626064	
4525.821713	-1.626144	
4525.823371	-1.626011	
4525.824952	-1.626124	
4525.826605	-1.626007	
4525.828189	-1.626112	
4525.829845	-1.625995	
4525.831438	-1.626132	
4525.833081	-1.626064	
4525.834706	-1.626217	
4525.836310	-1.625931	
4525.837992	-1.626136	
4525.839588	-1.626032	
4525.841239	-1.626148	
4525.842848	-1.626064	
4525.844523	-1.626092	
4525.846102	-1.626011	
4525.847797	-1.626176	
4525.849352	-1.626060	
4525.851056	-1.626128	
4525.852600	-1.626068	
4525.854315	-1.626172	
4525.855861	-1.626068	
4525.857555	-1.626068	
4525.859060	-1.626015	
4525.860820	-1.626104	
4525.862295	-1.626185	
4525.864075	-1.626160	
4525.865563	-1.626112	
4525.867328	-1.626056	
4525.868812	-1.626132	
4525.870582	-1.626064	
4525.872073	-1.626136	
4525.873842	-1.626035	
4525.875351	-1.626140	
4525.877101	-1.626027	
4525.878618	-1.626076	
4525.880341	-1.626027	
4525.881872	-1.626152	
4525.883589	-1.626080	
4525.885130	-1.626189	
4525.886820	-1.626011	
4525.888386	-1.626176	
4525.890074	-1.626108	
4525.891627	-1.626229	
4525.893294	-1.626116	
4525.894906	-1.626148	
4525.896399	-1.626068	
4525.898029	-1.626185	
4525.899543	-1.626152	
4525.901184	-1.626193	
4525.902662	-1.626096	
4525.904299	-1.626177	
4525.905782	-1.626201	
4525.907411	-1.626241	
4525.908890	-1.626273	
4525.910517	-1.626148	
4525.912027	-1.626108	
4525.913596	-1.626197	
4525.915142	-1.626241	
4525.916752	-1.626156	
4525.918331	-1.626148	
4525.919899	-1.626176	
4525.921513	-1.626205	
4525.923063	-1.626144	
4525.924690	-1.626249	
4525.926181	-1.626120	
4525.927873	-1.626233	
4525.929455	-1.626088	
4525.931116	-1.626193	
4525.932688	-1.626088	
4525.934404	-1.626261	
4525.935947	-1.626096	
4525.937667	-1.626140	
4525.939204	-1.626140	
4525.940909	-1.626217	
4525.942416	-1.626173	
4525.944183	-1.626144	
4525.945675	-1.626100	
4525.947472	-1.626164	
4525.948954	-1.626116	
4525.950735	-1.626221	
4525.952220	-1.626144	
4525.953984	-1.626084	
4525.955462	-1.626164	
4525.957221	-1.626116	
4525.958712	-1.626140	
4525.960467	-1.626128	
4525.961980	-1.626124	
4525.963724	-1.626088	
4525.965247	-1.626221	
4525.966965	-1.626044	
4525.968492	-1.626096	
4525.970204	-1.626124	
4525.971747	-1.626148	
4525.973419	-1.626104	
4525.974992	-1.626172	
4525.976687	-1.626072	
4525.978251	-1.626164	
4525.979927	-1.626052	
4525.981508	-1.626225	
4525.983155	-1.626003	
4525.984769	-1.626177	
4525.986384	-1.626040	
4525.988017	-1.626189	
4525.989625	-1.626088	
4525.991283	-1.626172	
4525.992888	-1.626007	
4525.994535	-1.626233	
4525.996128	-1.626084	
4525.997833	-1.626080	
4525.999395	-1.626080	
4526.001095	-1.626193	
4526.002646	-1.626032	
4526.004355	-1.626156	
4526.005912	-1.626140	
4526.007628	-1.626148	
4526.009118	-1.626164	
4526.010744	-1.626177	
4526.012247	-1.626124	
4526.013889	-1.626096	
4526.015383	-1.626120	
4526.016968	-1.626080	
4526.018501	-1.626201	
4526.020018	-1.626124	
4526.021622	-1.626100	
4526.023208	-1.626084	
4526.024803	-1.626120	
4526.026351	-1.626056	
4526.028031	-1.626148	
4526.029520	-1.625959	
4526.031242	-1.626184	
4526.032720	-1.626044	
4526.034442	-1.626120	
4526.035917	-1.626148	
4526.037622	-1.626044	
4526.039152	-1.626032	
4526.040890	-1.626148	
4526.042385	-1.626084	
4526.044166	-1.626108	
4526.045654	-1.625987	
4526.047444	-1.626104	
4526.048920	-1.626064	
4526.050689	-1.625979	
4526.052171	-1.626068	
4526.053934	-1.626080	
4526.055416	-1.626040	
4526.057198	-1.626035	
4526.058695	-1.626181	
4526.060442	-1.626031	
4526.061954	-1.626116	
4526.063690	-1.626056	
4526.065211	-1.626112	
4526.066920	-1.625967	
4526.068450	-1.625987	
4526.070135	-1.614233	
4526.071696	-1.521118	
4526.073364	-1.457031	
4526.074937	-1.391982	
4526.076609	-1.320753	
4526.078188	-1.268421	
4526.079847	-1.199146	
4526.081459	-1.113488	
4526.083085	-1.044648	
4526.084710	-0.980674	
4526.086329	-0.901772	
4526.087999	-0.828327	
4526.089585	-0.771629	
4526.091237	-0.708126	
4526.092847	-0.634992	
4526.094535	-0.570160	
4526.096107	-0.500555	
4526.097806	-0.416154	
4526.099373	-0.341420	
4526.101067	-0.263956	
4526.102618	-0.186858	
4526.104297	-0.109115	
4526.105856	-0.047667	
4526.107578	0.021282	
4526.109089	0.093860	
4526.110865	0.147952	
4526.112362	0.199893	
4526.114109	0.265543	
4526.115593	0.353288	
4526.117367	0.409886	
4526.118846	0.470762	
4526.120338	0.541156	
4526.121927	0.590987	
4526.123474	0.641889	
4526.125063	0.708376	
4526.126549	0.765723	
4526.128217	0.810998	
4526.129715	0.867978	
4526.131349	0.940693	
4526.132869	0.999463	
4526.134493	1.052958	
4526.135974	1.120586	
4526.137694	1.168507	
4526.139175	1.212879	
4526.140903	1.266975	
4526.142386	1.337459	
4526.144093	1.381521	
4526.145571	1.421997	
4526.147283	1.484581	
4526.148763	1.560801	
4526.150462	1.601991	
4526.151973	1.627417	
4526.153724	1.629093	
4526.155248	1.629057	
4526.156999	1.629133	
4526.158526	1.629177	
4526.160249	1.629222	
4526.161780	1.629028	
4526.163487	1.629169	
4526.165039	1.629057	
4526.166746	1.629210	
4526.168312	1.629057	
4526.169993	1.629178	
4526.171577	1.629097	
4526.173231	1.629226	
4526.174812	1.629105	
4526.176464	1.629226	
4526.178075	1.629097	
4526.179700	1.629258	
4526.181332	1.629081	
4526.182944	1.629194	
4526.184616	1.629166	
4526.186229	1.629206	
4526.187884	1.629105	
4526.189480	1.629250	
4526.191129	1.629226	
4526.192699	1.629226	
4526.194391	1.629242	
4526.195949	1.629262	
4526.197668	1.629165	
4526.199229	1.629137	
4526.200923	1.629210	
4526.202440	1.629153	
4526.204174	1.629194	
4526.205666	1.629166	
4526.207447	1.629218	
4526.208924	1.629182	
4526.210707	1.629254	
4526.212190	1.629242	
4526.213967	1.629145	
4526.215447	1.629222	
4526.217196	1.629161	
4526.218696	1.629234	
4526.220438	1.629198	
4526.221948	1.629194	
4526.223697	1.629242	
4526.225208	1.629113	
4526.226941	1.629307	
4526.228473	1.629186	
4526.230173	1.629270	
4526.231744	1.629186	
4526.233235	1.629186	
4526.234903	1.629198	
4526.236388	1.629109	
4526.238021	1.629121	
4526.239545	1.629117	
4526.241169	1.629246	
4526.242639	1.629121	
4526.244274	1.629109	
4526.245757	1.629202	
4526.247467	1.629306	
4526.248965	1.629242	
4526.250698	1.629290	
4526.252186	1.629270	
4526.253883	1.629218	
4526.255369	1.629113	
4526.257032	1.629190	
4526.258548	1.629093	
4526.260196	1.629202	
4526.261749	1.629097	
4526.263445	1.629234	
4526.264997	1.629137	
4526.266667	1.629133	
4526.268246	1.629174	
4526.269924	1.629302	
4526.271506	1.629101	
4526.273174	1.629149	
4526.274769	1.629190	
4526.276414	1.629186	
4526.278041	1.629101	
4526.279647	1.629294	
4526.281301	1.629105	
4526.282900	1.629206	
4526.284539	1.629097	
4526.286116	1.629166	
4526.287780	1.629081	
4526.289350	1.629202	
4526.291060	1.629113	
4526.292612	1.629262	
4526.294316	1.629101	
4526.295850	1.629186	
4526.297550	1.629101	
4526.299069	1.629246	
4526.300816	1.629282	
4526.302304	1.629166	
4526.304091	1.629093	
4526.305571	1.629198	
4526.307370	1.629178	
4526.308853	1.629262	
4526.310635	1.629202	
4526.312117	1.629266	
4526.313902	1.629161	
4526.315391	1.629202	
4526.317162	1.629226	
4526.318659	1.629121	
4526.320421	1.629242	
4526.321931	1.629141	
4526.323665	1.629230	
4526.325182	1.629125	
4526.326898	1.629190	
4526.328435	1.629158	
4526.330141	1.629153	
4526.331697	1.629129	
4526.333394	1.629153	
4526.334960	1.629089	
4526.336628	1.629182	
4526.338204	1.629089	
4526.339855	1.629294	
4526.341463	1.629149	
4526.342964	1.629065	
4526.344625	1.629109	
4526.346103	1.629057	
4526.347742	1.629141	
4526.349220	1.629149	
4526.350872	1.629202	
4526.352348	1.629121	
4526.354000	1.629081	
4526.355489	1.629141	
4526.357098	1.629161	
4526.358632	1.629073	
4526.360277	1.629222	
4526.361815	1.629165	
4526.363433	1.629282	
4526.365001	1.629182	
4526.366598	1.629146	
4526.368189	1.629089	
4526.369744	1.629194	
4526.371358	1.629161	
4526.373000	1.629339	
4526.374642	1.629033	
4526.376245	1.629242	
4526.377909	1.629045	
4526.379497	1.629161	
4526.381175	1.629149	
4526.382761	1.629294	
4526.384435	1.629065	
4526.386010	1.629210	
4526.387718	1.629146	
4526.389267	1.629206	
4526.390977	1.629057	
4526.392521	1.629202	
4526.394225	1.629113	
4526.395732	1.629133	
4526.397470	1.629206	
4526.398950	1.629121	
4526.400734	1.629198	
4526.402217	1.629077	
4526.403996	1.629093	
4526.405474	1.629149	
4526.407250	1.629166	
4526.408726	1.629105	
4526.410480	1.629157	
4526.411982	1.629186	
4526.413720	1.629194	
4526.415238	1.629089	
4526.416973	1.629161	
4526.418503	1.629113	
4526.420219	1.629230	
4526.421755	1.629073	
4526.423454	1.629303	
4526.425002	1.629113	
4526.426686	1.629242	
4526.428268	1.629129	
4526.429948	1.629242	
4526.431511	1.629149	
4526.433169	1.629258	
4526.434757	1.629101	
4526.436386	1.629258	
4526.438004	1.629105	
4526.439608	1.629218	
4526.441270	1.629125	
4526.442864	1.629250	
4526.444522	1.629137	
4526.446103	1.629218	
4526.447764	1.629169	
4526.449345	1.629146	
4526.451030	1.629133	
4526.452592	1.629242	
4526.454296	1.629149	
4526.455773	1.629153	
4526.457412	1.629157	
4526.458892	1.629198	
4526.460533	1.629129	
4526.462020	1.628996	
4526.463602	1.629109	
4526.465145	1.629073	
4526.466689	1.628956	
4526.468285	1.628940	
4526.469868	1.626636	
4526.471481	1.606373	
4526.473027	1.540756	
4526.474664	1.506636	
4526.476176	1.490229	
4526.477854	1.444656	
4526.479333	1.416921	
4526.481054	1.405602	
4526.482538	1.395011	
4526.484253	1.356895	
4526.485802	1.342684	
4526.487541	1.325829	
4526.489062	1.281066	
4526.490823	1.257138	
4526.492312	1.235780	
4526.494100	1.210611	
4526.495580	1.181249	
4526.497369	1.157892	
4526.498857	1.156503	
4526.500643	1.127450	
4526.502124	1.117525	
4526.503905	1.103135	
4526.505382	1.075920	
4526.507135	1.036459	
4526.508636	1.027177	
4526.510389	0.992473	
4526.511907	0.974298	
4526.513664	0.953439	
4526.515184	0.942091	
4526.516897	0.926429	
4526.518429	0.906602	
4526.520143	0.900728	
4526.521689	0.884289	
4526.523376	0.836992	
4526.524937	0.834172	
4526.526607	0.799448	
4526.528190	0.781760	
4526.529829	0.765184	
4526.531426	0.754827	
4526.533075	0.732212	
4526.534690	0.714012	
4526.536319	0.710765	
4526.537965	0.697431	
4526.539575	0.657422	
4526.541247	0.635186	
4526.542845	0.610210	
4526.544493	0.581673	
4526.546102	0.568803	
4526.547758	0.556927	
4526.549336	0.537857	
4526.551028	0.513361	
4526.552567	0.508918	
4526.554275	0.492724	
4526.555817	0.477755	
4526.557539	0.448908	
4526.559062	0.431727	
4526.560805	0.403980	
4526.562296	0.393591	
4526.564076	0.387178	
4526.565557	0.378404	
4526.567101	0.364120	
4526.568623	0.361659	
4526.570208	0.356502	
4526.571759	0.327974	
4526.573273	0.315804	
4526.574918	0.304569	
4526.576409	0.288001	
4526.578054	0.269897	
4526.579581	0.277765	
4526.581226	0.275207	
4526.582705	0.265519	
4526.584430	0.246565	
4526.585903	0.242831	
4526.587622	0.246743	
4526.589100	0.224724	
4526.590809	0.211982	
4526.592292	0.208848	
4526.593983	0.192828	
4526.595478	0.180404	
4526.597165	0.178100	
4526.598658	0.176992	
4526.600429	0.164497	
4526.601931	0.160069	
4526.603666	0.160573	
4526.605175	0.143420	
4526.606903	0.120930	
4526.608434	0.126642	
4526.610134	0.106609	
4526.611689	0.091362	
4526.613390	0.087036	
4526.614945	0.094947	
4526.616617	0.081493	
4526.618184	0.075741	
4526.619846	0.069944	
4526.621434	0.060107	
4526.623084	0.032505	
4526.624694	0.025157	
4526.626315	0.014297	
4526.627951	-0.002518	
4526.629574	-0.024480	
4526.631198	-0.020013	
4526.632797	-0.030019	
4526.634471	-0.045105	
4526.636039	-0.045331	
4526.637723	-0.060477	
4526.639284	-0.079092	
4526.641013	-0.099338	
4526.642576	-0.105260	
4526.644257	-0.127033	
4526.645803	-0.145265	
4526.647518	-0.146329	
4526.649032	-0.152299	
4526.650793	-0.177508	
4526.652271	-0.179860	
4526.654043	-0.183619	
4526.655517	-0.208780	
4526.657276	-0.232233	
4526.658761	-0.238569	
4526.660544	-0.265571	
4526.662027	-0.280895	
4526.663782	-0.292504	
4526.665283	-0.295232	
4526.667033	-0.312428	
4526.668548	-0.326443	
4526.670266	-0.330963	
4526.671793	-0.350121	
4526.673488	-0.378940	
4526.675025	-0.396016	
4526.676709	-0.409201	
4526.678298	-0.426780	
4526.679787	-0.444437	
4526.681432	-0.444811	
4526.682937	-0.463740	
4526.684587	-0.480228	
4526.686085	-0.485215	
4526.687727	-0.499447	
4526.689213	-0.526139	
4526.690862	-0.548242	
4526.692361	-0.560718	
4526.694015	-0.584340	
4526.695509	-0.602842	
4526.697216	-0.612059	
4526.698689	-0.618194	
4526.700363	-0.637466	
4526.701870	-0.644769	
4526.703507	-0.652983	
4526.705050	-0.668705	
4526.706664	-0.700235	
4526.708247	-0.716393	
4526.709834	-0.732675	
4526.711440	-0.754363	
4526.713088	-0.763234	
4526.714678	-0.764430	
4526.716321	-0.782352	
4526.717932	-0.798796	
4526.719554	-0.806333	
4526.721230	-0.818180	
4526.722821	-0.845738	
4526.724505	-0.862608	
4526.726078	-0.874677	
4526.727753	-0.896281	
4526.729327	-0.910755	
4526.730993	-0.915496	
4526.732542	-0.925926	
4526.734246	-0.945918	
4526.735771	-0.946232	
4526.737510	-0.958958	
4526.739001	-0.981976	
4526.740754	-1.006689	
4526.742237	-1.016744	
4526.744017	-1.043335	
4526.745501	-1.058087	
4526.747289	-1.068532	
4526.748772	-1.079292	
4526.750574	-1.104066	
4526.752053	-1.113287	
4526.753806	-1.124091	
4526.755294	-1.148160	
4526.757038	-1.183488	
4526.758544	-1.189128	
4526.760262	-1.217814	
4526.761795	-1.242729	
4526.763515	-1.254665	
4526.765060	-1.257368	
4526.766767	-1.285896	
4526.768315	-1.299866	
4526.770007	-1.316777	
4526.771561	-1.339670	
4526.773240	-1.370995	
4526.774826	-1.396844	
4526.776474	-1.421788	
4526.778075	-1.456085	
4526.779714	-1.471626	
4526.781316	-1.484017	
4526.782949	-1.512014	
4526.784591	-1.532562	
4526.786202	-1.550835	
4526.787886	-1.572701	
4526.789467	-1.603763	
4526.791138	-1.622865	
4526.792613	-1.626036	
4526.794177	-1.625995	
4526.795666	-1.626036	
4526.797300	-1.626040	
4526.798800	-1.626112	
4526.800391	-1.626064	
4526.801925	-1.626160	
4526.803488	-1.626056	
4526.805045	-1.626124	
4526.806547	-1.626080	
4526.808184	-1.626068	
4526.809769	-1.626019	
4526.811366	-1.626148	
4526.812914	-1.626019	
4526.814581	-1.626040	
4526.816078	-1.626027	
4526.817764	-1.626124	
4526.819248	-1.625987	
4526.820980	-1.625999	
4526.822451	-1.626044	
4526.824163	-1.626072	
4526.825654	-1.626068	
4526.827434	-1.626064	
4526.828915	-1.626032	
4526.830696	-1.626023	
4526.832185	-1.626064	
4526.833983	-1.626116	
4526.835456	-1.626060	
4526.837243	-1.626032	
4526.838722	-1.626104	
4526.840489	-1.626015	
4526.841979	-1.626144	
4526.843734	-1.626092	
4526.845244	-1.626080	
4526.846985	-1.626084	
4526.848506	-1.625951	
4526.850226	-1.626044	
4526.851748	-1.626100	
4526.853458	-1.626112	
4526.855007	-1.626164	
4526.856692	-1.626112	
4526.858252	-1.626060	
4526.859929	-1.626076	
4526.861512	-1.626112	
4526.863183	-1.626019	
4526.864763	-1.626164	
4526.866401	-1.626003	
4526.867984	-1.626185	
4526.869600	-1.625987	
4526.871244	-1.626164	
4526.872830	-1.626024	
4526.874502	-1.626177	
4526.876090	-1.626024	
4526.877775	-1.626173	
4526.879364	-1.626064	
4526.881016	-1.626213	
4526.882585	-1.626068	
4526.884291	-1.626160	
4526.885839	-1.626023	
4526.887545	-1.626152	
4526.889085	-1.626040	
4526.890803	-1.626084	
4526.892297	-1.626048	
4526.894046	-1.626044	
4526.895531	-1.626048	
4526.897304	-1.626100	
4526.898788	-1.626080	
4526.900560	-1.626088	
4526.902072	-1.626140	
4526.903568	-1.626273	
4526.905139	-1.626132	
4526.906688	-1.626032	
4526.908293	-1.626136	
4526.909796	-1.626140	
4526.911448	-1.626168	
4526.912947	-1.626185	
4526.914586	-1.626172	
4526.916110	-1.626140	
4526.917747	-1.626189	
4526.919227	-1.626156	
4526.920869	-1.626072	
4526.922350	-1.626136	
4526.924060	-1.626140	
4526.925544	-1.626148	
4526.927251	-1.626027	
4526.928735	-1.626177	
4526.930423	-1.626124	
4526.931925	-1.626193	
4526.933574	-1.626084	
4526.935112	-1.626104	
4526.936844	-1.626023	
4526.938376	-1.626144	
4526.940098	-1.626040	
4526.941638	-1.626253	
4526.943330	-1.626056	
4526.944900	-1.626161	
4526.946569	-1.626060	
4526.948171	-1.626164	
4526.949823	-1.626048	
4526.951413	-1.626176	
4526.953068	-1.626044	
4526.954661	-1.626164	
4526.956290	-1.626080	
4526.957914	-1.626229	
4526.959508	-1.626108	
4526.961182	-1.626092	
4526.962766	-1.626104	
4526.964440	-1.626128	
4526.966036	-1.626104	
4526.967702	-1.626168	
4526.969274	-1.626035	
4526.970995	-1.626144	
4526.972546	-1.626080	
4526.974262	-1.626124	
4526.975803	-1.626088	
4526.977503	-1.626088	
4526.979036	-1.626072	
4526.980740	-1.626181	
4526.982229	-1.626168	
4526.983991	-1.626076	
4526.985484	-1.626124	
4526.987274	-1.626088	
4526.988764	-1.626140	
4526.990546	-1.626064	
4526.992026	-1.626112	
4526.993795	-1.626068	
4526.995292	-1.626060	
4526.997059	-1.626076	
4526.998572	-1.626072	
4527.000324	-1.626003	
4527.001837	-1.626173	
4527.003551	-1.626056	
4527.005083	-1.626140	
4527.006795	-1.626064	
4527.008341	-1.626068	
4527.010030	-1.626152	
4527.011590	-1.626201	
4527.013271	-1.626072	
4527.014874	-1.626112	
4527.016364	-1.626056	
4527.018001	-1.626160	
4527.019524	-1.626084	
4527.021159	-1.626108	
4527.022649	-1.626285	
4527.024304	-1.626144	
4527.025792	-1.626181	
4527.027438	-1.626031	
4527.028917	-1.626124	
4527.030548	-1.626124	
4527.032029	-1.626181	
4527.033723	-1.626060	
4527.035223	-1.626152	
4527.036864	-1.626124	
4527.038392	-1.626156	
4527.040015	-1.626032	
4527.041589	-1.626140	
4527.043172	-1.626080	
4527.044784	-1.626168	
4527.046331	-1.625991	
4527.047955	-1.626152	
4527.049590	-1.626011	
4527.051221	-1.626181	
4527.052827	-1.626064	
4527.054477	-1.626120	
4527.056066	-1.626072	
4527.057755	-1.626096	
4527.059317	-1.625935	
4527.061021	-1.626181	
4527.062573	-1.626080	
4527.064299	-1.626096	
4527.065856	-1.626031	
4527.067536	-1.626052	
4527.069094	-1.626024	
4527.070827	-1.626148	
4527.072334	-1.625967	
4527.074085	-1.626148	
4527.075564	-1.626052	
4527.077347	-1.626120	
4527.078835	-1.626144	
4527.080606	-1.626056	
4527.082094	-1.626076	
4527.083877	-1.626036	
4527.085349	-1.626128	
4527.087145	-1.625979	
4527.088634	-1.626120	
4527.090379	-1.626152	
4527.091879	-1.626080	
4527.093609	-1.626032	
4527.095122	-1.626116	
4527.096853	-1.626019	
4527.098395	-1.626096	
4527.100085	-1.626031	
4527.101630	-1.626116	
4527.103319	-1.626036	
4527.104882	-1.626080	
4527.106557	-1.625999	
4527.108128	-1.626096	
4527.109783	-1.626076	
4527.111390	-1.626104	
4527.113034	-1.626040	
4527.114645	-1.626048	
4527.116279	-1.625895	
4527.117905	-1.626132	
4527.119534	-1.626036	
4527.121204	-1.626156	
4527.122791	-1.625967	
4527.124469	-1.625991	
4527.125943	-1.626080	
4527.127511	-1.625959	
4527.128987	-1.625665	
4527.130621	-1.596109	
4527.132101	-1.519865	
4527.133721	-1.479405	
4527.135245	-1.433151	
4527.136811	-1.384948	
4527.138375	-1.348786	
4527.139869	-1.317720	
4527.141517	-1.272119	
4527.143005	-1.230644	
4527.144651	-1.190107	
4527.146183	-1.141731	
4527.147872	-1.086273	
4527.149350	-1.040096	
4527.151068	-0.995692	
4527.152546	-0.944347	
4527.154255	-0.899874	
4527.155741	-0.873722	
4527.157457	-0.840501	
4527.158956	-0.797785	
4527.160712	-0.761518	
4527.162201	-0.731217	
4527.163970	-0.681858	
4527.165451	-0.626428	
4527.167203	-0.588715	
4527.168684	-0.543151	
4527.170465	-0.495512	
4527.171950	-0.468643	
4527.173721	-0.445274	
4527.175231	-0.402341	
4527.176952	-0.369546	
4527.178466	-0.335007	
4527.180186	-0.288996	
4527.181721	-0.239899	
4527.183407	-0.201376	
4527.184956	-0.164307	
4527.186642	-0.112249	
4527.188201	-0.078141	
4527.189857	-0.062354	
4527.191430	-0.022103	
4527.193091	0.009068	
4527.194684	0.042761	
4527.196311	0.082919	
4527.197933	0.124173	
4527.199553	0.157423	
4527.201197	0.188243	
4527.202812	0.223137	
4527.204435	0.266119	
4527.206031	0.276149	
4527.207716	0.299876	
4527.209283	0.336619	
4527.210984	0.374972	
4527.212540	0.393889	
4527.214229	0.441387	
4527.215791	0.486943	
4527.217475	0.513236	
4527.219004	0.560791	
4527.220729	0.607652	
4527.222211	0.624402	
4527.224002	0.648668	
4527.225484	0.676057	
4527.227277	0.701697	
4527.228758	0.723333	
4527.230534	0.763294	
4527.232016	0.802824	
4527.233811	0.839196	
4527.235298	0.870673	
4527.237077	0.900418	
4527.238596	0.936270	
4527.240101	0.952021	
4527.241665	0.972948	
4527.243167	0.986068	
4527.244831	1.015979	
4527.246320	1.044970	
4527.247939	1.093745	
4527.249477	1.120099	
4527.251132	1.150001	
4527.252613	1.186364	
4527.254269	1.224843	
4527.255739	1.237045	
4527.257467	1.260345	
4527.258951	1.293381	
4527.260665	1.323460	
4527.262148	1.345129	
4527.263855	1.386326	
4527.265342	1.412663	
4527.267012	1.447291	
4527.268519	1.480029	
4527.270283	1.522854	
4527.271801	1.539890	
4527.273529	1.554537	
4527.275055	1.581136	
4527.276759	1.591674	
4527.278300	1.601757	
4527.279981	1.618788	
4527.281549	1.628191	
4527.283213	1.629226	
4527.284798	1.629121	
4527.286450	1.629170	
4527.288046	1.629069	
4527.289701	1.629177	
4527.291301	1.629025	
4527.292937	1.629194	
4527.294568	1.629153	
4527.296186	1.629282	
4527.297850	1.629053	
4527.299454	1.629266	
4527.301113	1.629141	
4527.302722	1.629186	
4527.304393	1.629097	
4527.305961	1.629170	
4527.307661	1.628952	
4527.309216	1.629218	
4527.310912	1.629178	
4527.312475	1.629170	
4527.314175	1.629113	
4527.315729	1.629149	
4527.317425	1.629077	
4527.318936	1.629194	
4527.320693	1.629161	
4527.322169	1.629105	
4527.323946	1.629093	
4527.325427	1.629186	
4527.327198	1.629210	
4527.328683	1.629065	
4527.330433	1.629222	
4527.331934	1.629069	
4527.333721	1.629153	
4527.335217	1.629081	
4527.336970	1.629174	
4527.338487	1.629170	
4527.340213	1.629145	
4527.341737	1.629182	
4527.343430	1.629218	
4527.344972	1.629089	
4527.346669	1.629161	
4527.348234	1.629141	
4527.349943	1.629250	
4527.351531	1.629129	
4527.353024	1.629174	
4527.354658	1.629121	
4527.356181	1.629194	
4527.357820	1.629097	
4527.359305	1.629053	
4527.360962	1.629166	
4527.362435	1.629113	
4527.364083	1.629101	
4527.365566	1.629101	
4527.367209	1.629170	
4527.368692	1.629089	
4527.370391	1.629153	
4527.371886	1.629081	
4527.373556	1.629238	
4527.375084	1.629145	
4527.376698	1.629226	
4527.378262	1.629177	
4527.379863	1.629206	
4527.381447	1.629145	
4527.383111	1.629278	
4527.384692	1.629125	
4527.386336	1.629161	
4527.387935	1.629133	
4527.389573	1.629226	
4527.391205	1.629105	
4527.392801	1.629218	
4527.394475	1.629057	
4527.396080	1.629174	
4527.397761	1.629141	
4527.399351	1.629161	
4527.401012	1.629137	
4527.402583	1.629149	
4527.404281	1.629093	
4527.405821	1.629174	
4527.407524	1.629093	
4527.409055	1.629210	
4527.410773	1.629182	
4527.412274	1.629246	
4527.414002	1.629109	
4527.415500	1.629133	
4527.417283	1.629242	
4527.418764	1.629065	
4527.420539	1.629109	
4527.422014	1.629045	
4527.423785	1.629153	
4527.425265	1.629029	
4527.427033	1.629065	
4527.428530	1.629174	
4527.430288	1.629214	
4527.431803	1.629113	
4527.433563	1.629202	
4527.435089	1.629065	
4527.436803	1.629161	
4527.438334	1.629133	
4527.440045	1.629194	
4527.441593	1.629093	
4527.443291	1.629121	
4527.444868	1.629073	
4527.446547	1.629262	
4527.448107	1.629149	
4527.449762	1.629230	
4527.451353	1.629101	
4527.452991	1.629250	
4527.454592	1.628960	
4527.456209	1.629218	
4527.457854	1.629085	
4527.459459	1.629319	
4527.461124	1.629105	
4527.462606	1.629129	
4527.464261	1.629113	
4527.465737	1.629009	
4527.467388	1.629133	
4527.468883	1.629117	
4527.470503	1.629198	
4527.472004	1.629061	
4527.473594	1.629157	
4527.475118	1.629037	
4527.476680	1.629174	
4527.478238	1.629073	
4527.479854	1.629198	
4527.481421	1.629182	
4527.482987	1.629238	
4527.484597	1.629085	
4527.486143	1.629158	
4527.487826	1.629089	
4527.489299	1.629174	
4527.491036	1.629081	
4527.492601	1.629286	
4527.494305	1.629190	
4527.495882	1.629157	
4527.497565	1.629061	
4527.499116	1.629194	
4527.500824	1.629101	
4527.502366	1.629121	
4527.504092	1.629182	
4527.505587	1.629178	
4527.507351	1.629117	
4527.508830	1.629165	
4527.510607	1.629089	
4527.512087	1.628984	
4527.513861	1.629182	
4527.515354	1.629049	
4527.517140	1.628384	
4527.518621	1.625145	
4527.520385	1.616178	
4527.521881	1.583182	
4527.523607	1.537928	
4527.525118	1.510568	
4527.526815	1.483880	
4527.528353	1.462865	
4527.530048	1.434610	
4527.531594	1.434090	
4527.533297	1.409731	
4527.534855	1.383087	
4527.536534	1.377097	
4527.538106	1.353254	
4527.539755	1.310022	
4527.541332	1.295214	
4527.542969	1.274133	
4527.544589	1.247241	
4527.546230	1.226454	
4527.547832	1.216508	
4527.549437	1.197471	
4527.551077	1.159540	
4527.552662	1.161486	
4527.554344	1.145344	
4527.555909	1.101129	
4527.557608	1.068355	
4527.559158	1.057990	
4527.560849	1.028523	
4527.562413	1.000333	
4527.564117	0.990367	
4527.565670	0.971321	
4527.567411	0.945036	
4527.568908	0.933314	
4527.570669	0.921515	
4527.572155	0.891169	
4527.573703	0.855357	
4527.575224	0.841097	
4527.576807	0.819715	
4527.578349	0.791017	
4527.579898	0.770400	
4527.581526	0.753477	
4527.583000	0.714016	
4527.584623	0.696303	
4527.586139	0.678123	
4527.587782	0.662699	
4527.589257	0.614524	
4527.590981	0.596610	
4527.592450	0.579232	
4527.594160	0.550087	
4527.595643	0.516189	
4527.597351	0.503516	
4527.598847	0.491657	
4527.600555	0.460316	
4527.602040	0.445117	
4527.603750	0.421983	
4527.605236	0.399891	
4527.607009	0.354899	
4527.608502	0.338335	
4527.610239	0.306011	
4527.611759	0.289725	
4527.613480	0.265821	
4527.615027	0.262389	
4527.616732	0.230335	
4527.618279	0.214826	
4527.619973	0.203164	
4527.621535	0.176847	
4527.623226	0.136685	
4527.624791	0.114856	
4527.626458	0.098222	
4527.628051	0.072695	
4527.629674	0.054209	
4527.631280	0.047764	
4527.632922	0.026535	
4527.634535	0.021733	
4527.636151	0.010675	
4527.637782	-0.004065	
4527.639363	-0.041065	
4527.641038	-0.068038	
4527.642604	-0.080397	
4527.644295	-0.105594	
4527.645851	-0.128870	
4527.647551	-0.137317	
4527.649115	-0.154877	
4527.650815	-0.174696	
4527.652371	-0.180070	
4527.654094	-0.192143	
4527.655618	-0.228249	
4527.657362	-0.258453	
4527.658849	-0.266022	
4527.660645	-0.291308	
4527.662125	-0.320122	
4527.663891	-0.325098	
4527.665378	-0.331966	
4527.667167	-0.360277	
4527.668645	-0.372181	
4527.670429	-0.379826	
4527.671913	-0.406586	
4527.673653	-0.436259	
4527.675160	-0.450979	
4527.676880	-0.478540	
4527.678401	-0.502231	
4527.680103	-0.520709	
4527.681637	-0.530357	
4527.683163	-0.559083	
4527.684750	-0.580062	
4527.686243	-0.593255	
4527.687875	-0.612611	
4527.689388	-0.641993	
4527.691019	-0.677374	
4527.692510	-0.689270	
4527.694162	-0.722636	
4527.695652	-0.747394	
4527.697304	-0.768362	
4527.698790	-0.774501	
4527.700503	-0.812822	
4527.701975	-0.830052	
4527.703653	-0.842290	
4527.705146	-0.866778	
4527.706804	-0.903528	
4527.708331	-0.921313	
4527.709944	-0.947308	
4527.711515	-0.977371	
4527.713101	-1.001271	
4527.714702	-1.014702	
4527.716323	-1.028104	
4527.717927	-1.057623	
4527.719547	-1.065986	
4527.721167	-1.084243	
4527.722775	-1.119849	
4527.724433	-1.152841	
4527.726033	-1.174396	
4527.727695	-1.203308	
4527.729263	-1.223695	
4527.730957	-1.236835	
4527.732512	-1.246209	
4527.734221	-1.272667	
4527.735778	-1.284901	
4527.737475	-1.294231	
4527.739024	-1.325732	
4527.740755	-1.354188	
4527.742271	-1.369585	
4527.744006	-1.398633	
4527.745480	-1.414343	
4527.747256	-1.418936	
4527.748737	-1.431029	
4527.750514	-1.460447	
4527.752011	-1.472613	
4527.753795	-1.477729	
4527.755280	-1.496908	
4527.757041	-1.529888	
4527.758538	-1.540700	
4527.760281	-1.570259	
4527.761792	-1.590010	
4527.763517	-1.600995	
4527.765043	-1.606027	
4527.766745	-1.615719	
4527.768291	-1.624622	
4527.770000	-1.625939	
4527.771553	-1.625987	
4527.773248	-1.625758	
4527.774806	-1.626040	
4527.776474	-1.625890	
4527.778056	-1.626116	
4527.779702	-1.626011	
4527.781306	-1.626092	
4527.782941	-1.625963	
4527.784538	-1.626177	
4527.786164	-1.625959	
4527.787791	-1.626120	
4527.789401	-1.626027	
4527.791050	-1.626112	
4527.792621	-1.626007	
4527.794315	-1.626100	
4527.795791	-1.626148	
4527.797441	-1.626100	
4527.798920	-1.626068	
4527.800560	-1.626168	
4527.802036	-1.625987	
4527.803639	-1.626060	
4527.805165	-1.626080	
4527.806726	-1.626072	
4527.808277	-1.626088	
4527.809876	-1.626100	
4527.811460	-1.626104	
4527.813033	-1.626023	
4527.814656	-1.626080	
4527.816210	-1.625931	
4527.817855	-1.626100	
4527.819357	-1.626036	
4527.821049	-1.626072	
4527.822541	-1.625999	
4527.824277	-1.626056	
4527.825824	-1.626024	
4527.827524	-1.626068	
4527.829065	-1.626048	
4527.830773	-1.626112	
4527.832310	-1.626036	
4527.834045	-1.626068	
4527.835551	-1.626047	
4527.837314	-1.626132	
4527.838793	-1.626060	
4527.840569	-1.626064	
4527.842056	-1.626088	
4527.843849	-1.626060	
4527.845333	-1.626080	
4527.847095	-1.626092	
4527.848575	-1.626056	
4527.850360	-1.626068	
4527.851862	-1.626112	
4527.853632	-1.626056	
4527.855134	-1.626035	
4527.856876	-1.626019	
4527.858393	-1.626084	
4527.860112	-1.626003	
4527.861650	-1.626205	
4527.863362	-1.625955	
4527.864923	-1.626076	
4527.866626	-1.625987	
4527.868182	-1.626100	
4527.869872	-1.626056	
4527.871439	-1.626136	
4527.873103	-1.626056	
4527.874678	-1.626136	
4527.876333	-1.625923	
4527.877934	-1.626193	
4527.879556	-1.625951	
4527.881189	-1.626108	
4527.882804	-1.625995	
4527.884462	-1.626144	
4527.886072	-1.626076	
4527.887738	-1.626064	
4527.889334	-1.626064	
4527.891029	-1.626100	
4527.892601	-1.626032	
4527.894287	-1.626168	
4527.895865	-1.626088	
4527.897542	-1.626152	
4527.899087	-1.626044	
4527.900795	-1.626116	
4527.902292	-1.626092	
4527.903869	-1.626052	
4527.905360	-1.626136	
4527.906975	-1.626080	
4527.908474	-1.626152	
4527.910048	-1.626060	
4527.911601	-1.626253	
4527.913111	-1.626116	
4527.914763	-1.626104	
4527.916255	-1.626100	
4527.917879	-1.626092	
4527.919407	-1.626036	
4527.921092	-1.626096	
4527.922566	-1.626047	
4527.924297	-1.626100	
4527.925768	-1.626060	
4527.927481	-1.626140	
4527.928956	-1.626044	
4527.930655	-1.626181	
4527.932138	-1.626040	
4527.933838	-1.626092	
4527.935324	-1.626044	
4527.937100	-1.626136	
4527.938591	-1.626064	
4527.940354	-1.626072	
4527.941851	-1.626080	
4527.943585	-1.625995	
4527.945093	-1.626112	
4527.946813	-1.626047	
4527.948342	-1.626136	
4527.950071	-1.625979	
4527.951614	-1.626040	
4527.953312	-1.626007	
4527.954856	-1.626213	
4527.956548	-1.626015	
4527.958112	-1.626209	
4527.959794	-1.625979	
4527.961371	-1.626116	
4527.963031	-1.626040	
4527.964640	-1.626092	
4527.966284	-1.626003	
4527.967903	-1.626108	
4527.969523	-1.626027	
4527.971135	-1.626076	
4527.972766	-1.625987	
4527.974441	-1.626185	
4527.976020	-1.625971	
4527.977693	-1.626120	
4527.979261	-1.626011	
4527.980952	-1.626124	
4527.982524	-1.625999	
4527.984198	-1.626048	
4527.985748	-1.626027	
4527.987471	-1.625991	
4527.989014	-1.625999	
4527.990741	-1.626044	
4527.992265	-1.626068	
4527.994015	-1.626011	
4527.995511	-1.625878	
4527.997265	-1.625927	
4527.998756	-1.625999	
4528.000541	-1.625963	
4528.002032	-1.625653	
4528.003810	-1.617608	
4528.005284	-1.592520	
4528.007045	-1.592476	
4528.008534	-1.570795	
4528.010290	-1.551189	
4528.011795	-1.547060	
4528.013524	-1.525815	
4528.015047	-1.490080	
4528.016587	-1.475638	
4528.018177	-1.449635	
4528.019666	-1.416249	
4528.021324	-1.397553	
4528.022822	-1.396292	
4528.024480	-1.379849	
4528.025981	-1.354627	
4528.027613	-1.344657	
4528.029110	-1.339570	
4528.030739	-1.313120	
4528.032235	-1.288478	
4528.033955	-1.278351	
4528.035440	-1.254572	
4528.037147	-1.233762	
4528.038626	-1.217777	
4528.040325	-1.215260	
4528.041820	-1.182421	
4528.043473	-1.168205	
4528.045000	-1.145074	
4528.046716	-1.119192	
4528.048264	-1.091772	
4528.049981	-1.065781	
4528.051533	-1.037667	
4528.053209	-0.998987	
4528.054776	-0.974970	
4528.056452	-0.972743	
4528.058023	-0.964432	
4528.059685	-0.940838	
4528.061290	-0.928367	
4528.062911	-0.907782	
4528.064537	-0.871096	
4528.066156	-0.846064	
4528.067790	-0.827091	
4528.069383	-0.790727	
4528.071030	-0.758287	
4528.072629	-0.748776	
4528.074308	-0.726500	
4528.075872	-0.696529	
4528.077575	-0.685298	
4528.079125	-0.670643	
4528.080845	-0.639508	
4528.082393	-0.606306	
4528.084093	-0.583144	
4528.085643	-0.555534	
4528.087369	-0.522248	
4528.088866	-0.507097	
4528.090633	-0.500519	
4528.092112	-0.469118	
4528.093898	-0.447470	
4528.095381	-0.432706	
4528.097174	-0.408621	
4528.098661	-0.378984	
4528.100446	-0.361405	
4528.101924	-0.335934	
4528.103680	-0.302962	
4528.105169	-0.285096	
4528.106898	-0.275670	
4528.108412	-0.249393	
4528.110137	-0.226553	
4528.111661	-0.218661	
4528.113365	-0.195164	
4528.114903	-0.159179	
4528.116596	-0.141853	
4528.118152	-0.114449	
4528.119850	-0.080703	
4528.121418	-0.051816	
4528.123075	-0.043796	
4528.124678	-0.023300	
4528.126162	-0.003682	
4528.127802	0.016838	
4528.129321	0.038913	
4528.130985	0.076055	
4528.132465	0.101614	
4528.134099	0.112664	
4528.135573	0.144935	
4528.137227	0.161910	
4528.138711	0.188328	
4528.140324	0.208204	
4528.141835	0.225497	
4528.143492	0.241764	
4528.145014	0.274047	
4528.146638	0.302688	
4528.148202	0.327337	
4528.149801	0.342399	
4528.151381	0.373349	
4528.152971	0.403062	
4528.154586	0.421286	
4528.156131	0.433310	
4528.157769	0.441496	
4528.159374	0.458846	
4528.161054	0.483250	
4528.162634	0.498779	
4528.164320	0.525808	
4528.165911	0.555292	
4528.167572	0.575043	
4528.169142	0.614403	
4528.170831	0.639270	
4528.172376	0.652161	
4528.174101	0.673882	
4528.175652	0.703768	
4528.177364	0.725609	
4528.178890	0.737843	
4528.180627	0.776668	
4528.182112	0.811360	
4528.183871	0.818349	
4528.185359	0.848936	
4528.187145	0.882524	
4528.188627	0.897586	
4528.190409	0.899008	
4528.191892	0.920814	
4528.193636	0.933543	
4528.195137	0.942756	
4528.196871	0.962523	
4528.198392	0.993428	
4528.200126	1.019999	
4528.201653	1.040902	
4528.203379	1.070135	
4528.204916	1.083912	
4528.206642	1.094196	
4528.208192	1.124816	
4528.209891	1.134552	
4528.211452	1.153550	
4528.213111	1.175182	
4528.214701	1.203888	
4528.216375	1.225991	
4528.217968	1.237399	
4528.219627	1.254536	
4528.221232	1.278198	
4528.222868	1.283286	
4528.224499	1.292861	
4528.226112	1.319271	
4528.227776	1.332621	
4528.229374	1.347445	
4528.231020	1.373637	
4528.232623	1.400957	
4528.234307	1.410726	
4528.235886	1.432741	
4528.237565	1.461277	
4528.239042	1.462848	
4528.240617	1.474643	
4528.242102	1.508807	
4528.243741	1.497488	
4528.245224	1.514358	
4528.246823	1.540164	
4528.248376	1.572257	
4528.249941	1.596403	
4528.251533	1.598039	
4528.253016	1.614664	
4528.254662	1.624553	
4528.256225	1.628690	
4528.257827	1.629041	
4528.259325	1.629145	
4528.261020	1.629109	
4528.262494	1.629254	
4528.264211	1.629121	
4528.265690	1.629117	
4528.267392	1.629141	
4528.268891	1.629045	
4528.270625	1.629222	
4528.272106	1.629117	
4528.273869	1.629085	
4528.275351	1.629121	
4528.277122	1.629141	
4528.278601	1.629061	
4528.280369	1.629133	
4528.281851	1.629158	
4528.283606	1.629170	
4528.285110	1.629226	
4528.286858	1.629230	
4528.288368	1.629137	
4528.290104	1.629230	
4528.291626	1.629085	
4528.293326	1.629105	
4528.294869	1.629093	
4528.296583	1.629190	
4528.298148	1.628960	
4528.299821	1.629210	
4528.301394	1.629025	
4528.303065	1.629198	
4528.304650	1.629041	
4528.306304	1.629161	
4528.307894	1.629061	
4528.309536	1.629109	
4528.311157	1.629053	
4528.312764	1.629210	
4528.314421	1.629089	
4528.316016	1.629250	
4528.317657	1.629057	
4528.319260	1.629319	
4528.320938	1.629085	
4528.322516	1.629141	
4528.324225	1.629105	
4528.325778	1.629133	
4528.327477	1.629162	
4528.329033	1.629137	
4528.330739	1.629125	
4528.332286	1.628992	
4528.334000	1.629198	
4528.335515	1.629145	
4528.337280	1.629166	
4528.338761	1.629121	
4528.340535	1.629214	
4528.342023	1.629170	
4528.343791	1.629121	
4528.345273	1.629097	
4528.347043	1.629254	
4528.348533	1.629170	
4528.350309	1.629113	
4528.351838	1.629105	
4528.353331	1.629149	
4528.354909	1.629081	
4528.356423	1.629162	
4528.358067	1.629121	
4528.359561	1.629210	
4528.361191	1.629109	
4528.362721	1.629073	
4528.364376	1.629190	
4528.365860	1.629141	
4528.367503	1.629198	
4528.368973	1.629242	
4528.370694	1.629145	
4528.372176	1.629125	
4528.373889	1.629125	
4528.375377	1.629174	
4528.377084	1.629186	
4528.378563	1.629101	
4528.380247	1.629246	
4528.381762	1.629113	
4528.383439	1.629222	
4528.384955	1.629117	
4528.386683	1.629202	
4528.388216	1.629041	
4528.389925	1.629246	
4528.391469	1.629137	
4528.393156	1.629097	
4528.394711	1.629125	
4528.396366	1.629206	
4528.397973	1.629117	
4528.399620	1.629133	
4528.401202	1.629081	
4528.402847	1.629226	
4528.404459	1.629174	
4528.406074	1.629258	
4528.407731	1.629037	
4528.409322	1.629210	
4528.410992	1.629057	
4528.412568	1.629137	
4528.414253	1.629234	
4528.415839	1.629210	
4528.417519	1.629101	
4528.419082	1.629081	
4528.420787	1.629037	
4528.422323	1.629182	
4528.424029	1.629137	
4528.425528	1.629133	
4528.427277	1.629097	
4528.428755	1.629218	
4528.430518	1.629194	
4528.432005	1.629166	
4528.433773	1.629109	
4528.435260	1.629153	
4528.437037	1.629170	
4528.438524	1.629166	
4528.440272	1.629238	
4528.441774	1.629157	
4528.443530	1.629178	
4528.445044	1.629153	
4528.446771	1.629190	
4528.448302	1.629077	
4528.450049	1.629145	
4528.451581	1.629109	
4528.453281	1.629065	
4528.454825	1.629097	
4528.456510	1.629161	
4528.458082	1.629053	
4528.459743	1.629234	
4528.461318	1.629037	
4528.462950	1.629206	
4528.464566	1.629145	
4528.466087	1.629113	
4528.467728	1.629113	
4528.469209	1.629178	
4528.470844	1.629105	
4528.472334	1.629097	
4528.473987	1.629174	
4528.475481	1.629061	
4528.477113	1.629145	
4528.478602	1.629153	
4528.480211	1.629081	
4528.481711	1.629085	
4528.483356	1.629210	
4528.484888	1.629008	
4528.486519	1.629218	
4528.488087	1.629069	
4528.489668	1.629170	
4528.491274	1.629117	
4528.492827	1.629109	
4528.494463	1.628102	
4528.495973	1.621189	
4528.497661	1.594482	
4528.499245	1.575529	
4528.500918	1.554162	
4528.502496	1.537880	
4528.504164	1.531028	
4528.505724	1.494462	
4528.507447	1.470405	
4528.508984	1.458329	
4528.510706	1.424418	
4528.512227	1.399869	
4528.513971	1.391474	
4528.515470	1.386358	
4528.517239	1.367139	
4528.518724	1.365162	
4528.520507	1.346204	
4528.521980	1.310739	
4528.523766	1.289139	
4528.525240	1.272148	
4528.527010	1.253670	
4528.528500	1.238515	
4528.530247	1.221632	
4528.531748	1.219747	
4528.533492	1.203396	
4528.535019	1.187380	
4528.536757	1.180258	
4528.538283	1.175371	
4528.539984	1.143330	
4528.541529	1.128220	
4528.543226	1.105375	
4528.544775	1.094507	
4528.546479	1.080468	
4528.548049	1.079924	
4528.549710	1.071114	
4528.551292	1.064033	
4528.552962	1.060910	
4528.554551	1.053877	
4528.556175	1.017719	
4528.557787	0.998572	
4528.559398	0.989613	
4528.561075	0.974136	
4528.562652	0.949870	
4528.564333	0.946546	
4528.565940	0.931198	
4528.567588	0.924181	
4528.569164	0.914626	
4528.570840	0.905224	
4528.572389	0.884486	
4528.574102	0.865110	
4528.575645	0.848260	
4528.577371	0.819219	
4528.578850	0.808887	
4528.580492	0.801334	
4528.581981	0.788209	
4528.583602	0.780979	
4528.585118	0.775617	
4528.586681	0.764998	
4528.588226	0.747265	
4528.589738	0.718999	
4528.591371	0.695937	
4528.592860	0.687618	
4528.594489	0.658409	
4528.596018	0.631661	
4528.597704	0.619834	
4528.599182	0.606395	
4528.600909	0.578612	
4528.602391	0.566644	
4528.604109	0.570402	
4528.605586	0.533567	
4528.607317	0.495536	
4528.608820	0.490154	
4528.610569	0.473585	
4528.612051	0.449287	
4528.613809	0.426909	
4528.615286	0.420738	
4528.617067	0.395549	
4528.618562	0.380132	
4528.620366	0.372197	
4528.621843	0.344083	
4528.623610	0.302140	
4528.625107	0.304098	
4528.626854	0.274030	
4528.628362	0.245844	
4528.630081	0.225932	
4528.631605	0.213114	
4528.633317	0.197577	
4528.634852	0.171977	
4528.636562	0.163795	
4528.638112	0.145116	
4528.639795	0.102569	
4528.641360	0.103326	
4528.643032	0.078387	
4528.644612	0.053915	
4528.646257	0.022377	
4528.647860	0.022325	
4528.649497	0.003122	
4528.651104	-0.023179	
4528.652721	-0.028581	
4528.654353	-0.044207	
4528.655958	-0.073634	
4528.657634	-0.100619	
4528.659194	-0.110227	
4528.660886	-0.135207	
4528.662447	-0.155312	
4528.664139	-0.167481	
4528.665700	-0.170233	
4528.667398	-0.196240	
4528.668944	-0.198060	
4528.670672	-0.212474	
4528.672176	-0.240471	
4528.673907	-0.271666	
4528.675385	-0.279723	
4528.677165	-0.301339	
4528.678648	-0.313899	
4528.680416	-0.328143	
4528.681898	-0.318262	
4528.683682	-0.331265	
4528.685157	-0.346488	
4528.686942	-0.357666	
4528.688460	-0.373933	
4528.689955	-0.401958	
4528.691534	-0.413322	
4528.693048	-0.425044	
4528.694697	-0.442289	
4528.696193	-0.455885	
4528.697837	-0.457669	
4528.699358	-0.464139	
4528.700989	-0.495761	
4528.702472	-0.495355	
4528.704124	-0.500076	
4528.705600	-0.519573	
4528.707312	-0.549539	
4528.708791	-0.549237	
4528.710494	-0.575796	
4528.711974	-0.597662	
4528.713692	-0.597545	
4528.715180	-0.599023	
4528.716846	-0.615773	
4528.718361	-0.619302	
4528.719997	-0.629683	
4528.721527	-0.641804	
4528.723222	-0.673112	
4528.724778	-0.692227	
4528.726466	-0.712292	
4528.728022	-0.730286	
4528.729694	-0.741553	
4528.731273	-0.748442	
4528.732909	-0.761336	
4528.734519	-0.777611	
4528.736155	-0.786711	
4528.737762	-0.796596	
4528.739381	-0.824654	
4528.741036	-0.851490	
4528.742629	-0.863853	
4528.744311	-0.894094	
4528.745887	-0.908716	
4528.747559	-0.918022	
4528.749132	-0.926977	
4528.750827	-0.948601	
4528.752393	-0.956420	
4528.754066	-0.968646	
4528.755631	-0.990959	
4528.757341	-1.019475	
4528.758858	-1.033578	
4528.760597	-1.058542	
4528.762092	-1.080778	
4528.763836	-1.094595	
4528.765317	-1.098873	
4528.767100	-1.122367	
4528.768589	-1.142468	
4528.770368	-1.150859	
4528.771844	-1.175911	
4528.773612	-1.210087	
4528.775103	-1.221443	
4528.776842	-1.240731	
4528.778356	-1.258790	
4528.780091	-1.275644	
4528.781623	-1.275813	
4528.783354	-1.300579	
4528.784887	-1.311017	
4528.786599	-1.314517	
4528.788151	-1.331316	
4528.789822	-1.362015	
4528.791384	-1.381569	
4528.793074	-1.392530	
4528.794659	-1.417663	
4528.796294	-1.427057	
4528.797887	-1.427975	
4528.799523	-1.438106	
4528.801119	-1.461370	
4528.802649	-1.461156	
4528.804286	-1.469165	
4528.805776	-1.487824	
4528.807440	-1.517295	
4528.808935	-1.517493	
4528.810589	-1.535527	
4528.812073	-1.545409	
4528.813717	-1.552361	
4528.815201	-1.550762	
4528.816822	-1.564435	
4528.818332	-1.570279	
4528.819993	-1.566771	
4528.821532	-1.576274	
4528.823154	-1.598820	
4528.824733	-1.611292	
4528.826307	-1.615123	
4528.827918	-1.623300	
4528.829471	-1.625850	
4528.831092	-1.625987	
4528.832595	-1.625830	
4528.834290	-1.626104	
4528.835887	-1.625955	
4528.837541	-1.626015	
4528.839124	-1.625874	
4528.840784	-1.625975	
4528.842334	-1.625955	
4528.844038	-1.625995	
4528.845584	-1.625971	
4528.847301	-1.625943	
4528.848814	-1.625987	
4528.850575	-1.625923	
4528.852070	-1.625939	
4528.853848	-1.625991	
4528.855338	-1.626015	
4528.857128	-1.626128	
4528.858615	-1.626052	
4528.860423	-1.626068	
4528.861906	-1.626044	
4528.863697	-1.626036	
4528.865178	-1.626136	
4528.866938	-1.626011	
4528.868438	-1.626136	
4528.870195	-1.625967	
4528.871695	-1.626072	
4528.873424	-1.626003	
4528.874940	-1.626092	
4528.876667	-1.626052	
4528.878203	-1.626068	
4528.879925	-1.625943	
4528.881475	-1.626032	
4528.883176	-1.626056	
4528.884727	-1.626084	
4528.886412	-1.625999	
4528.887985	-1.626060	
4528.889657	-1.626003	
4528.891240	-1.626124	
4528.892874	-1.625854	
4528.894492	-1.626128	
4528.896119	-1.625975	
4528.897746	-1.626148	
4528.899375	-1.625923	
4528.901015	-1.626124	
4528.902610	-1.626076	
4528.904256	-1.626072	
4528.905856	-1.625987	
4528.907541	-1.626108	
4528.909104	-1.625995	
4528.910794	-1.626104	
4528.912345	-1.626104	
4528.914058	-1.626032	
4528.915537	-1.626072	
4528.917176	-1.626060	
4528.918669	-1.626108	
4528.920272	-1.626088	
4528.921779	-1.626148	
4528.923361	-1.626052	
4528.924899	-1.626144	
4528.926424	-1.626027	
4528.928022	-1.626100	
4528.929600	-1.626023	
4528.931193	-1.626156	
4528.932742	-1.625963	
4528.934387	-1.626136	
4528.935881	-1.626056	
4528.937584	-1.626100	
4528.939058	-1.626027	
4528.940788	-1.626124	
4528.942258	-1.625931	
4528.943989	-1.626044	
4528.945521	-1.626035	
4528.947225	-1.626092	
4528.948702	-1.625979	
4528.950474	-1.626064	
4528.951964	-1.626120	
4528.953754	-1.626019	
4528.955231	-1.626104	
4528.957014	-1.626027	
4528.958492	-1.626104	
4528.960245	-1.626007	
4528.961740	-1.626100	
4528.963475	-1.626044	
4528.964990	-1.626068	
4528.966746	-1.626084	
4528.968278	-1.626205	
4528.969985	-1.626003	
4528.971527	-1.626100	
4528.973243	-1.625931	
4528.974795	-1.626088	
4528.976491	-1.626019	
4528.978054	-1.626132	
4528.979737	-1.626080	
4528.981314	-1.626124	
4528.982995	-1.625987	
4528.984574	-1.626116	
4528.986240	-1.625999	
4528.987827	-1.626148	
4528.989486	-1.625991	
4528.991111	-1.626104	
4528.992724	-1.625955	
4528.994372	-1.626124	
4528.995966	-1.625983	
4528.997623	-1.626168	
4528.999223	-1.625987	
4529.000876	-1.626064	
4529.002457	-1.626080	
4529.004148	-1.626044	
4529.005710	-1.626035	
4529.007417	-1.626072	
4529.008960	-1.625999	
4529.010669	-1.626112	
4529.012197	-1.625967	
4529.013926	-1.626160	
4529.015445	-1.625947	
4529.017204	-1.626076	
4529.018681	-1.626027	
4529.020463	-1.626056	
4529.021943	-1.625971	
4529.023725	-1.625999	
4529.025221	-1.626124	
4529.026817	-1.626064	
4529.028352	-1.626076	
4529.029911	-1.626023	
4529.031483	-1.626035	
4529.032971	-1.626011	
4529.034616	-1.625939	
4529.036107	-1.625886	
4529.037743	-1.625987	
4529.039265	-1.625983	
4529.040907	-1.626036	
4529.042381	-1.625975	
4529.044087	-1.625975	
4529.045566	-1.625959	
4529.047280	-1.625951	
4529.048779	-1.625544	
4529.050496	-1.617697	
4529.051980	-1.604379	
4529.053696	-1.588016	
4529.055181	-1.589454	
4529.056942	-1.588222	
4529.058428	-1.569937	
4529.060176	-1.565365	
4529.061685	-1.565309	
4529.063421	-1.553179	
4529.064948	-1.522475	
4529.066685	-1.497246	
4529.068211	-1.477737	
4529.069927	-1.461660	
4529.071474	-1.450671	
4529.073187	-1.457599	
4529.074750	-1.448556	
4529.076419	-1.437474	
4529.077990	-1.438972	
4529.079660	-1.429067	
4529.081240	-1.403354	
4529.082901	-1.374801	
4529.084487	-1.353862	
4529.086114	-1.324890	
4529.087721	-1.312407	
4529.089336	-1.301583	
4529.091009	-1.299512	
4529.092599	-1.274947	
4529.094258	-1.267491	
4529.095849	-1.262419	
4529.097504	-1.242983	
4529.099083	-1.222225	
4529.100784	-1.210482	
4529.102337	-1.190961	
4529.104043	-1.172713	
4529.105585	-1.171411	
4529.107314	-1.168024	
4529.108851	-1.151012	
4529.110574	-1.137924	
4529.112083	-1.127632	
4529.113830	-1.104823	
4529.115312	-1.073201	
4529.117094	-1.051222	
4529.118583	-1.029474	
4529.120363	-1.002838	
4529.121844	-0.995994	
4529.123601	-0.995696	
4529.125091	-0.978056	
4529.126839	-0.979772	
4529.128347	-0.974088	
4529.130099	-0.963401	
4529.131615	-0.940709	
4529.133328	-0.931936	
4529.134860	-0.916463	
4529.136384	-0.884833	
4529.137989	-0.871293	
4529.139479	-0.881682	
4529.141099	-0.874758	
4529.142621	-0.856804	
4529.144246	-0.855845	
4529.145727	-0.845065	
4529.147374	-0.825584	
4529.148850	-0.807892	
4529.150495	-0.787819	
4529.151971	-0.774441	
4529.153603	-0.751121	
4529.155096	-0.737267	
4529.156774	-0.737924	
4529.158289	-0.716602	
4529.159922	-0.707921	
4529.161474	-0.706052	
4529.163085	-0.687240	
4529.164665	-0.655972	
4529.166237	-0.639403	
4529.167850	-0.628398	
4529.169487	-0.605066	
4529.171086	-0.585238	
4529.172700	-0.589396	
4529.174325	-0.583595	
4529.175940	-0.572561	
4529.177612	-0.573665	
4529.179200	-0.569564	
4529.180866	-0.549588	
4529.182448	-0.532343	
4529.184118	-0.518558	
4529.185690	-0.495943	
4529.187390	-0.473066	
4529.188955	-0.464175	
4529.190671	-0.458842	
4529.192220	-0.433544	
4529.193919	-0.422232	
4529.195425	-0.417765	
4529.197172	-0.402091	
4529.198654	-0.375254	
4529.200427	-0.365566	
4529.201918	-0.342496	
4529.203704	-0.322036	
4529.205180	-0.314137	
4529.206942	-0.314447	
4529.208422	-0.302039	
4529.210183	-0.294942	
4529.211687	-0.292810	
4529.213437	-0.280923	
4529.214957	-0.255919	
4529.216676	-0.240507	
4529.218203	-0.226210	
4529.219929	-0.204018	
4529.221469	-0.188634	
4529.223163	-0.196393	
4529.224720	-0.184251	
4529.226413	-0.164505	
4529.227981	-0.159235	
4529.229636	-0.149306	
4529.231224	-0.128250	
4529.232890	-0.107850	
4529.234482	-0.101929	
4529.236122	-0.071986	
4529.237730	-0.057444	
4529.239365	-0.051393	
4529.241006	-0.048710	
4529.242615	-0.031030	
4529.244281	-0.025644	
4529.245873	-0.020637	
4529.247521	0.002409	
4529.248996	0.018389	
4529.250562	0.015018	
4529.252070	0.037600	
4529.253696	0.053214	
4529.255193	0.066935	
4529.256785	0.061303	
4529.258319	0.071160	
4529.259879	0.083821	
4529.261454	0.085835	
4529.262957	0.089159	
4529.264604	0.115621	
4529.266193	0.133007	
4529.267800	0.141890	
4529.269347	0.164331	
4529.271018	0.175639	
4529.272518	0.182145	
4529.274235	0.179164	
4529.275710	0.187772	
4529.277449	0.192606	
4529.278920	0.203148	
4529.280637	0.209996	
4529.282167	0.232100	
4529.283885	0.230255	
4529.285382	0.252028	
4529.287122	0.274417	
4529.288612	0.269829	
4529.290383	0.291481	
4529.291868	0.301931	
4529.293651	0.299945	
4529.295130	0.300517	
4529.296898	0.317935	
4529.298398	0.333215	
4529.300147	0.341884	
4529.301669	0.345755	
4529.303418	0.356208	
4529.304926	0.357457	
4529.306636	0.359483	
4529.308169	0.362509	
4529.309875	0.369961	
4529.311419	0.376596	
4529.313106	0.387847	
4529.314665	0.398473	
4529.316340	0.413338	
4529.317929	0.418313	
4529.319576	0.448707	
4529.321162	0.463760	
4529.322804	0.460518	
4529.324406	0.465932	
4529.326016	0.473199	
4529.327641	0.472212	
4529.329233	0.473436	
4529.330914	0.489119	
4529.332505	0.510888	
4529.334173	0.509921	
4529.335750	0.523843	
4529.337432	0.546655	
4529.338993	0.533926	
4529.340701	0.536472	
4529.342238	0.547340	
4529.343932	0.554148	
4529.345453	0.551147	
4529.347197	0.571949	
4529.348685	0.581291	
4529.350463	0.583132	
4529.351965	0.601819	
4529.353739	0.612804	
4529.355220	0.616599	
4529.357005	0.604413	
4529.358484	0.618553	
4529.360256	0.626553	
4529.361747	0.627797	
4529.363325	0.631568	
4529.364875	0.648298	
4529.366413	0.660898	
4529.368019	0.667001	
4529.369507	0.680794	
4529.371170	0.687098	
4529.372673	0.672842	
4529.374320	0.661499	
4529.375791	0.676355	
4529.377430	0.673124	
4529.378904	0.665426	
4529.380602	0.683682	
4529.382093	0.700690	
4529.383799	0.697399	
4529.385296	0.694772	
4529.387008	0.713557	
4529.388488	0.716215	
4529.390184	0.699711	
4529.391678	0.705576	
4529.393419	0.712912	
4529.394934	0.703357	
4529.396672	0.699840	
4529.398202	0.715958	
4529.399913	0.714660	
4529.401459	0.721903	
4529.403146	0.732751	
4529.404694	0.737811	
4529.406388	0.714096	
4529.407943	0.710032	
4529.409616	0.724373	
4529.411205	0.721388	
4529.412849	0.725408	
4529.414453	0.735777	
4529.416082	0.745082	
4529.417703	0.737928	
4529.419321	0.745767	
4529.420956	0.747237	
4529.422569	0.742093	
4529.424229	0.730407	
4529.425814	0.731736	
4529.427503	0.723845	
4529.429072	0.722169	
4529.430771	0.729613	
4529.432338	0.733944	
4529.434018	0.737440	
4529.435571	0.756684	
4529.437281	0.754855	
4529.438811	0.757703	
4529.440542	0.734298	
4529.442042	0.750412	
4529.443799	0.747906	
4529.445280	0.732848	
4529.447058	0.745843	
4529.448543	0.753671	
4529.450311	0.751491	
4529.451802	0.755040	
4529.453575	0.762895	
4529.455060	0.768483	
4529.456815	0.748321	
4529.458320	0.750271	
4529.460058	0.752297	
4529.461580	0.742822	
4529.463317	0.731446	
4529.464851	0.770372	
4529.466582	0.768712	
4529.468115	0.764603	
4529.469832	0.768257	
4529.471409	0.771927	
4529.472898	0.761103	
4529.474560	0.749586	
4529.476046	0.743302	
4529.477675	0.733996	
4529.479191	0.725178	
