time (s)	det(V)
4023.684499	-1.626551	
4023.686004	-1.626575	
4023.687736	-1.626620	
4023.689215	-1.626636	
4023.690984	-1.626603	
4023.692476	-1.626656	
4023.694272	-1.626672	
4023.695758	-1.626543	
4023.697526	-1.626628	
4023.699037	-1.626712	
4023.700534	-1.626628	
4023.702116	-1.626724	
4023.703669	-1.626652	
4023.705299	-1.626632	
4023.706787	-1.626644	
4023.708473	-1.626712	
4023.709963	-1.626608	
4023.711598	-1.626648	
4023.713118	-1.626632	
4023.714768	-1.626624	
4023.716248	-1.626668	
4023.717889	-1.626692	
4023.719376	-1.626624	
4023.721089	-1.626563	
4023.722579	-1.626688	
4023.724287	-1.626587	
4023.725787	-1.626668	
4023.727521	-1.626527	
4023.729002	-1.626688	
4023.730684	-1.626595	
4023.732201	-1.626688	
4023.733923	-1.626523	
4023.735452	-1.626668	
4023.737149	-1.626479	
4023.738687	-1.626422	
4023.740390	-1.626225	
4023.741954	-1.626483	
4023.743649	-1.626249	
4023.745209	-1.626309	
4023.746876	-1.626229	
4023.748457	-1.626245	
4023.750111	-1.626084	
4023.751706	-1.626289	
4023.753339	-1.626088	
4023.754952	-1.626261	
4023.756572	-1.626044	
4023.758233	-1.626164	
4023.759821	-1.626104	
4023.761470	-1.626160	
4023.763065	-1.626011	
4023.764749	-1.626144	
4023.766324	-1.626056	
4023.768012	-1.626152	
4023.769565	-1.625995	
4023.771279	-1.626108	
4023.772829	-1.625898	
4023.774505	-1.416523	
4023.776037	-1.045397	
4023.777773	-0.626500	
4023.779287	-0.284190	
4023.781058	0.078012	
4023.782537	0.429624	
4023.784325	0.808625	
4023.785805	1.123559	
4023.787582	1.473221	
4023.789070	1.625431	
4023.790856	1.629165	
4023.792339	1.629165	
4023.794128	1.629174	
4023.795620	1.629190	
4023.797360	1.629206	
4023.798865	1.629133	
4023.800602	1.629214	
4023.802134	1.629153	
4023.803859	1.629242	
4023.805411	1.629121	
4023.807129	1.629174	
4023.808676	1.629158	
4023.810364	1.629210	
4023.811937	1.629170	
4023.813427	1.629278	
4023.815082	1.629113	
4023.816582	1.629166	
4023.818260	1.629230	
4023.819744	1.629121	
4023.821388	1.629153	
4023.822864	1.629133	
4023.824517	1.629137	
4023.825993	1.629174	
4023.827622	1.629238	
4023.829101	1.629065	
4023.830719	1.629206	
4023.832242	1.629169	
4023.833906	1.629194	
4023.835445	1.629101	
4023.837061	1.629258	
4023.838626	1.629218	
4023.840220	1.629310	
4023.841827	1.629246	
4023.843412	1.629262	
4023.845011	1.629190	
4023.846646	1.629355	
4023.848252	1.629206	
4023.849883	1.629299	
4023.851560	1.629137	
4023.853141	1.629307	
4023.854815	1.629242	
4023.856401	1.629306	
4023.858062	1.629234	
4023.859640	1.629270	
4023.861313	1.629343	
4023.862882	1.629298	
4023.864602	1.629186	
4023.866147	1.629310	
4023.867872	1.629153	
4023.869412	1.629343	
4023.871135	1.629286	
4023.872640	1.629242	
4023.874396	1.629210	
4023.875889	1.629274	
4023.877670	1.629234	
4023.879156	1.629290	
4023.880932	1.629206	
4023.882418	1.629310	
4023.884187	1.629218	
4023.885674	1.629230	
4023.887437	1.629262	
4023.888937	1.629182	
4023.890693	1.629327	
4023.892196	1.629166	
4023.893928	1.629174	
4023.895456	1.629153	
4023.897160	1.629210	
4023.898693	1.629214	
4023.900404	1.629415	
4023.901959	1.629169	
4023.903684	1.629294	
4023.905257	1.629198	
4023.906933	1.629238	
4023.908505	1.629161	
4023.910175	1.629319	
4023.911754	1.629141	
4023.913429	1.629246	
4023.915034	1.629105	
4023.916673	1.629222	
4023.918292	1.629186	
4023.919927	1.629302	
4023.921551	1.629162	
4023.923166	1.629254	
4023.924808	1.629210	
4023.926302	1.629145	
4023.927862	1.629117	
4023.929368	1.629174	
4023.931001	1.629186	
4023.932488	1.629145	
4023.934134	1.629137	
4023.935627	1.629137	
4023.937226	1.629121	
4023.938752	1.629137	
4023.940297	1.629206	
4023.941890	1.629117	
4023.943478	1.629186	
4023.945095	1.629101	
4023.946638	1.629125	
4023.948271	1.629190	
4023.949792	1.629141	
4023.951472	1.629146	
4023.952950	1.629218	
4023.954662	1.629133	
4023.956138	1.629206	
4023.957844	1.629029	
4023.959397	1.629089	
4023.961118	1.629125	
4023.962634	1.629045	
4023.964395	1.629190	
4023.965872	1.629153	
4023.967668	1.629133	
4023.969156	1.629113	
4023.970942	1.629169	
4023.972428	1.629073	
4023.974201	1.629125	
4023.975695	1.628493	
4023.977460	1.611642	
4023.978947	1.527309	
4023.980720	1.439975	
4023.982227	1.391297	
4023.983968	1.333402	
4023.985482	1.266629	
4023.987201	1.213842	
4023.988750	1.175544	
4023.990482	1.114717	
4023.992024	1.067585	
4023.993729	1.027081	
4023.995272	1.006564	
4023.996960	0.953367	
4023.998521	0.924314	
4024.000205	0.879616	
4024.001794	0.845842	
4024.003462	0.792217	
4024.005058	0.759206	
4024.006702	0.724638	
4024.008310	0.678192	
4024.009953	0.644390	
4024.011568	0.633679	
4024.013192	0.598943	
4024.014860	0.571981	
4024.016443	0.550313	
4024.018117	0.523557	
4024.019715	0.484538	
4024.021374	0.462427	
4024.022955	0.450249	
4024.024655	0.410808	
4024.026204	0.393422	
4024.027925	0.390832	
4024.029472	0.372902	
4024.031170	0.343604	
4024.032707	0.336602	
4024.034443	0.324316	
4024.035962	0.299945	
4024.037703	0.282272	
4024.039197	0.270433	
4024.040765	0.237796	
4024.042283	0.225119	
4024.043883	0.221610	
4024.045408	0.215205	
4024.046954	0.203897	
4024.048558	0.199672	
4024.050059	0.190902	
4024.051684	0.176485	
4024.053233	0.157358	
4024.054878	0.149523	
4024.056375	0.142063	
4024.058076	0.126642	
4024.059558	0.113707	
4024.061296	0.127537	
4024.062768	0.111580	
4024.064481	0.091282	
4024.065969	0.100539	
4024.067673	0.097804	
4024.069161	0.078250	
4024.070949	0.073130	
4024.072437	0.073420	
4024.074232	0.052731	
4024.075715	0.045069	
4024.077491	0.050539	
4024.078973	0.057540	
4024.080751	0.052912	
4024.082252	0.055877	
4024.083997	0.053476	
4024.085507	0.046503	
4024.087252	0.021491	
4024.088773	0.032819	
4024.090491	0.019968	
4024.092023	0.006155	
4024.093750	0.008919	
4024.095317	0.015420	
4024.097001	0.006590	
4024.098562	0.014683	
4024.100230	0.011694	
4024.101802	0.006191	
4024.103483	-0.008762	
4024.105071	-0.007042	
4024.106717	-0.013249	
4024.108320	-0.020061	
4024.109945	-0.015795	
4024.111567	-0.005358	
4024.113176	-0.008427	
4024.114830	-0.007324	
4024.116425	-0.003811	
4024.118079	-0.015803	
4024.119662	-0.019662	
4024.121355	-0.024351	
4024.122912	-0.022969	
4024.124615	-0.029721	
4024.126159	-0.029785	
4024.127865	-0.014393	
4024.129426	-0.016222	
4024.131119	-0.022897	
4024.132653	-0.015976	
4024.134395	-0.012975	
4024.135891	-0.025169	
4024.137676	-0.029399	
4024.139158	-0.025632	
4024.140940	-0.029902	
4024.142426	-0.036053	
4024.144193	-0.026917	
4024.145677	-0.015678	
4024.147468	-0.024347	
4024.148998	-0.017624	
4024.150496	-0.016214	
4024.152074	-0.024621	
4024.153634	-0.032331	
4024.155234	-0.026216	
4024.156737	-0.033097	
4024.158401	-0.041117	
4024.159899	-0.034523	
4024.161531	-0.021205	
4024.163061	-0.023775	
4024.164699	-0.020520	
4024.166186	-0.014091	
4024.167833	-0.012903	
4024.169316	-0.025753	
4024.171023	-0.027687	
4024.172507	-0.018180	
4024.174208	-0.030575	
4024.175703	-0.033971	
4024.177403	-0.024863	
4024.178900	-0.012351	
4024.180587	-0.024645	
4024.182125	-0.015642	
4024.183867	-0.009527	
4024.185393	-0.017874	
4024.187098	-0.029431	
4024.188637	-0.024206	
4024.190318	-0.025535	
4024.191880	-0.036779	
4024.193565	-0.025020	
4024.195137	-0.009676	
4024.196806	-0.016883	
4024.198404	-0.010208	
4024.200045	-0.001442	
4024.201643	-0.006212	
4024.203270	-0.020057	
4024.204880	-0.014421	
4024.206503	-0.015574	
4024.208183	-0.023803	
4024.209774	-0.020826	
4024.211444	-0.002026	
4024.213017	-0.007203	
4024.214694	-0.005313	
4024.216274	-0.001785	
4024.217934	0.000608	
4024.219497	-0.013257	
4024.221199	-0.014103	
4024.222742	-0.003843	
4024.224438	-0.018716	
4024.225940	-0.020847	
4024.227694	-0.011924	
4024.229177	0.003585	
4024.230958	-0.000012	
4024.232444	0.002759	
4024.234245	0.002413	
4024.235730	-0.004097	
4024.237533	-0.002655	
4024.239020	-0.010429	
4024.240766	-0.018047	
4024.242256	-0.011565	
4024.244002	-0.000141	
4024.245510	0.011968	
4024.247277	0.003928	
4024.248809	0.008943	
4024.250538	0.026510	
4024.252069	0.012866	
4024.253781	-0.004004	
4024.255320	0.005990	
4024.256997	-0.000193	
4024.258550	-0.003565	
4024.260208	-0.002087	
4024.261808	0.008206	
4024.263299	0.007239	
4024.264934	0.009100	
4024.266451	0.018961	
4024.268083	0.019618	
4024.269559	0.009019	
4024.271194	0.006889	
4024.272688	0.008250	
4024.274328	0.003311	
4024.275829	0.001221	
4024.277461	0.010474	
4024.278958	0.020750	
4024.280630	0.012927	
4024.282138	0.024549	
4024.283788	0.027312	
4024.285316	0.028222	
4024.286948	0.023751	
4024.288512	0.023179	
4024.290104	0.018957	
4024.291717	0.018559	
4024.293262	0.011569	
4024.294884	0.033882	
4024.296504	0.023666	
4024.298175	0.038249	
4024.299777	0.039647	
4024.301438	0.040452	
4024.303046	0.028085	
4024.304718	0.027642	
4024.306299	0.031377	
4024.307985	0.022530	
4024.309542	0.024726	
4024.311258	0.028367	
4024.312826	0.031489	
4024.314542	0.027751	
4024.316097	0.039631	
4024.317804	0.045427	
4024.319347	0.034055	
4024.321089	0.036972	
4024.322604	0.026708	
4024.324364	0.030108	
4024.325848	0.020722	
4024.327621	0.037802	
4024.329102	0.041883	
4024.330889	0.038716	
4024.332376	0.048175	
4024.334162	0.050942	
4024.335639	0.037000	
4024.337405	0.028162	
4024.338896	0.029528	
4024.340634	0.013471	
4024.342141	0.017616	
4024.343873	0.026132	
4024.345414	0.041476	
4024.347130	0.037053	
4024.348665	0.041105	
4024.350360	0.044078	
4024.351914	0.041903	
4024.353604	0.028972	
4024.355158	0.032501	
4024.356842	0.018240	
4024.358426	0.007799	
4024.360059	0.015646	
4024.361670	0.029298	
4024.363316	0.028895	
4024.364921	0.034748	
4024.366553	0.035844	
4024.368176	0.035675	
4024.369798	0.026490	
4024.371474	0.024774	
4024.373067	0.020403	
4024.374749	-0.002997	
4024.376229	-0.005761	
4024.377871	0.007847	
4024.379350	0.007029	
4024.380988	0.001192	
4024.382481	0.005072	
4024.384086	0.011195	
4024.385593	-0.002606	
4024.387171	-0.015686	
4024.388719	-0.006880	
4024.390251	-0.020802	
4024.391829	-0.027332	
4024.393433	-0.024903	
4024.395032	-0.011332	
4024.396596	-0.026708	
4024.398222	-0.027034	
4024.399746	-0.018079	
4024.401443	-0.027679	
4024.402922	-0.046024	
4024.404652	-0.049718	
4024.406210	-0.051389	
4024.407914	-0.065960	
4024.409447	-0.070894	
4024.411143	-0.062330	
4024.412693	-0.057577	
4024.414406	-0.071761	
4024.415917	-0.067970	
4024.417672	-0.072377	
4024.419151	-0.085110	
4024.420931	-0.104918	
4024.422413	-0.100583	
4024.424189	-0.119516	
4024.425671	-0.132125	
4024.427432	-0.128955	
4024.428917	-0.124209	
4024.430701	-0.135658	
4024.432199	-0.136298	
4024.433952	-0.130171	
4024.435462	-0.153644	
4024.437192	-0.180735	
4024.438723	-0.175792	
4024.440439	-0.188110	
4024.441977	-0.204397	
4024.443668	-0.211898	
4024.445224	-0.204498	
4024.446920	-0.218057	
4024.448477	-0.223491	
4024.450161	-0.230706	
4024.451745	-0.245768	
4024.453407	-0.269865	
4024.455005	-0.278901	
4024.456647	-0.300787	
4024.458264	-0.318874	
4024.459893	-0.335003	
4024.461505	-0.334149	
4024.463116	-0.348647	
4024.464757	-0.369433	
4024.466374	-0.378851	
4024.468052	-0.395762	
4024.469635	-0.421612	
4024.471329	-0.436622	
4024.472889	-0.457682	
4024.474578	-0.484671	
4024.476147	-0.511403	
4024.477833	-0.517063	
4024.479398	-0.535827	
4024.481116	-0.569725	
4024.482650	-0.586262	
4024.484393	-0.611576	
4024.485880	-0.646263	
4024.487446	-0.677302	
4024.488945	-0.705101	
4024.490536	-0.744667	
4024.492080	-0.780193	
4024.493623	-0.807255	
4024.495239	-0.827675	
4024.496724	-0.874589	
4024.498384	-0.910618	
4024.499872	-0.942909	
4024.501514	-0.985883	
4024.503000	-1.040080	
4024.504722	-1.086418	
4024.506200	-1.126927	
4024.507907	-1.181442	
4024.509386	-1.231337	
4024.511111	-1.265614	
4024.512603	-1.305502	
4024.514338	-1.371232	
4024.515829	-1.414899	
4024.517533	-1.472548	
4024.519020	-1.539958	
4024.520809	-1.605028	
4024.522288	-1.624617	
4024.524065	-1.626128	
4024.525561	-1.626132	
4024.527327	-1.626144	
4024.528839	-1.626044	
4024.530587	-1.626007	
4024.532099	-1.626156	
4024.533827	-1.626052	
4024.535357	-1.626160	
4024.537054	-1.626044	
4024.538593	-1.626173	
4024.540293	-1.625943	
4024.541861	-1.626120	
4024.543548	-1.625951	
4024.545113	-1.626136	
4024.546790	-1.625959	
4024.548373	-1.626160	
4024.550029	-1.625983	
4024.551627	-1.626189	
4024.553255	-1.626048	
4024.554887	-1.626160	
4024.556511	-1.625987	
4024.558157	-1.626084	
4024.559774	-1.626007	
4024.561423	-1.626088	
4024.563026	-1.626011	
4024.564717	-1.626132	
4024.566291	-1.626040	
4024.567990	-1.626160	
4024.569549	-1.626096	
4024.571246	-1.626148	
4024.572812	-1.626164	
4024.574490	-1.626213	
4024.576050	-1.626060	
4024.577770	-1.626172	
4024.579300	-1.626132	
4024.581041	-1.626140	
4024.582534	-1.626144	
4024.584312	-1.626100	
4024.585795	-1.626209	
4024.587576	-1.626197	
4024.589065	-1.626120	
4024.590860	-1.626193	
4024.592341	-1.626181	
4024.594111	-1.626201	
4024.595590	-1.626164	
4024.597348	-1.626160	
4024.598847	-1.626273	
4024.600431	-1.626217	
4024.601996	-1.626269	
4024.603523	-1.626318	
4024.605150	-1.626209	
4024.606644	-1.626168	
4024.608280	-1.626406	
4024.609802	-1.626281	
4024.611452	-1.626398	
4024.612928	-1.626265	
4024.614629	-1.626277	
4024.616106	-1.626301	
4024.617817	-1.626342	
4024.619306	-1.626330	
4024.621029	-1.626221	
4024.622528	-1.626318	
4024.624256	-1.626285	
4024.625745	-1.626342	
4024.627445	-1.626342	
4024.628924	-1.626519	
4024.630684	-1.626334	
4024.632184	-1.626366	
4024.633944	-1.626390	
4024.635456	-1.626467	
4024.637198	-1.626434	
4024.638723	-1.626515	
4024.640447	-1.626442	
4024.641982	-1.626579	
4024.643685	-1.626555	
4024.645238	-1.626676	
4024.646939	-1.626608	
4024.648501	-1.626656	
4024.650185	-1.626414	
4024.651773	-1.626604	
4024.653447	-1.626531	
4024.655032	-1.626551	
4024.656695	-1.626471	
4024.658288	-1.626507	
4024.659939	-1.626418	
4024.661564	-1.626426	
4024.663178	-1.626249	
4024.664815	-1.626402	
4024.666447	-1.626398	
4024.668105	-1.626366	
4024.669709	-1.626313	
4024.671373	-1.626350	
4024.672971	-1.626325	
4024.674651	-1.626326	
4024.676223	-1.626257	
4024.677927	-1.626269	
4024.679501	-1.626209	
4024.681200	-1.626281	
4024.682751	-1.626201	
4024.684450	-1.626209	
4024.686010	-1.626322	
4024.687732	-1.626249	
4024.689242	-1.626172	
4024.690986	-1.626249	
4024.692467	-1.626124	
4024.694253	-1.626140	
4024.695748	-1.626269	
4024.697521	-1.626189	
4024.699009	-1.626156	
4024.700783	-1.626181	
4024.702267	-1.626213	
4024.704053	-1.626152	
4024.705543	-1.626181	
4024.707288	-1.626185	
4024.708807	-1.626257	
4024.710372	-1.626164	
4024.711934	-1.626221	
4024.713432	-1.626104	
4024.715087	-1.626189	
4024.716577	-1.626181	
4024.718204	-1.626197	
4024.719722	-1.626124	
4024.721353	-1.626205	
4024.722837	-1.626100	
4024.724481	-1.626156	
4024.725964	-1.626084	
4024.727676	-1.626120	
4024.729166	-1.626052	
4024.730888	-1.626132	
4024.732372	-1.626193	
4024.734066	-1.626096	
4024.735543	-1.626056	
4024.737217	-1.626124	
4024.738734	-1.626172	
4024.740460	-1.626019	
4024.741990	-1.626052	
4024.743693	-1.626015	
4024.745230	-1.621637	
4024.746929	-1.442489	
4024.748494	-1.265275	
4024.750176	-1.091530	
4024.751745	-0.949685	
4024.753416	-0.800568	
4024.755003	-0.636350	
4024.756655	-0.488768	
4024.758239	-0.357687	
4024.759862	-0.206717	
4024.761496	-0.030092	
4024.763111	0.134224	
4024.764781	0.306632	
4024.766371	0.458479	
4024.768026	0.615386	
4024.769625	0.756937	
4024.771317	0.917289	
4024.772890	1.060894	
4024.774588	1.207384	
4024.776142	1.358342	
4024.777844	1.532558	
4024.779406	1.621302	
4024.781084	1.629081	
4024.782633	1.629246	
4024.784358	1.629125	
4024.785843	1.629089	
4024.787619	1.629242	
4024.789100	1.629153	
4024.790890	1.629097	
4024.792378	1.629170	
4024.794181	1.629137	
4024.795669	1.629178	
4024.797466	1.629153	
4024.798946	1.629109	
4024.800736	1.629069	
4024.802209	1.629226	
4024.803975	1.629194	
4024.805479	1.629149	
4024.807216	1.629166	
4024.808735	1.629218	
4024.810473	1.629214	
4024.812001	1.629081	
4024.813726	1.629323	
4024.815259	1.629117	
4024.816787	1.629198	
4024.818387	1.629057	
4024.819881	1.629166	
4024.821506	1.629153	
4024.823031	1.629153	
4024.824681	1.629157	
4024.826159	1.629121	
4024.827811	1.629065	
4024.829296	1.629113	
4024.830930	1.629214	
4024.832410	1.629105	
4024.834043	1.629113	
4024.835533	1.629141	
4024.837206	1.629174	
4024.838724	1.629218	
4024.840365	1.629161	
4024.841911	1.629238	
4024.843521	1.629302	
4024.845112	1.629121	
4024.846698	1.629230	
4024.848299	1.629238	
4024.849959	1.629226	
4024.851559	1.629238	
4024.853205	1.629153	
4024.854821	1.629214	
4024.856435	1.629395	
4024.858118	1.629097	
4024.859709	1.629230	
4024.861411	1.629238	
4024.863004	1.629258	
4024.864662	1.629133	
4024.866265	1.629274	
4024.867946	1.629218	
4024.869514	1.629343	
4024.871230	1.629153	
4024.872781	1.629262	
4024.874490	1.629182	
4024.876045	1.629246	
4024.877751	1.629133	
4024.879310	1.629234	
4024.881058	1.629214	
4024.882575	1.629238	
4024.884308	1.629226	
4024.885787	1.629166	
4024.887569	1.629218	
4024.889053	1.629290	
4024.890818	1.629178	
4024.892306	1.629165	
4024.894078	1.629133	
4024.895562	1.629178	
4024.897345	1.629157	
4024.898838	1.629194	
4024.900582	1.629238	
4024.902092	1.629258	
4024.903827	1.629234	
4024.905350	1.629117	
4024.907085	1.629206	
4024.908626	1.629202	
4024.910345	1.629161	
4024.911891	1.629194	
4024.913594	1.629169	
4024.915145	1.629258	
4024.916840	1.629214	
4024.918415	1.629125	
4024.920087	1.629194	
4024.921675	1.629113	
4024.923352	1.629117	
4024.924964	1.629137	
4024.926471	1.629262	
4024.928130	1.629129	
4024.929628	1.629174	
4024.931274	1.629194	
4024.932765	1.629190	
4024.934412	1.629133	
4024.935896	1.629202	
4024.937545	1.629174	
4024.939030	1.629117	
4024.940670	1.629202	
4024.942156	1.629097	
4024.943830	1.629206	
4024.945354	1.629101	
4024.946983	1.629158	
4024.948537	1.629137	
4024.950115	1.629137	
4024.951710	1.629158	
4024.953284	1.629178	
4024.954885	1.629154	
4024.956432	1.629246	
4024.958095	1.629121	
4024.959695	1.629174	
4024.961338	1.629174	
4024.962949	1.629311	
4024.964637	1.629145	
4024.966206	1.629202	
4024.967903	1.629069	
4024.969467	1.629282	
4024.971175	1.629129	
4024.972740	1.629290	
4024.974441	1.629190	
4024.976011	1.629210	
4024.977729	1.629145	
4024.979253	1.629165	
4024.981017	1.629190	
4024.982520	1.629125	
4024.984264	1.629077	
4024.985746	1.629230	
4024.987537	1.629101	
4024.989021	1.629254	
4024.990785	1.629121	
4024.992276	1.629113	
4024.994062	1.629121	
4024.995545	1.629137	
4024.997288	1.629129	
4024.998796	1.629270	
4025.000564	1.629190	
4025.002075	1.629109	
4025.003804	1.629170	
4025.005340	1.629129	
4025.007064	1.629157	
4025.008611	1.629032	
4025.010319	1.629186	
4025.011871	1.629061	
4025.013564	1.629141	
4025.015122	1.629182	
4025.016800	1.629242	
4025.018372	1.629109	
4025.020037	1.629202	
4025.021632	1.629057	
4025.023280	1.629169	
4025.024882	1.629004	
4025.026524	1.629194	
4025.028148	1.626257	
4025.029758	1.579343	
4025.031438	1.518346	
4025.033050	1.482015	
4025.034717	1.464162	
4025.036199	1.397207	
4025.037769	1.342619	
4025.039277	1.333684	
4025.040911	1.287334	
4025.042404	1.250624	
4025.044049	1.227558	
4025.045548	1.209411	
4025.047146	1.170722	
4025.048685	1.150637	
4025.050238	1.121355	
4025.051826	1.101524	
4025.053319	1.048370	
4025.054962	1.028841	
4025.056525	0.989964	
4025.058153	0.959671	
4025.059670	0.935944	
4025.061342	0.916125	
4025.062820	0.897248	
4025.064563	0.870169	
4025.066039	0.850938	
4025.067761	0.829741	
4025.069307	0.798550	
4025.071020	0.776487	
4025.072537	0.759568	
4025.074292	0.725017	
4025.075779	0.708211	
4025.077569	0.693770	
4025.079046	0.690974	
4025.080813	0.668206	
4025.082305	0.649696	
4025.084092	0.637381	
4025.085569	0.608635	
4025.087337	0.578664	
4025.088837	0.567010	
4025.090615	0.540492	
4025.092110	0.525555	
4025.093872	0.510344	
4025.095397	0.509079	
4025.097127	0.482138	
4025.098659	0.475451	
4025.100382	0.465972	
4025.101929	0.442676	
4025.103649	0.415018	
4025.105206	0.416186	
4025.106892	0.392749	
4025.108454	0.388407	
4025.110152	0.375427	
4025.111721	0.381075	
4025.113389	0.362396	
4025.114976	0.361115	
4025.116609	0.353501	
4025.118235	0.344409	
4025.119887	0.323945	
4025.121493	0.315998	
4025.123119	0.303917	
4025.124766	0.279191	
4025.126364	0.274981	
4025.128032	0.275541	
4025.129622	0.275110	
4025.131297	0.261942	
4025.132878	0.267710	
4025.134565	0.259388	
4025.136144	0.235133	
4025.137834	0.224406	
4025.139402	0.223016	
4025.141129	0.195623	
4025.142678	0.192405	
4025.144381	0.199921	
4025.145916	0.200671	
4025.147636	0.188920	
4025.149122	0.194197	
4025.150665	0.194056	
4025.152189	0.182314	
4025.153768	0.177085	
4025.155312	0.179333	
4025.156856	0.163058	
4025.158474	0.143501	
4025.159967	0.143424	
4025.161638	0.150897	
4025.163140	0.147457	
4025.164782	0.143896	
4025.166294	0.145028	
4025.167978	0.151892	
4025.169467	0.123468	
4025.171204	0.135795	
4025.172678	0.132838	
4025.174408	0.116761	
4025.175889	0.101792	
4025.177599	0.110364	
4025.179083	0.112821	
4025.180793	0.105196	
4025.182267	0.110251	
4025.184048	0.112148	
4025.185539	0.105316	
4025.187322	0.088542	
4025.188815	0.094315	
4025.190589	0.091209	
4025.192098	0.078734	
4025.193846	0.080558	
4025.195360	0.087193	
4025.197080	0.090379	
4025.198617	0.085533	
4025.200310	0.098158	
4025.201870	0.086782	
4025.203574	0.070226	
4025.205129	0.078564	
4025.206819	0.069464	
4025.208384	0.064413	
4025.210046	0.061327	
4025.211622	0.067454	
4025.213261	0.061339	
4025.214882	0.069509	
4025.216522	0.063849	
4025.218132	0.065642	
4025.219771	0.045766	
4025.221402	0.044295	
4025.223012	0.046660	
4025.224686	0.031828	
4025.226264	0.038483	
4025.227952	0.040754	
4025.229519	0.049701	
4025.231201	0.039820	
4025.232763	0.045625	
4025.234437	0.056856	
4025.235992	0.043288	
4025.237719	0.029068	
4025.239263	0.038611	
4025.240988	0.028110	
4025.242472	0.009511	
4025.244251	0.015602	
4025.245738	0.024343	
4025.247513	0.014639	
4025.249005	0.018893	
4025.250813	0.021592	
4025.252299	0.011557	
4025.254094	-0.001752	
4025.255575	0.001345	
4025.257341	-0.009015	
4025.258826	-0.010594	
4025.260566	-0.010824	
4025.262076	0.002481	
4025.263631	-0.000064	
4025.265178	0.004169	
4025.266664	0.004306	
4025.268329	0.005567	
4025.269825	-0.014454	
4025.271453	-0.009632	
4025.272984	-0.016697	
4025.274603	-0.027288	
4025.276082	-0.031663	
4025.277723	-0.021121	
4025.279236	-0.008754	
4025.280944	-0.014172	
4025.282444	-0.007597	
4025.284161	-0.005523	
4025.285642	-0.023425	
4025.287332	-0.027256	
4025.288826	-0.032593	
4025.290494	-0.037653	
4025.292017	-0.041008	
4025.293746	-0.040319	
4025.295276	-0.031026	
4025.296994	-0.035522	
4025.298545	-0.035933	
4025.300241	-0.025427	
4025.301793	-0.031171	
4025.303485	-0.046217	
4025.305051	-0.043429	
4025.306733	-0.049552	
4025.308305	-0.054785	
4025.309957	-0.056981	
4025.311562	-0.048243	
4025.313202	-0.043607	
4025.314816	-0.046745	
4025.316452	-0.039844	
4025.318079	-0.040364	
4025.319705	-0.055514	
4025.321370	-0.055490	
4025.322961	-0.054366	
4025.324650	-0.062914	
4025.326231	-0.067615	
4025.327915	-0.065214	
4025.329485	-0.061774	
4025.331152	-0.068292	
4025.332713	-0.064115	
4025.334436	-0.059833	
4025.335973	-0.074504	
4025.337699	-0.085827	
4025.339229	-0.078492	
4025.340958	-0.096047	
4025.342457	-0.102134	
4025.344227	-0.091709	
4025.345716	-0.089255	
4025.347499	-0.093002	
4025.348980	-0.088458	
4025.350769	-0.087535	
4025.352252	-0.095314	
4025.354043	-0.109043	
4025.355527	-0.105405	
4025.357294	-0.115564	
4025.358786	-0.123778	
4025.360532	-0.122900	
4025.362048	-0.117683	
4025.363782	-0.126614	
4025.365309	-0.125454	
4025.367024	-0.117248	
4025.368552	-0.136089	
4025.370261	-0.147819	
4025.371843	-0.150526	
4025.373330	-0.161652	
4025.374997	-0.175949	
4025.376488	-0.181649	
4025.378128	-0.171312	
4025.379647	-0.175816	
4025.381298	-0.183353	
4025.382777	-0.177327	
4025.384431	-0.186592	
4025.385917	-0.207527	
4025.387565	-0.212627	
4025.389061	-0.207185	
4025.390777	-0.229127	
4025.392276	-0.235201	
4025.393964	-0.232229	
4025.395455	-0.229900	
4025.397111	-0.240257	
4025.398623	-0.242883	
4025.400262	-0.238924	
4025.401811	-0.252576	
4025.403518	-0.276999	
4025.405076	-0.283026	
4025.406761	-0.293814	
4025.408347	-0.314048	
4025.410019	-0.324703	
4025.411601	-0.315333	
4025.413245	-0.324368	
4025.414842	-0.337924	
4025.416479	-0.340598	
4025.418098	-0.341517	
4025.419703	-0.367415	
4025.421374	-0.382686	
4025.422963	-0.390582	
4025.424629	-0.410212	
4025.426219	-0.419078	
4025.427874	-0.421004	
4025.429450	-0.420907	
4025.431151	-0.437846	
4025.432698	-0.441037	
4025.434390	-0.448078	
4025.435942	-0.467579	
4025.437639	-0.489356	
4025.439143	-0.496962	
4025.440906	-0.520084	
4025.442387	-0.535956	
4025.444180	-0.549713	
4025.445667	-0.550224	
4025.447449	-0.574205	
4025.448930	-0.585279	
4025.450717	-0.599317	
4025.452202	-0.620712	
4025.453976	-0.643496	
4025.455468	-0.657913	
4025.457231	-0.680113	
4025.458747	-0.706491	
4025.460501	-0.721001	
4025.462013	-0.728848	
4025.463735	-0.751648	
4025.465267	-0.766344	
4025.466974	-0.782336	
4025.468515	-0.798441	
4025.470220	-0.829894	
4025.471787	-0.850080	
4025.473465	-0.871193	
4025.475024	-0.902279	
4025.476696	-0.927138	
4025.478275	-0.935787	
4025.479936	-0.960597	
4025.481541	-0.984505	
4025.483050	-1.008752	
4025.484705	-1.034795	
4025.486189	-1.068069	
4025.487833	-1.106439	
4025.489309	-1.128022	
4025.490947	-1.171669	
4025.492429	-1.198542	
4025.494068	-1.222358	
4025.495549	-1.238753	
4025.497154	-1.271213	
4025.498695	-1.299572	
4025.500336	-1.324496	
4025.501882	-1.365254	
4025.503496	-1.411975	
4025.505080	-1.443814	
4025.506655	-1.483530	
4025.508276	-1.520723	
4025.509851	-1.561977	
4025.511469	-1.588560	
4025.513096	-1.613379	
4025.514706	-1.625810	
4025.516321	-1.625890	
4025.518000	-1.626128	
4025.519587	-1.626035	
4025.521274	-1.626120	
4025.522862	-1.626044	
4025.524529	-1.626092	
4025.526103	-1.625987	
4025.527772	-1.626003	
4025.529333	-1.626068	
4025.531049	-1.626096	
4025.532588	-1.626044	
4025.534288	-1.626124	
4025.535792	-1.626052	
4025.537566	-1.626152	
4025.539050	-1.626040	
4025.540835	-1.626108	
4025.542332	-1.626128	
4025.544123	-1.626007	
4025.545605	-1.626124	
4025.547385	-1.626072	
4025.548869	-1.626072	
4025.550635	-1.626052	
4025.552126	-1.626108	
4025.553880	-1.626112	
4025.555399	-1.626088	
4025.557163	-1.626088	
4025.558674	-1.626144	
4025.560406	-1.626072	
4025.561935	-1.626193	
4025.563648	-1.626076	
4025.565189	-1.626136	
4025.566884	-1.626056	
4025.568443	-1.626116	
4025.570134	-1.626076	
4025.571713	-1.626168	
4025.573385	-1.626023	
4025.574957	-1.626164	
4025.576623	-1.626048	
4025.578209	-1.626185	
4025.579848	-1.626080	
4025.581456	-1.626249	
4025.583083	-1.626104	
4025.584730	-1.626209	
4025.586360	-1.626064	
4025.588018	-1.626160	
4025.589624	-1.626112	
4025.591274	-1.626185	
4025.592765	-1.626193	
4025.594347	-1.626221	
4025.595839	-1.626249	
4025.597479	-1.626140	
4025.598959	-1.626245	
4025.600591	-1.626217	
4025.602090	-1.626176	
4025.603675	-1.626193	
4025.605214	-1.626152	
4025.606728	-1.626209	
4025.608350	-1.626217	
4025.609928	-1.626209	
4025.611547	-1.626100	
4025.613091	-1.626052	
4025.614737	-1.626140	
4025.616233	-1.626185	
4025.617934	-1.626176	
4025.619417	-1.626156	
4025.621127	-1.626229	
4025.622606	-1.626221	
4025.624299	-1.626213	
4025.625832	-1.626152	
4025.627556	-1.626209	
4025.629044	-1.626189	
4025.630823	-1.626273	
4025.632314	-1.626168	
4025.634090	-1.626136	
4025.635571	-1.626193	
4025.637351	-1.626148	
4025.638838	-1.626209	
4025.640606	-1.626205	
4025.642108	-1.626253	
4025.643868	-1.626265	
4025.645374	-1.626217	
4025.647099	-1.626152	
4025.648615	-1.626205	
4025.650330	-1.626164	
4025.651865	-1.626189	
4025.653551	-1.626136	
4025.655105	-1.626181	
4025.656808	-1.626056	
4025.658383	-1.626309	
4025.660060	-1.626144	
4025.661624	-1.626221	
4025.663293	-1.626217	
4025.664887	-1.626217	
4025.666530	-1.626181	
4025.668138	-1.626245	
4025.669758	-1.626124	
4025.671385	-1.626261	
4025.672998	-1.626112	
4025.674650	-1.626318	
4025.676254	-1.626104	
4025.677920	-1.626277	
4025.679509	-1.626068	
4025.681204	-1.626277	
4025.682776	-1.626064	
4025.684472	-1.626233	
4025.686039	-1.626096	
4025.687707	-1.626185	
4025.689259	-1.626120	
4025.690953	-1.626289	
4025.692477	-1.626176	
4025.694225	-1.626237	
4025.695705	-1.626225	
4025.697492	-1.626301	
4025.698979	-1.626132	
4025.700773	-1.626184	
4025.702261	-1.626225	
4025.704051	-1.626120	
4025.705554	-1.626197	
4025.707158	-1.626197	
4025.708679	-1.626176	
4025.710254	-1.626177	
4025.711809	-1.626201	
4025.713304	-1.626108	
4025.714972	-1.626197	
4025.716470	-1.626197	
4025.718099	-1.626140	
4025.719622	-1.626140	
4025.721251	-1.626124	
4025.722737	-1.626225	
4025.724461	-1.626213	
4025.725933	-1.626144	
4025.727664	-1.626108	
4025.729153	-1.626108	
4025.730855	-1.626140	
4025.732335	-1.626217	
4025.734043	-1.626172	
4025.735525	-1.626209	
4025.737317	-1.626056	
4025.738803	-1.626164	
4025.740571	-1.626064	
4025.742065	-1.626152	
4025.743826	-1.626100	
4025.745336	-1.626100	
4025.747048	-1.626104	
4025.748577	-1.626132	
4025.750297	-1.626096	
4025.751835	-1.626160	
4025.753546	-1.626140	
4025.755099	-1.626128	
4025.756790	-1.626052	
4025.758356	-1.626197	
4025.760036	-1.625890	
4025.761621	-1.626148	
4025.763291	-1.626136	
4025.764884	-1.626205	
4025.766532	-1.626080	
4025.768160	-1.626144	
4025.769799	-1.626015	
4025.771396	-1.626217	
4025.773026	-1.626084	
4025.774682	-1.626189	
4025.776276	-1.626084	
4025.777935	-1.626124	
4025.779524	-1.626120	
4025.781210	-1.626148	
4025.782788	-1.625907	
4025.784477	-1.626176	
4025.786050	-1.626044	
4025.787771	-1.626096	
4025.789316	-1.626032	
4025.791034	-1.626052	
4025.792594	-1.625995	
4025.794305	-1.626185	
4025.795813	-1.626032	
4025.797558	-1.626064	
4025.799050	-1.626088	
4025.800823	-1.625939	
4025.802313	-1.625935	
4025.804097	-1.609741	
4025.805579	-1.507313	
4025.807361	-1.430976	
4025.808845	-1.366285	
4025.810605	-1.284249	
4025.812096	-1.217455	
4025.813853	-1.153840	
4025.815407	-1.089850	
4025.816905	-1.024088	
4025.818465	-0.963582	
4025.819971	-0.920693	
4025.821636	-0.851305	
4025.823131	-0.779911	
4025.824767	-0.705778	
4025.826294	-0.637043	
4025.827927	-0.550470	
4025.829420	-0.475261	
4025.831083	-0.419376	
4025.832559	-0.348627	
4025.834284	-0.262582	
4025.835768	-0.205690	
4025.837465	-0.148017	
4025.838953	-0.082142	
4025.840666	-0.020291	
4025.842151	0.037197	
4025.843831	0.109723	
4025.845347	0.194729	
4025.846999	0.266014	
4025.848548	0.315788	
4025.850258	0.383693	
4025.851804	0.425520	
4025.853518	0.471881	
4025.855074	0.537378	
4025.856754	0.595370	
4025.858316	0.643766	
4025.859985	0.703244	
4025.861569	0.787182	
4025.863217	0.857102	
4025.864820	0.919480	
4025.866468	0.978124	
4025.868084	1.038396	
4025.869717	1.086200	
4025.871360	1.142339	
4025.872962	1.221766	
4025.874625	1.260272	
4025.876202	1.307959	
4025.877881	1.376578	
4025.879474	1.454429	
4025.881144	1.517633	
4025.882705	1.567742	
4025.884405	1.613157	
4025.885976	1.627933	
4025.887682	1.629161	
4025.889231	1.629182	
4025.890957	1.629101	
4025.892491	1.629129	
4025.894219	1.629089	
4025.895707	1.629226	
4025.897465	1.629166	
4025.898958	1.629141	
4025.900765	1.629113	
4025.902255	1.629162	
4025.904042	1.629186	
4025.905526	1.629133	
4025.907293	1.629113	
4025.908772	1.629145	
4025.910543	1.629125	
4025.912056	1.629222	
4025.913835	1.629153	
4025.915340	1.629190	
4025.917067	1.629133	
4025.918586	1.629137	
4025.920303	1.629218	
4025.921838	1.629133	
4025.923550	1.629153	
4025.925104	1.629109	
4025.926831	1.629149	
4025.928410	1.629137	
4025.929902	1.629222	
4025.931558	1.629186	
4025.933068	1.629182	
4025.934686	1.629097	
4025.936217	1.629125	
4025.937841	1.629146	
4025.939339	1.629162	
4025.940985	1.629170	
4025.942466	1.629202	
4025.944104	1.629238	
4025.945592	1.629182	
4025.947294	1.629178	
4025.948776	1.629129	
4025.950460	1.629105	
4025.951963	1.629157	
4025.953615	1.629153	
4025.955166	1.629145	
4025.956778	1.629242	
4025.958362	1.629174	
4025.960036	1.629266	
4025.961609	1.629117	
4025.963264	1.629222	
4025.964847	1.629101	
4025.966502	1.629210	
4025.968105	1.629141	
4025.969734	1.629234	
4025.971358	1.629133	
4025.972983	1.629166	
4025.974673	1.629149	
4025.976284	1.629198	
4025.977920	1.629202	
4025.979519	1.629093	
4025.981182	1.629186	
4025.982749	1.629274	
4025.984450	1.629125	
4025.986009	1.629169	
4025.987735	1.629105	
4025.989299	1.629085	
4025.991006	1.629137	
4025.992567	1.629194	
4025.994262	1.629117	
4025.995784	1.629194	
4025.997546	1.629153	
4025.999031	1.629121	
4026.000807	1.629121	
4026.002289	1.629182	
4026.004076	1.629073	
4026.005561	1.629141	
4026.007330	1.629206	
4026.008825	1.629125	
4026.010609	1.629178	
4026.012087	1.629178	
4026.013825	1.629170	
4026.015332	1.629133	
4026.017054	1.629202	
4026.018578	1.629234	
4026.020315	1.629254	
4026.021854	1.629109	
4026.023591	1.629178	
4026.025145	1.629149	
4026.026821	1.629186	
4026.028368	1.629109	
4026.030062	1.629226	
4026.031634	1.629141	
4026.033298	1.629238	
4026.034896	1.629089	
4026.036545	1.629282	
4026.038182	1.629101	
4026.039686	1.629093	
4026.041323	1.629061	
4026.042806	1.629097	
4026.044440	1.629117	
4026.045926	1.629141	
4026.047558	1.629137	
4026.049057	1.629186	
4026.050684	1.629242	
4026.052180	1.629194	
4026.053785	1.629153	
4026.055290	1.629117	
4026.056940	1.629157	
4026.058472	1.629033	
4026.060091	1.629206	
4026.061655	1.629129	
4026.063244	1.629194	
4026.064858	1.629097	
4026.066417	1.629166	
4026.068045	1.629073	
4026.069651	1.629153	
4026.071341	1.629101	
4026.072943	1.629210	
4026.074588	1.629061	
4026.076197	1.629222	
4026.077852	1.629029	
4026.079426	1.629246	
4026.081125	1.629129	
4026.082681	1.629214	
4026.084386	1.629182	
4026.085928	1.629234	
4026.087644	1.629222	
4026.089190	1.629178	
4026.090919	1.629149	
4026.092447	1.629117	
4026.094218	1.629186	
4026.095714	1.629190	
4026.097484	1.629117	
4026.098965	1.629194	
4026.100740	1.629174	
4026.102229	1.629105	
4026.104007	1.629170	
4026.105497	1.629069	
4026.107291	1.629154	
4026.108772	1.629218	
4026.110528	1.629153	
4026.112023	1.629017	
4026.113760	1.629105	
4026.115275	1.629109	
4026.116996	1.629117	
4026.118524	1.629125	
4026.120264	1.629149	
4026.121798	1.629073	
4026.123502	1.629097	
4026.125053	1.629093	
4026.126734	1.629202	
4026.128303	1.629077	
4026.129972	1.629101	
4026.131552	1.629133	
4026.133182	1.629202	
4026.134794	1.629065	
4026.136448	1.629234	
4026.138061	1.629061	
4026.139694	1.629170	
4026.141326	1.629085	
4026.142942	1.629226	
4026.144619	1.629020	
4026.146212	1.629190	
4026.147893	1.629041	
4026.149376	1.629053	
4026.150962	1.629157	
4026.152458	1.629069	
4026.154097	1.629077	
4026.155590	1.629061	
4026.157206	1.629149	
4026.158735	1.629117	
4026.160328	1.629222	
4026.161858	1.629085	
4026.163409	1.628980	
4026.164993	1.627377	
4026.166583	1.612182	
4026.168190	1.559931	
4026.169762	1.515857	
4026.171390	1.484041	
4026.172893	1.462792	
4026.174600	1.421832	
4026.176088	1.388401	
4026.177821	1.371901	
4026.179299	1.342325	
4026.181045	1.304862	
4026.182590	1.291866	
4026.184296	1.268627	
4026.185846	1.232573	
4026.187545	1.193297	
4026.189067	1.175508	
4026.190855	1.139358	
4026.192335	1.098245	
4026.194126	1.078909	
4026.195602	1.071831	
4026.197364	1.040753	
4026.198843	1.017771	
4026.200628	0.992796	
4026.202110	0.962547	
4026.203863	0.913994	
4026.205367	0.896644	
4026.207119	0.863579	
4026.208628	0.829491	
4026.210339	0.804770	
4026.211866	0.793611	
4026.213578	0.764317	
4026.215122	0.745066	
4026.216840	0.718693	
4026.218403	0.695876	
4026.220093	0.660983	
4026.221653	0.641824	
4026.223333	0.611024	
4026.224902	0.587885	
4026.226596	0.559481	
4026.228182	0.543179	
4026.229826	0.524963	
4026.231440	0.489143	
4026.233075	0.470854	
4026.234692	0.454362	
4026.236312	0.419638	
4026.237960	0.383943	
4026.239558	0.376591	
4026.241223	0.341187	
4026.242810	0.318745	
4026.244493	0.300485	
4026.246059	0.277007	
4026.247755	0.257031	
4026.249327	0.229312	
4026.251028	0.212651	
4026.252584	0.180630	
4026.254297	0.155243	
4026.255841	0.120890	
4026.257562	0.091523	
4026.259070	0.061661	
4026.260837	0.054145	
4026.262333	0.040299	
4026.263886	0.005438	
4026.265400	-0.014220	
4026.266979	-0.039292	
4026.268533	-0.065428	
4026.270069	-0.105369	
4026.271676	-0.134747	
4026.273166	-0.154470	
4026.274798	-0.189806	
4026.276348	-0.218448	
4026.278011	-0.228668	
4026.279514	-0.246235	
4026.281218	-0.283171	
4026.282700	-0.289958	
4026.284408	-0.307031	
4026.285894	-0.337078	
4026.287616	-0.375967	
4026.289102	-0.395323	
4026.290810	-0.435437	
4026.292299	-0.469517	
4026.294080	-0.490363	
4026.295564	-0.501800	
4026.297341	-0.530703	
4026.298826	-0.550953	
4026.300593	-0.563079	
4026.302074	-0.583627	
4026.303841	-0.620474	
4026.305339	-0.641599	
4026.307078	-0.664701	
4026.308591	-0.695808	
4026.310337	-0.720050	
4026.311865	-0.733509	
4026.313567	-0.760970	
4026.315113	-0.795198	
4026.316799	-0.820359	
4026.318358	-0.842004	
4026.320040	-0.885602	
4026.321609	-0.906070	
4026.323289	-0.925817	
4026.324871	-0.956541	
4026.326521	-0.978467	
4026.328118	-0.995321	
4026.329753	-1.008079	
4026.331378	-1.037977	
4026.333004	-1.051923	
4026.334615	-1.073120	
4026.336221	-1.114556	
4026.337892	-1.147060	
4026.339472	-1.160329	
4026.341162	-1.190075	
4026.342736	-1.213870	
4026.344427	-1.229234	
4026.345987	-1.242060	
4026.347675	-1.263752	
4026.349230	-1.276808	
4026.350950	-1.314683	
4026.352507	-1.357653	
4026.354246	-1.406214	
4026.355778	-1.435150	
4026.357513	-1.480621	
4026.358997	-1.509903	
4026.360767	-1.529042	
4026.362251	-1.550255	
4026.364032	-1.567927	
4026.365517	-1.570759	
4026.367285	-1.579899	
4026.368769	-1.602111	
4026.370532	-1.622660	
4026.372042	-1.625975	
4026.373535	-1.626060	
4026.375110	-1.626124	
4026.376613	-1.626023	
4026.378274	-1.626044	
4026.379763	-1.626040	
4026.381401	-1.626096	
4026.382930	-1.626116	
4026.384582	-1.626096	
4026.386058	-1.626108	
4026.387699	-1.626108	
4026.389170	-1.626060	
4026.390869	-1.626076	
4026.392354	-1.626040	
4026.394063	-1.626132	
4026.395563	-1.626076	
4026.397271	-1.626072	
4026.398773	-1.626201	
4026.400461	-1.626096	
4026.401963	-1.626181	
4026.403609	-1.626056	
4026.405139	-1.626015	
4026.406863	-1.626064	
4026.408408	-1.626128	
4026.410095	-1.626064	
4026.411644	-1.626120	
4026.413316	-1.626024	
4026.414902	-1.626076	
4026.416572	-1.626015	
4026.418156	-1.626124	
4026.419810	-1.625991	
4026.421406	-1.626108	
4026.423052	-1.625979	
4026.424682	-1.626132	
4026.426300	-1.626092	
4026.427958	-1.626156	
4026.429560	-1.625963	
4026.431206	-1.626076	
4026.432810	-1.626031	
4026.434478	-1.626120	
4026.436064	-1.626032	
4026.437753	-1.626189	
4026.439317	-1.626056	
4026.441027	-1.626092	
4026.442565	-1.626011	
4026.444284	-1.626116	
4026.445830	-1.626044	
4026.447537	-1.626116	
4026.449043	-1.626060	
4026.450828	-1.626076	
4026.452307	-1.626036	
4026.454086	-1.626084	
4026.455571	-1.626104	
4026.457337	-1.626100	
4026.458823	-1.626128	
4026.460589	-1.626104	
4026.462079	-1.626076	
4026.463850	-1.626060	
4026.465337	-1.626104	
4026.467081	-1.625979	
4026.468589	-1.626152	
4026.470319	-1.626031	
4026.471851	-1.626048	
4026.473568	-1.625983	
4026.475092	-1.626076	
4026.476804	-1.625971	
4026.478372	-1.626176	
4026.480060	-1.626056	
4026.481621	-1.626168	
4026.483304	-1.626036	
4026.484912	-1.626100	
4026.486408	-1.626076	
4026.488041	-1.626225	
4026.489562	-1.626096	
4026.491207	-1.626128	
4026.492689	-1.626144	
4026.494344	-1.626116	
4026.495815	-1.626189	
4026.497459	-1.626140	
4026.498944	-1.626181	
4026.500597	-1.626040	
4026.502078	-1.626124	
4026.503758	-1.626181	
4026.505274	-1.626189	
4026.506914	-1.626052	
4026.508456	-1.626217	
4026.510077	-1.626100	
4026.511649	-1.626064	
4026.513249	-1.626060	
4026.514832	-1.626124	
4026.516413	-1.626052	
4026.518017	-1.626112	
4026.519660	-1.626048	
4026.521286	-1.626221	
4026.522875	-1.625975	
4026.524556	-1.626164	
4026.526143	-1.625947	
4026.527832	-1.626084	
4026.529413	-1.626072	
4026.531082	-1.626160	
4026.532646	-1.626064	
4026.534354	-1.626056	
4026.535903	-1.626092	
4026.537601	-1.626128	
4026.539154	-1.626088	
4026.540859	-1.626160	
4026.542368	-1.626104	
4026.544121	-1.626128	
4026.545608	-1.626060	
4026.547387	-1.626185	
4026.548885	-1.626068	
4026.550671	-1.626068	
4026.552151	-1.626068	
4026.553938	-1.626040	
4026.555424	-1.626092	
4026.557178	-1.626140	
4026.558673	-1.626100	
4026.560434	-1.625991	
4026.561951	-1.626064	
4026.563713	-1.626047	
4026.565225	-1.626164	
4026.566957	-1.626072	
4026.568489	-1.626100	
4026.570204	-1.626056	
4026.571757	-1.626064	
4026.573465	-1.625947	
4026.575027	-1.626144	
4026.576737	-1.626084	
4026.578286	-1.626193	
4026.579980	-1.626060	
4026.581555	-1.626152	
4026.583224	-1.626019	
4026.584810	-1.626112	
4026.586442	-1.625999	
4026.588050	-1.626112	
4026.589662	-1.625963	
4026.591298	-1.626148	
4026.592916	-1.626048	
4026.594572	-1.626056	
4026.596174	-1.626068	
4026.597840	-1.626100	
4026.599323	-1.626164	
4026.600983	-1.626044	
4026.602454	-1.626124	
4026.604097	-1.626023	
4026.605573	-1.626132	
4026.607224	-1.626112	
4026.608703	-1.626160	
4026.610285	-1.626136	
4026.611824	-1.626168	
4026.613366	-1.626023	
4026.614957	-1.626096	
4026.616541	-1.625999	
4026.618161	-1.626108	
4026.619716	-1.626112	
4026.621333	-1.626140	
4026.622841	-1.626023	
4026.624536	-1.626197	
4026.626016	-1.626011	
4026.627736	-1.626120	
4026.629306	-1.626084	
4026.630991	-1.626056	
4026.632543	-1.626120	
4026.634254	-1.626035	
4026.635797	-1.626088	
4026.637518	-1.626084	
4026.639025	-1.626096	
4026.640769	-1.626096	
4026.642251	-1.626052	
4026.644038	-1.626048	
4026.645526	-1.626023	
4026.647295	-1.626096	
4026.648781	-1.626100	
4026.650568	-1.626056	
4026.652046	-1.626076	
4026.653815	-1.626120	
4026.655315	-1.626088	
4026.657074	-1.626104	
4026.658589	-1.626027	
4026.660321	-1.626044	
4026.661835	-1.626104	
4026.663558	-1.626035	
4026.665094	-1.626100	
4026.666778	-1.626060	
4026.668330	-1.626161	
4026.670019	-1.626080	
4026.671592	-1.626032	
4026.673263	-1.625967	
4026.674857	-1.626019	
4026.676501	-1.625927	
4026.678100	-1.626060	
4026.679736	-1.625858	
4026.681329	-1.623925	
4026.682952	-1.568197	
4026.684581	-1.510926	
4026.686168	-1.488783	
4026.687833	-1.463485	
4026.689402	-1.425788	
4026.691095	-1.408659	
4026.692676	-1.393086	
4026.694364	-1.361101	
4026.695929	-1.328830	
4026.697637	-1.312370	
4026.699183	-1.280132	
4026.700896	-1.243478	
4026.702434	-1.229625	
4026.704165	-1.212375	
4026.705669	-1.179633	
4026.707412	-1.152426	
4026.708911	-1.127350	
4026.710461	-1.097480	
4026.711996	-1.053337	
4026.713572	-1.021731	
4026.715118	-0.993456	
4026.716650	-0.955328	
4026.718301	-0.922441	
4026.719787	-0.909264	
4026.721432	-0.888426	
4026.722944	-0.852042	
4026.724592	-0.835163	
4026.726080	-0.811171	
4026.727798	-0.781369	
4026.729271	-0.744957	
4026.731013	-0.728538	
4026.732486	-0.691461	
4026.734201	-0.652455	
4026.735680	-0.629707	
4026.737393	-0.616732	
4026.738879	-0.586991	
4026.740593	-0.561383	
4026.742073	-0.540669	
4026.743869	-0.498275	
4026.745350	-0.461013	
4026.747110	-0.434321	
4026.748617	-0.407380	
4026.750366	-0.356865	
4026.751875	-0.332228	
4026.753603	-0.323277	
4026.755124	-0.303119	
4026.756830	-0.273241	
4026.758376	-0.260032	
4026.760073	-0.233804	
4026.761637	-0.198020	
4026.763312	-0.167191	
4026.764893	-0.149906	
4026.766562	-0.107198	
4026.768141	-0.079882	
4026.769787	-0.063116	
4026.771387	-0.042378	
4026.773019	-0.006457	
4026.774657	0.015227	
4026.776295	0.031288	
4026.777920	0.077646	
4026.779523	0.115226	
4026.781198	0.146591	
4026.782783	0.182020	
4026.784471	0.212917	
4026.786047	0.231814	
4026.787748	0.252978	
4026.789325	0.290764	
4026.791009	0.301262	
4026.792575	0.334338	
4026.794301	0.367693	
4026.795838	0.402175	
4026.797556	0.414703	
4026.799083	0.439864	
4026.800820	0.470496	
4026.802338	0.480583	
4026.804091	0.498754	
4026.805585	0.533527	
4026.807367	0.553987	
4026.808851	0.593452	
4026.810631	0.624631	
4026.812111	0.658997	
4026.813892	0.690434	
4026.815377	0.715301	
4026.817138	0.749191	
4026.818634	0.774718	
4026.820388	0.782272	
4026.821897	0.816021	
4026.823471	0.838902	
4026.825044	0.866286	
4026.826535	0.875833	
4026.828208	0.905969	
4026.829698	0.938711	
4026.831335	0.958225	
4026.832857	0.990524	
4026.834495	1.018077	
4026.835983	1.025917	
4026.837637	1.043605	
4026.839110	1.096827	
4026.840839	1.101359	
4026.842332	1.112530	
4026.844035	1.157812	
4026.845525	1.181478	
4026.847238	1.200729	
4026.848730	1.224923	
4026.850409	1.246028	
4026.851920	1.261106	
4026.853648	1.263221	
4026.855174	1.287733	
4026.856889	1.318663	
4026.858424	1.350418	
4026.860152	1.375333	
4026.861694	1.411141	
4026.863391	1.443951	
4026.864949	1.475896	
4026.866634	1.499687	
4026.868215	1.500058	
4026.869892	1.493762	
4026.871467	1.506733	
4026.873122	1.517126	
4026.874704	1.522053	
4026.876343	1.524997	
4026.877969	1.553272	
4026.879594	1.590252	
4026.881264	1.610559	
4026.882859	1.624239	
4026.884516	1.629073	
4026.886110	1.629174	
4026.887787	1.629065	
4026.889393	1.629242	
4026.891087	1.629101	
4026.892653	1.629073	
4026.894345	1.629045	
4026.895896	1.629137	
4026.897588	1.629117	
4026.899155	1.629117	
4026.900847	1.629113	
4026.902391	1.629190	
4026.904145	1.629178	
4026.905655	1.629121	
4026.907415	1.629226	
4026.908897	1.629117	
4026.910684	1.629125	
4026.912171	1.629141	
4026.913944	1.629198	
4026.915438	1.629182	
4026.917238	1.629190	
4026.918725	1.629113	
4026.920513	1.629153	
4026.922000	1.629085	
4026.923745	1.629161	
4026.925246	1.628988	
4026.926962	1.629177	
4026.928483	1.629053	
4026.930224	1.629218	
4026.931758	1.629089	
4026.933291	1.629153	
4026.934911	1.629137	
4026.936410	1.629117	
4026.938049	1.629158	
4026.939578	1.629117	
4026.941239	1.629077	
4026.942734	1.629145	
4026.944403	1.629085	
4026.945882	1.629162	
4026.947528	1.629129	
4026.949020	1.629053	
4026.950717	1.629089	
4026.952199	1.629113	
4026.953912	1.629242	
4026.955388	1.629113	
4026.957088	1.629210	
4026.958583	1.629085	
4026.960266	1.629097	
4026.961799	1.629186	
4026.963413	1.629202	
4026.964980	1.629089	
4026.966675	1.629129	
4026.968242	1.629101	
4026.969937	1.629157	
4026.971509	1.629101	
4026.973184	1.629218	
4026.974777	1.629150	
4026.976410	1.629266	
4026.978030	1.629081	
4026.979669	1.629234	
4026.981283	1.629121	
4026.982918	1.629194	
4026.984567	1.629105	
4026.986175	1.629166	
4026.987865	1.629081	
4026.989452	1.629214	
4026.991135	1.629085	
4026.992731	1.629234	
4026.994409	1.629149	
4026.995992	1.629198	
4026.997671	1.629274	
4026.999245	1.629141	
4027.000951	1.629109	
4027.002489	1.629214	
4027.004200	1.629153	
4027.005733	1.629117	
4027.007467	1.629169	
4027.008967	1.629149	
4027.010738	1.629069	
4027.012233	1.629089	
4027.014036	1.629129	
4027.015520	1.629190	
4027.017303	1.629254	
4027.018785	1.629141	
4027.020539	1.629186	
4027.022015	1.629113	
4027.023765	1.629194	
4027.025281	1.629169	
4027.027033	1.629105	
4027.028538	1.629198	
4027.030291	1.629182	
4027.031816	1.629129	
4027.033549	1.629238	
4027.035079	1.629238	
4027.036798	1.629250	
4027.038337	1.629113	
4027.040030	1.629174	
4027.041600	1.629113	
4027.043295	1.629234	
4027.044894	1.629190	
4027.046388	1.629073	
4027.048023	1.629153	
4027.049548	1.629097	
4027.051203	1.629174	
4027.052684	1.629145	
4027.054328	1.629149	
4027.055810	1.629057	
4027.057455	1.629157	
4027.058940	1.629109	
4027.060587	1.629061	
4027.062073	1.629121	
4027.063768	1.629234	
4027.065266	1.629129	
4027.066921	1.629190	
4027.068460	1.629057	
4027.070101	1.629182	
4027.071666	1.629169	
4027.073278	1.629266	
4027.074863	1.629097	
4027.076447	1.629113	
4027.078039	1.629150	
4027.079699	1.629178	
4027.081302	1.629117	
4027.082939	1.629117	
4027.084577	1.629065	
4027.086183	1.629194	
4027.087855	1.629170	
4027.089469	1.629218	
4027.091118	1.629145	
4027.092707	1.629121	
4027.094374	1.629133	
4027.095943	1.629194	
4027.097648	1.629101	
4027.099198	1.629210	
4027.100907	1.629170	
4027.102444	1.629133	
4027.104140	1.629149	
4027.105647	1.629242	
4027.107393	1.629174	
4027.108886	1.629226	
4027.110698	1.629238	
4027.112177	1.629202	
4027.113964	1.629270	
4027.115446	1.629234	
4027.117218	1.629214	
4027.118700	1.629210	
4027.120488	1.629242	
4027.121983	1.629077	
4027.123744	1.629198	
4027.125241	1.629230	
4027.126996	1.629178	
4027.128513	1.629101	
4027.130261	1.629194	
4027.131782	1.629170	
4027.133499	1.629165	
4027.135047	1.629093	
4027.136747	1.629093	
4027.138304	1.629105	
4027.139998	1.629258	
4027.141565	1.629141	
4027.143238	1.629117	
4027.144818	1.629065	
4027.146486	1.629000	
4027.148057	1.627482	
4027.149695	1.624569	
4027.151313	1.616271	
4027.152953	1.589821	
4027.154576	1.574904	
4027.156114	1.561848	
4027.157754	1.521698	
4027.159252	1.490478	
4027.160906	1.484509	
4027.162400	1.467513	
4027.164056	1.444262	
4027.165539	1.434034	
4027.167193	1.410589	
4027.168678	1.404256	
4027.170270	1.379941	
4027.171799	1.366797	
4027.173347	1.365161	
4027.174913	1.337447	
4027.176517	1.322941	
4027.178121	1.314235	
4027.179687	1.299085	
4027.181303	1.280377	
4027.182835	1.270242	
4027.184522	1.251285	
4027.185998	1.227780	
4027.187727	1.207135	
4027.189310	1.180483	
4027.190990	1.157155	
4027.192554	1.141582	
4027.194274	1.134343	
4027.195823	1.117520	
4027.197543	1.100835	
4027.199086	1.086998	
4027.200807	1.079183	
4027.202318	1.057402	
4027.204056	1.023600	
4027.205546	1.002093	
4027.207331	0.963675	
4027.208815	0.936963	
4027.210599	0.917394	
4027.212081	0.917321	
4027.213849	0.881062	
4027.215333	0.870456	
4027.217097	0.858516	
4027.218595	0.846096	
4027.220355	0.805326	
4027.221867	0.789506	
4027.223615	0.766215	
4027.225131	0.730560	
4027.226837	0.714688	
4027.228376	0.698519	
4027.230093	0.679159	
4027.231640	0.659883	
4027.233354	0.655408	
4027.234922	0.645538	
4027.236613	0.610158	
4027.238180	0.595285	
4027.239864	0.579389	
4027.241434	0.555719	
4027.243085	0.519939	
4027.244684	0.510622	
4027.246318	0.498295	
4027.247944	0.480188	
4027.249565	0.475136	
4027.251193	0.471213	
4027.252814	0.437314	
4027.254481	0.420226	
4027.256079	0.407565	
4027.257761	0.383822	
4027.259332	0.368873	
4027.261024	0.356398	
4027.262587	0.352619	
4027.264296	0.338189	
4027.265779	0.331390	
4027.267336	0.323808	
4027.268832	0.313826	
4027.270449	0.280552	
4027.271959	0.268959	
4027.273539	0.254437	
4027.275080	0.230090	
4027.276625	0.206935	
4027.278240	0.200904	
4027.279733	0.189271	
4027.281385	0.166329	
4027.282944	0.157789	
4027.284561	0.143654	
4027.286069	0.125627	
4027.287769	0.094383	
4027.289258	0.091407	
4027.290985	0.061436	
4027.292460	0.033580	
4027.294178	0.013007	
4027.295663	0.018007	
4027.297383	-0.020117	
4027.298866	-0.042354	
4027.300628	-0.052622	
4027.302109	-0.072502	
4027.303883	-0.111657	
4027.305370	-0.123037	
4027.307151	-0.148009	
4027.308635	-0.174744	
4027.310389	-0.197170	
4027.311886	-0.203712	
4027.313619	-0.222170	
4027.315139	-0.240261	
4027.316856	-0.247532	
4027.318385	-0.261664	
4027.320095	-0.294958	
4027.321648	-0.310370	
4027.323348	-0.323853	
4027.324908	-0.353207	
4027.326588	-0.377115	
4027.328162	-0.389035	
4027.329823	-0.399706	
4027.331408	-0.420093	
4027.333040	-0.427006	
4027.334647	-0.444630	
4027.336271	-0.465823	
4027.337885	-0.487648	
4027.339501	-0.495773	
4027.341154	-0.519746	
4027.342757	-0.540480	
4027.344427	-0.552105	
4027.346002	-0.557350	
4027.347688	-0.578829	
4027.349246	-0.584255	
4027.350937	-0.596300	
4027.352508	-0.619979	
4027.354204	-0.645853	
4027.355762	-0.652399	
4027.357486	-0.671243	
4027.359013	-0.704457	
4027.360754	-0.724050	
4027.362237	-0.724465	
4027.364028	-0.732067	
4027.365510	-0.744297	
4027.367284	-0.752486	
4027.368769	-0.769252	
4027.370558	-0.798550	
4027.372038	-0.813785	
4027.373818	-0.830906	
4027.375326	-0.848715	
4027.376818	-0.868828	
4027.378395	-0.868566	
4027.379917	-0.878665	
4027.381541	-0.896188	
4027.383038	-0.899447	
4027.384674	-0.913063	
4027.386182	-0.939521	
4027.387831	-0.974426	
4027.389313	-0.983945	
4027.390966	-1.008224	
4027.392441	-1.021663	
4027.394142	-1.029127	
4027.395624	-1.029341	
4027.397337	-1.052979	
4027.398821	-1.058695	
4027.400541	-1.074554	
4027.402030	-1.086196	
4027.403727	-1.119120	
4027.405235	-1.139882	
4027.406901	-1.155520	
4027.408428	-1.177389	
4027.410147	-1.195581	
4027.411680	-1.198776	
4027.413393	-1.200629	
4027.414945	-1.223292	
4027.416624	-1.215231	
4027.418177	-1.228698	
4027.419831	-1.252223	
4027.421417	-1.277662	
4027.423085	-1.294557	
4027.424668	-1.327597	
4027.426295	-1.339135	
4027.427900	-1.345499	
4027.429514	-1.343348	
4027.431172	-1.363228	
4027.432744	-1.378519	
4027.434411	-1.388486	
4027.436006	-1.416055	
4027.437676	-1.438437	
4027.439253	-1.449982	
4027.440950	-1.474212	
4027.442514	-1.500392	
4027.444217	-1.502596	
4027.445762	-1.500980	
4027.447482	-1.509166	
4027.449012	-1.501931	
4027.450755	-1.507301	
4027.452269	-1.530435	
4027.454018	-1.568237	
4027.455508	-1.579798	
4027.457306	-1.591646	
4027.458786	-1.605543	
4027.460569	-1.620811	
4027.462052	-1.625145	
4027.463831	-1.625983	
4027.465309	-1.626036	
4027.467076	-1.626023	
4027.468578	-1.626044	
4027.470344	-1.625931	
4027.471855	-1.625995	
4027.473600	-1.625991	
4027.475117	-1.626032	
4027.476848	-1.625923	
4027.478382	-1.626060	
4027.480091	-1.625927	
4027.481634	-1.626040	
4027.483313	-1.625947	
4027.484898	-1.626092	
4027.486395	-1.626068	
4027.488058	-1.626176	
4027.489557	-1.626084	
4027.491222	-1.626108	
4027.492719	-1.626100	
4027.494350	-1.626132	
4027.495840	-1.626132	
4027.497497	-1.626140	
4027.498985	-1.626152	
4027.500631	-1.626112	
4027.502124	-1.626120	
4027.503837	-1.626068	
4027.505311	-1.626023	
4027.506984	-1.626019	
4027.508489	-1.626120	
4027.510139	-1.626088	
4027.511690	-1.626088	
4027.513307	-1.626044	
4027.514885	-1.626092	
4027.516480	-1.626072	
4027.518083	-1.626096	
4027.519724	-1.625999	
4027.521320	-1.626140	
4027.522952	-1.625971	
4027.524555	-1.626132	
4027.526186	-1.625955	
4027.527849	-1.626108	
4027.529438	-1.625907	
4027.531133	-1.626124	
4027.532716	-1.626035	
4027.534383	-1.626048	
4027.535975	-1.626048	
4027.537632	-1.626072	
4027.539193	-1.625991	
4027.540893	-1.626144	
4027.542429	-1.626072	
4027.544143	-1.626040	
4027.545667	-1.626088	
4027.547404	-1.626176	
4027.548899	-1.626024	
4027.550666	-1.626080	
4027.552163	-1.626032	
4027.553940	-1.626019	
4027.555427	-1.626064	
4027.557199	-1.626100	
4027.558676	-1.626068	
4027.560460	-1.626048	
4027.561941	-1.626040	
4027.563702	-1.626007	
4027.565201	-1.626080	
4027.566952	-1.625995	
4027.568475	-1.626064	
4027.570224	-1.626003	
4027.571754	-1.626064	
4027.573470	-1.626011	
4027.575009	-1.626076	
4027.576719	-1.625991	
4027.578263	-1.626064	
4027.579978	-1.626023	
4027.581546	-1.626088	
4027.583227	-1.625999	
4027.584805	-1.626108	
4027.586476	-1.626027	
4027.588055	-1.626116	
4027.589680	-1.626031	
4027.591285	-1.626120	
4027.592918	-1.626003	
4027.594541	-1.626205	
4027.596061	-1.626100	
4027.597707	-1.626132	
4027.599182	-1.626116	
4027.600821	-1.626132	
4027.602308	-1.626100	
4027.603947	-1.626096	
4027.605441	-1.626172	
4027.607074	-1.626076	
4027.608589	-1.626120	
4027.610167	-1.626068	
4027.611699	-1.626088	
4027.613321	-1.625979	
4027.614886	-1.626092	
4027.616493	-1.626027	
4027.618072	-1.626225	
4027.619643	-1.626064	
4027.621256	-1.626100	
4027.622803	-1.626036	
4027.624483	-1.626160	
4027.626068	-1.625995	
4027.627739	-1.626080	
4027.629323	-1.626027	
4027.631023	-1.626205	
4027.632594	-1.626104	
4027.634284	-1.626168	
4027.635857	-1.626068	
4027.637574	-1.626072	
4027.639116	-1.626052	
4027.640821	-1.626076	
4027.642370	-1.626003	
4027.644082	-1.626060	
4027.645587	-1.626015	
4027.647357	-1.626100	
4027.648840	-1.626035	
4027.650639	-1.626164	
4027.652123	-1.626040	
4027.653903	-1.626056	
4027.655383	-1.626132	
4027.657180	-1.626031	
4027.658668	-1.625991	
4027.660448	-1.626032	
4027.661922	-1.625995	
4027.663689	-1.625991	
4027.665194	-1.626080	
4027.666944	-1.626027	
4027.668454	-1.626044	
4027.670195	-1.626040	
4027.671722	-1.626052	
4027.673425	-1.626088	
4027.674965	-1.626140	
4027.676658	-1.625999	
4027.678216	-1.626100	
4027.679902	-1.626032	
4027.681458	-1.626104	
4027.683123	-1.625947	
4027.684714	-1.626068	
4027.686378	-1.625959	
4027.687972	-1.626116	
4027.689585	-1.625947	
4027.691212	-1.626096	
4027.692828	-1.625995	
4027.694511	-1.625999	
4027.696121	-1.625959	
4027.697776	-1.626068	
4027.699381	-1.625927	
4027.701079	-1.626084	
4027.702668	-1.625967	
4027.704352	-1.626048	
4027.705822	-1.626084	
4027.707406	-1.625995	
4027.708898	-1.625991	
4027.710534	-1.625971	
4027.712022	-1.625480	
4027.713642	-1.619433	
4027.715163	-1.608375	
4027.716713	-1.585825	
4027.718302	-1.569031	
4027.719786	-1.566098	
4027.721427	-1.564350	
4027.722991	-1.544647	
4027.724607	-1.543346	
4027.726146	-1.531233	
4027.727820	-1.510258	
4027.729299	-1.486776	
4027.731007	-1.478667	
4027.732497	-1.468355	
4027.734218	-1.451231	
4027.735698	-1.439258	
4027.737420	-1.443939	
4027.738932	-1.433079	
4027.740689	-1.425864	
4027.742175	-1.429252	
4027.743956	-1.407777	
4027.745447	-1.379619	
4027.747221	-1.379394	
4027.748709	-1.357794	
4027.750493	-1.332999	
4027.751972	-1.316556	
4027.753758	-1.314852	
4027.755241	-1.306557	
4027.756974	-1.278674	
4027.758483	-1.270468	
4027.760208	-1.259607	
4027.761731	-1.239957	
4027.763453	-1.222543	
4027.764995	-1.220682	
4027.766709	-1.218446	
4027.768257	-1.206905	
4027.769955	-1.200927	
4027.771518	-1.202260	
4027.773204	-1.190224	
4027.774771	-1.186562	
4027.776435	-1.180789	
4027.778030	-1.157183	
4027.779689	-1.134742	
4027.781298	-1.123603	
4027.782957	-1.097633	
4027.784565	-1.073084	
4027.786201	-1.064290	
4027.787838	-1.061342	
4027.789426	-1.045168	
4027.791095	-1.044004	
4027.792690	-1.042271	
4027.794373	-1.019862	
4027.795967	-0.996236	
4027.797649	-0.981589	
4027.799228	-0.967147	
4027.800929	-0.943404	
4027.802481	-0.938091	
4027.804181	-0.937741	
4027.805718	-0.932274	
4027.807416	-0.933934	
4027.808953	-0.932121	
4027.810674	-0.927726	
4027.812165	-0.899447	
4027.813961	-0.876377	
4027.815441	-0.861348	
4027.817222	-0.826801	
4027.818699	-0.807606	
4027.820205	-0.799158	
4027.821778	-0.792834	
4027.823326	-0.770529	
4027.824937	-0.776608	
4027.826426	-0.768680	
4027.828096	-0.753308	
4027.829584	-0.741916	
4027.831213	-0.741674	
4027.832734	-0.724070	
4027.834376	-0.707639	
4027.835854	-0.694692	
4027.837573	-0.690333	
4027.839051	-0.672270	
4027.840743	-0.662888	
4027.842222	-0.662038	
4027.843937	-0.659247	
4027.845435	-0.635185	
4027.847147	-0.628386	
4027.848624	-0.617920	
4027.850378	-0.596300	
4027.851866	-0.576565	
4027.853615	-0.572441	
4027.855127	-0.558619	
4027.856868	-0.525514	
4027.858386	-0.523323	
4027.860117	-0.514606	
4027.861661	-0.490557	
4027.863355	-0.470367	
4027.864903	-0.482029	
4027.866604	-0.473082	
4027.868162	-0.467213	
4027.869836	-0.476812	
4027.871407	-0.477610	
4027.873076	-0.465484	
4027.874685	-0.462294	
4027.876334	-0.451897	
4027.877943	-0.422885	
4027.879597	-0.391186	
4027.881200	-0.383887	
4027.882825	-0.367520	
4027.884480	-0.353932	
4027.886070	-0.361663	
4027.887744	-0.370855	
4027.889318	-0.355560	
4027.891003	-0.352148	
4027.892584	-0.353042	
4027.894255	-0.334455	
4027.895827	-0.304622	
4027.897529	-0.293463	
4027.899070	-0.273382	
4027.900790	-0.245865	
4027.902327	-0.236446	
4027.904045	-0.246956	
4027.905549	-0.238299	
4027.907291	-0.236567	
4027.908782	-0.246803	
4027.910578	-0.245264	
4027.912065	-0.226976	
4027.913844	-0.213638	
4027.915339	-0.212305	
4027.917137	-0.191043	
4027.918623	-0.180469	
4027.920395	-0.182709	
4027.921878	-0.177971	
4027.923630	-0.159872	
4027.925152	-0.162047	
4027.926904	-0.156819	
4027.928426	-0.131964	
4027.929977	-0.109804	
4027.931575	-0.097272	
4027.933076	-0.075672	
4027.934736	-0.053403	
4027.936235	-0.061158	
4027.937863	-0.085070	
4027.939388	-0.072099	
4027.941043	-0.061939	
4027.942521	-0.053939	
4027.944160	-0.046620	
4027.945645	-0.032919	
4027.947351	-0.027614	
4027.948830	-0.017866	
4027.950543	-0.003537	
4027.952033	0.000939	
4027.953732	-0.012786	
4027.955247	-0.011690	
4027.956904	0.006800	
4027.958427	0.005346	
4027.960070	0.009620	
4027.961612	0.022204	
4027.963322	0.037713	
4027.964858	0.041754	
4027.966544	0.066782	
4027.968117	0.095810	
4027.969805	0.091467	
4027.971399	0.084466	
4027.973049	0.081650	
4027.974632	0.077992	
4027.976292	0.068671	
4027.977895	0.086258	
4027.979540	0.119726	
4027.981162	0.122026	
4027.982764	0.134663	
4027.984434	0.163747	
4027.986030	0.166406	
4027.987698	0.166358	
4027.989291	0.176013	
4027.990952	0.174986	
4027.992530	0.159485	
4027.994240	0.170076	
4027.995795	0.168138	
4027.997509	0.153725	
4027.999059	0.145773	
4028.000782	0.147247	
4028.002317	0.162837	
4028.004036	0.151852	
4028.005560	0.169435	
4028.007296	0.178785	
4028.008781	0.187426	
4028.010570	0.211439	
4028.012058	0.239633	
4028.013835	0.250952	
4028.015314	0.265120	
4028.017100	0.284134	
4028.018582	0.272411	
4028.020345	0.259114	
4028.021851	0.261784	
4028.023592	0.265112	
4028.025105	0.260459	
4028.026842	0.259444	
4028.028363	0.271400	
4028.030083	0.279694	
4028.031623	0.276000	
4028.033325	0.285269	
4028.034882	0.290063	
4028.036562	0.270562	
4028.038143	0.262735	
4028.039821	0.255444	
4028.041419	0.261313	
4028.042908	0.259726	
4028.044539	0.267863	
4028.046070	0.296243	
4028.047701	0.299904	
4028.049183	0.323096	
4028.050843	0.334334	
4028.052317	0.329496	
4028.053962	0.309951	
4028.055439	0.310471	
4028.057077	0.302700	
4028.058555	0.298402	
4028.060226	0.298942	
4028.061751	0.309552	
4028.063395	0.328469	
4028.064944	0.328276	
4028.066563	0.344925	
4028.068150	0.359032	
4028.069736	0.360043	
4028.071334	0.351979	
4028.072991	0.351668	
4028.074589	0.338024	
4028.076233	0.329226	
4028.077847	0.318910	
4028.079462	0.331333	
4028.081123	0.329102	
4028.082711	0.334911	
4028.084386	0.346673	
4028.085976	0.335080	
4028.087651	0.323277	
4028.089255	0.325118	
4028.090930	0.333194	
4028.092489	0.330902	
4028.094204	0.322528	
4028.095755	0.350432	
4028.097469	0.355330	
4028.099034	0.352728	
4028.100718	0.383685	
4028.102240	0.380737	
4028.103990	0.368877	
4028.105490	0.371427	
4028.107277	0.370666	
4028.108762	0.360768	
4028.110556	0.337863	
4028.112043	0.362343	
4028.113829	0.377276	
4028.115317	0.361199	
4028.117097	0.354327	
4028.118596	0.341448	
4028.120379	0.323043	
4028.121868	0.311627	
4028.123604	0.315208	
4028.125115	0.308118	
4028.126852	0.299292	
4028.128377	0.322475	
4028.130102	0.350214	
4028.131642	0.356797	
4028.133377	0.379053	
4028.134915	0.390219	
4028.136650	0.372007	
4028.138205	0.360104	
4028.139898	0.356277	
4028.141469	0.336300	
4028.143156	0.328522	
4028.144740	0.325464	
4028.146398	0.345972	
4028.147979	0.340578	
4028.149624	0.351181	
4028.151211	0.351717	
4028.152730	0.352180	
4028.154369	0.337771	
4028.155862	0.330677	
4028.157528	0.322193	
4028.159010	0.299864	
4028.160668	0.284806	
4028.162149	0.288798	
4028.163806	0.283445	
4028.165292	0.294019	
4028.166901	0.307087	
4028.168409	0.314825	
4028.170064	0.316304	
4028.171605	0.304775	
4028.173233	0.307087	
4028.174807	0.307719	
4028.176405	0.288045	
4028.178012	0.295220	
4028.179563	0.289157	
4028.181190	0.290905	
4028.182807	0.290837	
4028.184437	0.294643	
4028.186058	0.289725	
4028.187708	0.280645	
4028.189279	0.281656	
4028.190965	0.272137	
4028.192535	0.262679	
4028.194229	0.266127	
4028.195809	0.269511	
4028.197495	0.260032	
4028.199051	0.256757	
4028.200767	0.260838	
4028.202307	0.258195	
4028.204044	0.237973	
4028.205568	0.236478	
4028.207306	0.227334	
4028.208790	0.212663	
4028.210558	0.209771	
4028.212048	0.218061	
4028.213834	0.214677	
4028.215325	0.210738	
4028.217107	0.224804	
4028.218589	0.223761	
4028.220364	0.215318	
4028.221855	0.214033	
4028.223613	0.210866	
4028.225112	0.209473	
4028.226821	0.202874	
4028.228356	0.217231	
4028.230096	0.215310	
4028.231631	0.199229	
4028.233335	0.203402	
4028.234880	0.206580	
4028.236575	0.182318	
4028.238141	0.166132	
4028.239811	0.161922	
4028.241387	0.149100	
4028.243068	0.128806	
4028.244662	0.135195	
4028.246318	0.144979	
4028.247916	0.139114	
4028.249558	0.148766	
4028.251169	0.163159	
4028.252774	0.158373	
4028.254461	0.141362	
4028.256066	0.142397	
4028.257752	0.146542	
4028.259354	0.124608	
4028.261010	0.120354	
4028.262500	0.128024	
4028.264080	0.122703	
4028.265590	0.122965	
4028.267210	0.124314	
4028.268712	0.124419	
4028.270333	0.105727	
4028.271829	0.097546	
4028.273422	0.106283	
4028.274944	0.086943	
4028.276478	0.074355	
4028.278076	0.079507	
4028.279663	0.086335	
4028.281264	0.068630	
4028.282812	0.074649	
4028.284485	0.072606	
4028.285967	0.058000	
4028.287680	0.037254	
4028.289156	0.040904	
4028.290894	0.038205	
4028.292366	0.015924	
4028.294084	0.019694	
4028.295621	0.021282	
4028.297326	0.016923	
4028.298826	0.007267	
4028.300616	0.017765	
4028.302096	0.021616	
4028.303881	-0.001994	
4028.305361	-0.005257	
4028.307129	-0.000093	
4028.308616	-0.011291	
4028.310378	-0.016915	
4028.311871	0.001281	
4028.313632	-0.004294	
4028.315129	-0.026248	
4028.316851	-0.023022	
4028.318365	-0.025866	
4028.320073	-0.053875	
4028.321602	-0.071390	
4028.323318	-0.065053	
4028.324868	-0.080385	
4028.326584	-0.086859	
4028.328143	-0.085634	
4028.329825	-0.074846	
4028.331398	-0.081513	
4028.333073	-0.074951	
4028.334650	-0.068635	
4028.336297	-0.074331	
4028.337904	-0.086641	
4028.339550	-0.079555	
4028.341172	-0.087133	
4028.342790	-0.095201	
4028.344440	-0.099149	
4028.346054	-0.094323	
4028.347716	-0.100688	
4028.349320	-0.101473	
4028.351002	-0.099375	
4028.352576	-0.103677	
4028.354267	-0.119863	
4028.355827	-0.115415	
4028.357541	-0.124145	
4028.359104	-0.137696	
4028.360805	-0.148645	
4028.362369	-0.141342	
4028.364070	-0.148705	
4028.365609	-0.155131	
4028.367336	-0.154317	
4028.368846	-0.152931	
4028.370631	-0.167872	
4028.372119	-0.168533	
4028.373878	-0.168086	
4028.375376	-0.173407	
4028.376906	-0.186092	
4028.378459	-0.178076	
4028.380010	-0.170273	
4028.381567	-0.178716	
4028.383068	-0.171767	
4028.384738	-0.166503	
4028.386247	-0.177500	
4028.387868	-0.192054	
4028.389393	-0.190137	
4028.391017	-0.199176	
4028.392506	-0.204687	
4028.394232	-0.208840	
4028.395710	-0.206536	
4028.397436	-0.207728	
4028.398914	-0.214359	
4028.400614	-0.211024	
4028.402104	-0.216204	
4028.403807	-0.235786	
4028.405290	-0.242384	
4028.407060	-0.240680	
4028.408545	-0.248382	
4028.410309	-0.257833	
4028.411811	-0.246702	
4028.413574	-0.238980	
4028.415085	-0.245844	
4028.416833	-0.230404	
4028.418351	-0.229663	
4028.420081	-0.238207	
4028.421613	-0.253929	
4028.423304	-0.253079	
4028.424864	-0.262928	
4028.426546	-0.273152	
4028.428110	-0.264467	
4028.429785	-0.256584	
4028.431358	-0.261458	
4028.433019	-0.250195	
4028.434591	-0.241546	
4028.436243	-0.251879	
4028.437870	-0.265789	
4028.439501	-0.272548	
4028.441130	-0.279138	
4028.442746	-0.298853	
4028.444389	-0.302684	
4028.445999	-0.299530	
4028.447672	-0.312380	
4028.449259	-0.295357	
4028.450950	-0.282373	
4028.452519	-0.273607	
4028.454223	-0.289886	
4028.455792	-0.284327	
4028.457484	-0.284287	
4028.459055	-0.286957	
4028.460749	-0.285580	
4028.462286	-0.269688	
4028.464022	-0.281551	
4028.465537	-0.297383	
4028.467273	-0.306636	
4028.468755	-0.308167	
4028.470529	-0.328352	
4028.472015	-0.330512	
4028.473774	-0.330165	
4028.475266	-0.339515	
4028.477052	-0.336784	
4028.478538	-0.329835	
4028.480302	-0.308755	
4028.481799	-0.308142	
4028.483530	-0.302519	
4028.485061	-0.303566	
4028.486556	-0.312799	
4028.488152	-0.327317	
4028.489646	-0.322536	
4028.491284	-0.336909	
4028.492784	-0.346697	
4028.494442	-0.344566	
4028.495939	-0.323092	
4028.497581	-0.320276	
4028.499058	-0.311333	
4028.500689	-0.317577	
4028.502170	-0.323599	
4028.503800	-0.329859	
4028.505300	-0.316856	
4028.506997	-0.303296	
4028.508503	-0.325089	
4028.510192	-0.348905	
4028.511693	-0.347124	
4028.513349	-0.321557	
4028.514880	-0.320598	
4028.516495	-0.314612	
4028.518069	-0.312719	
4028.519749	-0.324473	
4028.521338	-0.334915	
4028.522991	-0.321162	
4028.524594	-0.324187	
4028.526250	-0.346758	
4028.527851	-0.352752	
4028.529470	-0.338210	
4028.531094	-0.333392	
4028.532726	-0.311458	
4028.534403	-0.303264	
4028.535984	-0.317935	
4028.537675	-0.337271	
4028.539253	-0.335728	
4028.540936	-0.323567	
4028.542525	-0.318193	
4028.544209	-0.320312	
4028.545778	-0.310926	
4028.547499	-0.320336	
4028.549048	-0.309230	
4028.550742	-0.294583	
4028.552285	-0.297890	
4028.553995	-0.316727	
4028.555514	-0.325980	
4028.557262	-0.317343	
4028.558752	-0.330806	
4028.560518	-0.325665	
4028.561997	-0.317355	
4028.563776	-0.313065	
4028.565255	-0.319011	
4028.567022	-0.298450	
4028.568500	-0.284730	
4028.570250	-0.298116	
4028.571754	-0.315119	
4028.573504	-0.299187	
4028.575029	-0.300746	
4028.576778	-0.302430	
4028.578300	-0.298386	
4028.580033	-0.291340	
4028.581575	-0.298128	
4028.583283	-0.283892	
4028.584836	-0.266365	
4028.586511	-0.273942	
4028.588073	-0.287558	
4028.589743	-0.275968	
4028.591321	-0.277012	
4028.592960	-0.274586	
4028.594550	-0.272758	
4028.596178	-0.266598	
4028.597780	-0.274961	
4028.599299	-0.265728	
4028.600945	-0.253047	
4028.602421	-0.246001	
4028.604070	-0.261333	
4028.605560	-0.267738	
4028.607200	-0.267021	
4028.608680	-0.271021	
4028.610312	-0.267867	
4028.611806	-0.258409	
4028.613394	-0.247049	
4028.614960	-0.250884	
4028.616586	-0.226388	
4028.618155	-0.215918	
4028.619736	-0.213565	
4028.621327	-0.218577	
4028.622894	-0.207261	
4028.624520	-0.210101	
4028.626071	-0.212925	
4028.627731	-0.220063	
4028.629341	-0.213856	
4028.630998	-0.222641	
4028.632577	-0.225207	
4028.634246	-0.212123	
4028.635809	-0.209674	
4028.637500	-0.216824	
4028.639054	-0.210887	
4028.640740	-0.201448	
4028.642288	-0.206258	
4028.644011	-0.206318	
4028.645542	-0.196755	
4028.647288	-0.202653	
4028.648799	-0.203845	
4028.650584	-0.186858	
4028.652067	-0.183204	
4028.653836	-0.195660	
4028.655326	-0.182386	
4028.657117	-0.151654	
4028.658610	-0.155674	
4028.660391	-0.149378	
4028.661871	-0.132165	
4028.663666	-0.125184	
4028.665149	-0.145430	
4028.666909	-0.137048	
4028.668418	-0.137994	
4028.670171	-0.157757	
4028.671695	-0.167522	
4028.673451	-0.159836	
4028.674978	-0.165959	
4028.676695	-0.156726	
4028.678228	-0.135984	
4028.679929	-0.108930	
4028.681477	-0.108438	
4028.683143	-0.090681	
4028.684711	-0.073038	
4028.686386	-0.080051	
4028.687974	-0.086867	
4028.689630	-0.084740	
4028.691216	-0.085783	
4028.692862	-0.096156	
4028.694477	-0.085066	
4028.696093	-0.069847	
4028.697741	-0.076288	
4028.699349	-0.068493	
4028.701014	-0.058052	
4028.702601	-0.059982	
4028.704251	-0.080309	
4028.705843	-0.078186	
4028.707529	-0.085932	
4028.709106	-0.094085	
4028.710800	-0.091676	
4028.712274	-0.071160	
4028.713918	-0.050898	
4028.715393	-0.045383	
4028.717037	-0.026144	
4028.718523	-0.005144	
4028.720115	-0.009313	
4028.721662	-0.008415	
4028.723193	0.010864	
4028.724795	0.002574	
4028.726388	-0.015630	
4028.727990	-0.011743	
4028.729556	0.005237	
4028.731160	-0.002038	
4028.732692	0.001789	
4028.734365	0.014675	
4028.735843	0.021249	
4028.737558	0.013781	
4028.739042	0.022397	
4028.740750	0.032936	
4028.742326	0.019843	
4028.744046	0.016303	
4028.745597	0.024404	
4028.747317	0.023755	
4028.748818	0.017672	
4028.750573	0.043453	
4028.752057	0.050592	
4028.753831	0.038261	
4028.755323	0.045750	
4028.757097	0.065295	
4028.758579	0.074137	
4028.760359	0.076695	
4028.761838	0.088192	
4028.763609	0.108648	
4028.765106	0.105550	
4028.766872	0.125438	
4028.768382	0.128596	
4028.770139	0.121015	
4028.771665	0.112201	
4028.773387	0.131871	
4028.774923	0.131432	
4028.776636	0.123246	
4028.778169	0.130433	
4028.779844	0.153705	
4028.781405	0.135779	
4028.783071	0.134397	
4028.784665	0.130413	
4028.786343	0.128681	
4028.787932	0.114815	
4028.789583	0.119347	
4028.791180	0.131255	
4028.792821	0.146441	
4028.794450	0.161153	
4028.796052	0.174902	
4028.797712	0.193710	
4028.799324	0.201585	
4028.800984	0.213042	
4028.802588	0.208538	
4028.804248	0.198242	
4028.805828	0.201565	
4028.807528	0.201444	
4028.809104	0.203491	
4028.810804	0.202210	
4028.812375	0.219270	
4028.814072	0.223612	
4028.815626	0.227818	
4028.817328	0.223689	
4028.818865	0.232708	
4028.820621	0.205110	
4028.822114	0.204913	
4028.823677	0.220196	
4028.825170	0.213602	
4028.826776	0.211793	
4028.828303	0.220631	
4028.829852	0.233997	
4028.831472	0.231459	
4028.832962	0.251001	
4028.834625	0.262461	
4028.836112	0.260036	
4028.837764	0.258944	
4028.839267	0.255790	
4028.840972	0.276045	
4028.842451	0.270800	
4028.844159	0.283066	
4028.845635	0.305403	
4028.847338	0.313069	
4028.848829	0.314402	
4028.850539	0.324530	
4028.852038	0.330278	
4028.853768	0.314584	
4028.855254	0.295135	
4028.857028	0.299191	
4028.858518	0.280053	
4028.860274	0.263372	
4028.861775	0.269426	
4028.863523	0.283122	
4028.865042	0.278812	
4028.866790	0.309439	
4028.868308	0.316932	
4028.870038	0.326830	
4028.871571	0.335144	
4028.873270	0.364797	
4028.874814	0.369925	
4028.876516	0.357582	
4028.878073	0.378340	
4028.879744	0.400919	
4028.881322	0.402631	
4028.882986	0.392443	
4028.884584	0.388745	
4028.886225	0.386803	
4028.887826	0.378735	
4028.889468	0.374759	
4028.891097	0.361824	
4028.892701	0.349469	
4028.894377	0.343386	
4028.895962	0.362666	
4028.897626	0.365010	
4028.899234	0.375125	
4028.900886	0.395714	
4028.902479	0.394220	
4028.904160	0.389478	
4028.905710	0.394328	
4028.907427	0.413285	
4028.908972	0.406312	
4028.910686	0.408174	
4028.912234	0.416460	
4028.913958	0.425032	
4028.915458	0.424613	
4028.917240	0.422410	
4028.918721	0.437665	
4028.920522	0.416996	
4028.922006	0.416750	
4028.923779	0.447144	
4028.925266	0.432537	
4028.927035	0.427872	
4028.928524	0.425173	
4028.930295	0.434084	
4028.931810	0.436332	
4028.933309	0.434217	
4028.934874	0.452763	
4028.936408	0.436565	
4028.938037	0.409007	
4028.939539	0.412226	
4028.941166	0.411054	
4028.942689	0.418615	
4028.944334	0.446660	
4028.945820	0.462511	
4028.947475	0.471616	
4028.948947	0.460050	
4028.950677	0.474903	
4028.952162	0.478105	
4028.953874	0.485602	
4028.955359	0.478283	
4028.957073	0.470286	
4028.958561	0.462258	
4028.960226	0.451506	
4028.961737	0.467761	
4028.963393	0.469319	
4028.964936	0.467188	
4028.966655	0.476494	
4028.968190	0.484575	
4028.969899	0.490778	
4028.971443	0.472804	
4028.973140	0.488667	
4028.974700	0.476792	
4028.976378	0.466407	
4028.977961	0.477299	
4028.979623	0.499262	
4028.981222	0.508257	
4028.982878	0.494053	
4028.984472	0.503468	
4028.986121	0.489171	
4028.987741	0.486665	
4028.989355	0.483294	
4028.991042	0.487503	
4028.992637	0.469444	
4028.994305	0.462350	
4028.995900	0.490936	
4028.997552	0.495330	
4028.999130	0.519770	
4029.000832	0.534933	
4029.002383	0.530163	
4029.004103	0.521180	
4029.005641	0.518852	
4029.007346	0.527025	
4029.008906	0.507665	
4029.010628	0.489227	
4029.012165	0.490923	
4029.013911	0.488261	
4029.015389	0.502207	
4029.017171	0.508205	
4029.018652	0.506815	
4029.020449	0.505123	
4029.021934	0.502791	
4029.023712	0.524483	
4029.025203	0.527593	
4029.026989	0.522763	
4029.028463	0.540037	
4029.030232	0.535388	
4029.031729	0.522840	
4029.033471	0.533926	
4029.034992	0.524487	
4029.036729	0.507516	
4029.038255	0.491773	
4029.039972	0.497699	
4029.041509	0.502400	
4029.043029	0.507339	
4029.044631	0.501755	
4029.046131	0.518513	
4029.047761	0.521635	
4029.049285	0.519678	
4029.050932	0.553177	
4029.052425	0.548412	
4029.054075	0.522936	
4029.055562	0.513385	
4029.057210	0.510694	
4029.058694	0.513063	
4029.060406	0.502537	
4029.061886	0.505014	
4029.063585	0.502001	
4029.065075	0.471793	
4029.066754	0.486250	
4029.068281	0.486041	
4029.069913	0.470016	
4029.071476	0.463523	
4029.073164	0.459619	
4029.074734	0.467777	
4029.076420	0.471350	
4029.077982	0.490500	
4029.079661	0.513941	
4029.081232	0.513341	
4029.082894	0.518904	
4029.084477	0.527653	
4029.086097	0.529535	
4029.087720	0.510429	
4029.089324	0.497683	
4029.091001	0.490093	
4029.092603	0.454878	
4029.094245	0.455506	
4029.095840	0.478029	
4029.097519	0.477763	
4029.099079	0.452215	
4029.100787	0.460606	
4029.102331	0.461827	
4029.104025	0.452896	
4029.105588	0.451595	
4029.107300	0.463921	
4029.108839	0.463225	
4029.110569	0.469327	
4029.112071	0.481662	
4029.113848	0.499411	
4029.115337	0.477690	
4029.117122	0.486722	
4029.118606	0.494041	
4029.120388	0.471181	
4029.121866	0.459027	
4029.123654	0.468949	
4029.125147	0.451180	
4029.126910	0.455893	
4029.128409	0.463950	
4029.130160	0.475741	
4029.131670	0.465646	
4029.133407	0.461404	
4029.134930	0.461674	
4029.136649	0.447329	
4029.138190	0.428972	
4029.139923	0.426265	
4029.141467	0.420549	
4029.143163	0.407646	
4029.144730	0.410623	
4029.146416	0.413076	
4029.147985	0.418200	
4029.149662	0.430076	
4029.151250	0.433447	
4029.152931	0.429222	
4029.154543	0.421358	
4029.156044	0.424174	
4029.157710	0.425560	
4029.159208	0.418071	
4029.160844	0.407219	
4029.162332	0.415759	
4029.163982	0.409644	
4029.165467	0.393994	
4029.167129	0.393180	
4029.168617	0.392701	
4029.170269	0.374469	
4029.171760	0.369349	
4029.173441	0.371500	
4029.174951	0.369796	
4029.176601	0.358198	
4029.178146	0.360494	
4029.179755	0.368273	
4029.181336	0.366678	
4029.182921	0.358569	
4029.184541	0.375024	
4029.186198	0.360623	
4029.187798	0.338745	
4029.189440	0.337118	
4029.191057	0.327378	
4029.192693	0.313782	
4029.194340	0.315305	
4029.195935	0.324989	
4029.197603	0.327813	
4029.199187	0.312739	
4029.200865	0.317073	
4029.202472	0.305895	
4029.204149	0.299510	
4029.205723	0.297818	
4029.207437	0.296855	
4029.208998	0.287997	
4029.210706	0.298575	
4029.212249	0.304597	
4029.213964	0.307687	
4029.215493	0.297463	
4029.217219	0.315188	
4029.218715	0.310294	
4029.220508	0.300497	
4029.221996	0.285636	
4029.223780	0.280226	
4029.225257	0.269676	
4029.227042	0.262010	
4029.228527	0.266530	
4029.230314	0.277185	
4029.231800	0.259170	
4029.233557	0.268608	
4029.235059	0.267275	
4029.236813	0.264205	
4029.238332	0.248777	
4029.240038	0.268089	
4029.241562	0.256165	
4029.243273	0.248874	
4029.244813	0.257031	
4029.246528	0.273455	
4029.248091	0.258679	
4029.249781	0.261059	
4029.251342	0.257978	
4029.253036	0.248829	
4029.254612	0.215273	
4029.256261	0.220027	
4029.257851	0.211604	
4029.259487	0.186656	
4029.261111	0.189665	
4029.262744	0.199084	
4029.264375	0.191172	
4029.265867	0.189935	
4029.267502	0.188259	
4029.268993	0.197859	
4029.270645	0.163924	
4029.272133	0.162257	
4029.273774	0.169504	
4029.275273	0.155183	
4029.276901	0.152496	
4029.278396	0.160323	
4029.279995	0.184904	
4029.281524	0.162780	
4029.283157	0.157531	
4029.284733	0.155586	
4029.286342	0.141890	
4029.287936	0.121776	
4029.289506	0.121277	
4029.291128	0.119009	
4029.292679	0.112442	
4029.294337	0.100519	
4029.295933	0.102033	
4029.297594	0.097767	
4029.299192	0.080305	
4029.300867	0.088615	
4029.302458	0.089155	
4029.304146	0.065021	
4029.305699	0.056211	
4029.307399	0.054370	
4029.308946	0.043172	
4029.310652	0.039163	
4029.312208	0.060316	
4029.313925	0.071168	
4029.315455	0.061541	
4029.317214	0.059579	
4029.318698	0.053553	
4029.320493	0.039324	
4029.321975	0.036227	
4029.323768	0.028134	
4029.325257	0.007050	
4029.327038	0.007577	
4029.328534	0.016653	
4029.330311	0.027457	
4029.331791	0.022224	
4029.333567	0.029125	
4029.335066	0.030434	
4029.336829	0.026418	
4029.338338	0.010006	
4029.340065	0.001184	
4029.341591	-0.018293	
4029.343314	-0.045109	
4029.344850	-0.045117	
4029.346559	-0.025777	
4029.348099	-0.022994	
4029.349776	-0.012161	
4029.351333	-0.010490	
4029.353008	-0.020258	
4029.354583	-0.032895	
4029.356241	-0.030837	
4029.357844	-0.027530	
4029.359497	-0.043711	
4029.361099	-0.055982	
4029.362739	-0.049343	
4029.364361	-0.045081	
4029.365991	-0.046169	
4029.367666	-0.040021	
4029.369255	-0.045077	
4029.370924	-0.060300	
4029.372499	-0.069480	
4029.374168	-0.080518	
4029.375649	-0.104704	
4029.377213	-0.123931	
4029.378715	-0.109985	
4029.380334	-0.103242	
4029.381850	-0.112318	
4029.383436	-0.097002	
4029.384979	-0.086903	
4029.386529	-0.095950	
4029.388105	-0.112418	
4029.389606	-0.113421	
4029.391245	-0.123130	
4029.392822	-0.125470	
4029.394441	-0.120765	
4029.395988	-0.120954	
4029.397647	-0.142087	
4029.399136	-0.149499	
4029.400862	-0.130538	
4029.402338	-0.115000	
4029.404074	-0.125720	
4029.405613	-0.150546	
4029.407315	-0.169463	
4029.408878	-0.183917	
4029.410582	-0.172215	
4029.412096	-0.161781	
4029.413866	-0.176867	
4029.415351	-0.206294	
4029.417141	-0.199281	
4029.418624	-0.177685	
4029.420403	-0.168311	
4029.421889	-0.181460	
4029.423652	-0.191583	
4029.425138	-0.214996	
4029.426900	-0.212176	
4029.428400	-0.190882	
4029.430178	-0.173653	
4029.431681	-0.208010	
4029.433424	-0.228277	
4029.434952	-0.234766	
4029.436674	-0.223926	
4029.438205	-0.222875	
4029.439919	-0.232643	
4029.441470	-0.267138	
4029.443196	-0.286712	
4029.444738	-0.271710	
4029.446441	-0.234009	
4029.448013	-0.237828	
4029.449708	-0.246356	
4029.451281	-0.248306	
4029.452966	-0.248435	
4029.454568	-0.234674	
4029.456239	-0.219777	
4029.457822	-0.227572	
4029.459466	-0.256809	
4029.461075	-0.267674	
4029.462709	-0.240338	
4029.464330	-0.225683	
4029.465927	-0.229582	
4029.467608	-0.249035	
4029.469194	-0.266018	
4029.470891	-0.278369	
4029.472477	-0.271581	
4029.474132	-0.262127	
4029.475694	-0.287251	
4029.477398	-0.319655	
4029.478952	-0.304070	
4029.480660	-0.277225	
4029.482215	-0.280069	
4029.483922	-0.272149	
4029.485415	-0.279159	
4029.486978	-0.300066	
4029.488495	-0.307449	
4029.490097	-0.297661	
4029.491629	-0.300549	
4029.493183	-0.313174	
4029.494780	-0.322644	
4029.496270	-0.309423	
4029.497926	-0.314157	
4029.499418	-0.305782	
4029.501051	-0.318922	
4029.502576	-0.331708	
4029.504228	-0.359677	
4029.505710	-0.357385	
4029.507423	-0.338411	
4029.508907	-0.346097	
4029.510613	-0.358806	
4029.512099	-0.359008	
4029.513810	-0.352317	
4029.515291	-0.350798	
4029.517074	-0.335515	
4029.518559	-0.323994	
4029.520332	-0.334290	
4029.521812	-0.341718	
4029.523594	-0.332054	
4029.525078	-0.336635	
4029.526851	-0.341872	
4029.528352	-0.349155	
4029.530099	-0.341614	
4029.531615	-0.354251	
4029.533339	-0.346822	
4029.534869	-0.347475	
4029.536574	-0.361095	
4029.538119	-0.383855	
4029.539823	-0.375685	
4029.541387	-0.378372	
4029.543077	-0.382263	
4029.544647	-0.377280	
4029.546329	-0.369449	
4029.547915	-0.372696	
4029.549598	-0.379859	
4029.551195	-0.357139	
4029.552832	-0.353521	
4029.554448	-0.373723	
4029.556089	-0.379174	
4029.557694	-0.379375	
4029.559306	-0.388258	
4029.560975	-0.387835	
4029.562571	-0.375423	
4029.564247	-0.373957	
4029.565829	-0.380016	
4029.567519	-0.373554	
4029.569098	-0.376551	
4029.570780	-0.393760	
4029.572348	-0.406494	
4029.574053	-0.401930	
4029.575612	-0.413551	
4029.577330	-0.414285	
4029.578879	-0.406111	
4029.580599	-0.395960	
4029.582129	-0.404085	
4029.583859	-0.390159	
4029.585349	-0.389470	
4029.587114	-0.404226	
4029.588609	-0.413829	
4029.590394	-0.394256	
4029.591874	-0.396113	
4029.593659	-0.397752	
4029.595145	-0.403795	
4029.596732	-0.394832	
4029.598276	-0.398183	
4029.599837	-0.388958	
4029.601438	-0.371109	
4029.602923	-0.372608	
4029.604582	-0.395194	
4029.606077	-0.401116	
4029.607724	-0.405640	
4029.609238	-0.418728	
4029.610926	-0.433040	
4029.612407	-0.426063	
4029.614102	-0.426680	
4029.615587	-0.428259	
4029.617294	-0.419715	
4029.618784	-0.416818	
4029.620524	-0.436686	
4029.622012	-0.443828	
4029.623700	-0.427187	
4029.625183	-0.420134	
4029.626960	-0.413084	
4029.628441	-0.405664	
4029.630219	-0.396951	
4029.631710	-0.399154	
4029.633461	-0.390489	
4029.634969	-0.378791	
4029.636702	-0.386952	
4029.638220	-0.408093	
4029.639935	-0.412210	
4029.641475	-0.421926	
4029.643197	-0.429036	
4029.644748	-0.426011	
4029.646448	-0.420395	
4029.648019	-0.427767	
4029.649700	-0.419280	
4029.651258	-0.416395	
4029.652922	-0.414474	
4029.654516	-0.424424	
4029.656175	-0.423215	
4029.657763	-0.422526	
4029.659401	-0.428513	
4029.661036	-0.426462	
4029.662652	-0.419115	
4029.664290	-0.417092	
4029.665896	-0.421080	
4029.667538	-0.413717	
4029.669146	-0.409438	
4029.670827	-0.412065	
4029.672401	-0.415360	
4029.674094	-0.408762	
4029.675643	-0.423026	
4029.677379	-0.423775	
4029.678942	-0.408766	
4029.680633	-0.398183	
4029.682186	-0.397068	
4029.683879	-0.380209	
4029.685393	-0.383488	
4029.687153	-0.401241	
4029.688635	-0.414035	
4029.690413	-0.412089	
4029.691893	-0.426651	
4029.693674	-0.432472	
4029.695159	-0.426788	
4029.696948	-0.413088	
4029.698439	-0.414945	
4029.700205	-0.398562	
4029.701694	-0.386066	
4029.703433	-0.382848	
4029.704935	-0.395948	
4029.706496	-0.387355	
4029.708066	-0.401422	
4029.709553	-0.408218	
4029.711229	-0.407549	
4029.712721	-0.395525	
4029.714359	-0.393635	
4029.715893	-0.389208	
4029.717544	-0.370400	
4029.719021	-0.361139	
4029.720658	-0.369892	
4029.722137	-0.383234	
4029.723850	-0.377075	
4029.725335	-0.387678	
4029.727045	-0.392979	
4029.728543	-0.381546	
4029.730271	-0.366851	
4029.731757	-0.369014	
4029.733535	-0.357050	
4029.735023	-0.344897	
4029.736785	-0.353292	
4029.738298	-0.362956	
4029.740033	-0.365945	
4029.741549	-0.374448	
4029.743283	-0.392117	
4029.744821	-0.396129	
4029.746543	-0.384616	
4029.748081	-0.387013	
4029.749765	-0.379226	
4029.751314	-0.363214	
4029.753015	-0.348486	
4029.754587	-0.354134	
4029.756251	-0.355564	
4029.757843	-0.351032	
4029.759506	-0.346242	
4029.761102	-0.343153	
4029.762737	-0.334403	
4029.764341	-0.336417	
4029.765977	-0.346943	
4029.767636	-0.346190	
4029.769235	-0.349002	
4029.770895	-0.365191	
4029.772471	-0.365562	
4029.774149	-0.354899	
4029.775726	-0.364245	
4029.777400	-0.364700	
4029.778969	-0.354319	
4029.780696	-0.337017	
4029.782235	-0.338423	
4029.783940	-0.324360	
4029.785479	-0.322350	
4029.787203	-0.334693	
4029.788702	-0.344494	
4029.790440	-0.339442	
4029.791928	-0.344933	
4029.793696	-0.344756	
4029.795187	-0.336759	
4029.796979	-0.311188	
4029.798465	-0.316392	
4029.800246	-0.296053	
4029.801731	-0.290204	
4029.803485	-0.296219	
4029.804985	-0.306245	
4029.806709	-0.309476	
4029.808235	-0.325589	
4029.809979	-0.337126	
4029.811504	-0.331849	
4029.813023	-0.318979	
4029.814615	-0.317053	
4029.816119	-0.309315	
4029.817749	-0.289942	
4029.819274	-0.281140	
4029.820928	-0.293572	
4029.822407	-0.294245	
4029.824057	-0.293729	
4029.825533	-0.308098	
4029.827178	-0.311433	
4029.828669	-0.305552	
4029.830373	-0.288383	
4029.831860	-0.292424	
