time (s)	magX	magY	magZ
4023.684593	447.983643	319.345398	-516.130920
4023.687924	454.295715	315.254242	-541.729980
4023.691253	460.432495	311.221497	-567.679749
4023.694627	465.751038	306.604309	-594.856812
4023.699282	475.745209	292.869659	-649.035645
4023.702170	480.829895	285.037994	-677.673889
4023.705521	483.576874	276.212738	-707.071899
4023.708852	486.557587	266.277039	-735.184082
4023.712180	487.726501	255.055527	-764.640564
4023.715443	489.129150	243.015793	-793.337280
4023.718346	488.836945	230.391571	-822.150818
4023.721684	487.434235	216.130920	-851.490417
4023.725020	485.680878	201.052017	-880.537720
4023.728350	482.641754	184.453537	-909.234314
4023.731254	479.018127	167.153717	-938.457031
4023.734590	472.764435	148.743423	-965.575684
4023.737943	466.919952	129.281128	-992.928101
4023.741258	459.380493	108.591461	-1020.397461
4023.744594	451.198151	87.901810	-1046.054932
4023.747920	442.548218	66.160141	-1071.303345
4023.751254	432.028046	42.723553	-1095.733398
4023.754588	420.689667	19.111629	-1118.644043
4023.757979	407.773193	-5.260082	-1140.619507
4023.761253	394.798370	-30.508474	-1160.724731
4023.764579	380.187042	-55.113972	-1178.433716
4023.767921	365.341888	-80.479256	-1195.908813
4023.771249	348.684967	-106.019867	-1210.169556
4023.774583	332.261810	-132.846283	-1223.436523
4023.777917	315.312683	-158.386917	-1234.891846
4023.781276	297.077728	-184.102875	-1244.009277
4023.784580	278.550568	-209.000580	-1250.672119
4023.787917	260.432495	-233.898300	-1255.873779
4023.791247	240.268845	-258.036224	-1257.919312
4023.794580	221.274109	-282.115723	-1259.205200
4023.797913	201.578018	-306.078308	-1257.685547
4023.801245	181.589706	-328.112213	-1253.652832
4023.804585	161.718292	-350.496796	-1247.282349
4023.807914	141.554642	-372.238434	-1239.684448
4023.812175	102.220932	-411.221497	-1217.884277
4023.815522	83.752190	-429.514893	-1205.201660
4023.818860	64.991234	-446.990051	-1190.999390
4023.822097	45.879601	-463.062531	-1173.699585
4023.825445	29.164230	-479.310333	-1155.347778
4023.828758	11.279953	-493.337250	-1135.476318
4023.831673	-5.552309	-506.312073	-1115.254150
4023.835006	-21.332554	-517.708923	-1093.337280
4023.838356	-36.586792	-528.579773	-1069.433105
4023.841712	-51.256573	-538.047913	-1045.470581
4023.844578	-66.335472	-546.639404	-1020.981873
4023.847907	-79.427238	-554.178833	-996.201050
4023.851298	-91.876099	-560.374084	-971.303345
4023.854607	-103.915833	-566.277039	-944.710754
4023.857906	-115.137352	-570.485107	-919.754517
4023.861237	-126.417305	-574.284058	-892.811218
4023.864572	-136.645233	-576.972534	-866.510742
4023.867929	-145.996506	-578.725891	-840.093506
4023.871242	-155.230850	-580.537720	-813.617798
4023.874577	-163.354767	-580.713013	-786.732910
4023.877904	-171.361786	-579.836365	-761.484497
4023.881236	-178.199890	-579.018127	-735.242554
4023.884569	-184.687317	-577.673889	-710.870850
4023.887902	-190.356522	-575.803589	-685.563965
4023.891240	-195.967270	-573.173584	-661.250732
4023.894568	-200.759796	-570.134399	-636.937500
4023.897903	-204.558731	-566.627686	-613.267090
4023.901234	-208.883698	-562.945679	-590.356506
4023.904569	-212.215088	-558.036255	-566.978333
4023.907900	-215.254242	-553.419067	-546.054932
4023.911238	-217.825836	-548.743408	-524.547058
4023.914567	-220.455887	-543.658691	-504.091156
4023.917905	-222.033905	-537.872620	-482.349487
4023.921277	-223.495026	-531.794250	-462.711853
4023.925850	-225.715942	-520.046753	-425.423706
4023.928789	-226.709534	-513.384033	-407.481018
4023.932078	-226.709534	-507.831665	-390.356506
4023.935440	-227.469330	-501.519592	-373.991821
4023.938774	-226.943298	-494.856781	-358.620697
4023.941706	-227.118637	-488.836945	-342.431335
4023.945008	-226.884872	-482.174164	-328.345978
4023.948344	-226.417297	-474.167145	-314.728241
4023.951663	-225.774414	-466.744629	-300.818237
4023.954982	-224.722382	-461.133850	-287.258911
4023.957893	-224.430161	-454.471069	-274.634705
4023.961231	-224.137924	-447.457642	-262.244293
4023.964564	-222.559906	-441.496185	-250.789017
4023.967894	-221.741669	-435.417877	-239.859726
4023.971247	-220.338989	-428.755096	-229.924011
4023.974563	-218.877838	-422.501465	-219.111633
4023.977894	-217.475159	-415.955597	-209.526581
4023.981229	-216.481598	-410.286377	-200.292236
4023.984557	-215.020462	-404.500305	-190.648743
4023.987894	-213.033325	-398.188171	-181.063705
4023.991230	-211.864395	-392.402100	-172.355347
4023.994563	-210.695511	-386.791351	-164.172989
4023.997895	-208.591461	-380.888367	-156.516663
4024.001221	-206.487442	-375.452942	-148.977203
4024.004560	-204.792526	-370.075989	-141.788422
4024.007918	-203.214508	-364.231445	-134.307419
4024.011222	-201.578018	-358.854462	-128.579788
4024.014605	-199.590881	-353.419037	-122.092346
4024.017895	-197.662186	-347.808289	-115.546463
4024.021225	-196.142609	-342.957336	-109.526596
4024.024562	-195.032150	-337.405029	-103.039154
4024.027895	-192.694336	-332.612518	-98.421974
4024.031220	-191.174759	-327.410858	-93.395676
4024.034554	-189.713623	-322.559906	-87.843361
4024.039180	-186.323792	-314.377533	-78.609001
4024.042103	-184.570435	-309.526581	-74.634720
4024.045427	-182.583282	-305.376984	-70.894211
4024.048814	-181.648163	-301.461121	-66.218582
4024.051705	-179.368790	-297.545288	-62.594975
4024.054999	-177.849213	-293.278778	-59.731148
4024.058326	-176.621857	-289.947388	-55.289303
4024.061648	-175.336060	-285.856232	-52.308590
4024.064979	-174.108704	-282.641724	-49.386322
4024.067892	-172.472244	-279.076538	-45.996494
4024.071216	-170.543533	-275.862061	-43.249561
4024.074549	-169.491531	-272.472229	-40.911751
4024.077884	-167.971939	-269.316193	-38.106369
4024.081225	-166.803040	-266.277039	-34.833431
4024.084548	-166.569260	-263.296326	-33.255405
4024.087883	-165.225021	-260.958496	-30.274693
4024.091219	-163.588547	-257.568665	-28.345997
4024.094578	-162.244293	-254.704865	-25.599066
4024.097887	-161.250732	-252.016357	-23.787258
4024.101222	-160.140259	-250.087662	-22.209234
4024.104551	-159.731155	-246.639389	-20.864992
4024.107882	-158.386917	-244.827576	-18.118059
4024.111217	-156.925781	-242.606659	-16.130919
4024.114573	-156.224426	-239.918182	-14.085330
4024.117882	-155.464630	-238.047928	-12.916424
4024.121212	-154.587967	-236.469910	-11.221508
4024.124550	-153.945068	-234.482758	-9.643483
4024.127877	-153.185272	-232.670944	-8.299240
4024.131211	-151.841034	-229.982468	-6.604325
4024.134548	-151.607254	-228.229111	-5.026300
4024.137916	-150.613678	-226.709534	-3.798948
4024.141207	-150.964340	-225.014618	-2.162478
4024.144548	-149.035660	-223.144363	-1.285798
4024.149244	-148.042084	-219.812958	0.116891
4024.152089	-147.866745	-218.819397	2.863822
4024.155499	-146.990067	-216.773819	2.922268
4024.158803	-147.048508	-215.312668	4.558738
4024.162139	-146.464066	-213.968445	4.909410
4024.165393	-145.938049	-212.273529	6.078317
4024.168301	-145.178253	-211.221497	6.136762
4024.171635	-145.353592	-210.344833	7.597896
4024.174970	-145.119812	-209.000580	7.539450
4024.178305	-144.476913	-208.007004	8.065459
4024.181236	-144.067795	-207.013443	8.474577
4024.184544	-143.717117	-205.552322	9.760374
4024.187874	-143.658676	-204.617187	9.818819
4024.191210	-143.249557	-203.389832	10.520164
4024.194539	-143.483337	-203.272934	10.753945
4024.197876	-143.015778	-202.513153	11.864407
4024.201204	-143.132675	-201.694916	12.273524
4024.204535	-142.606659	-200.584457	12.507306
4024.207922	-142.781998	-200.350662	13.383986
4024.211205	-142.489761	-199.590881	13.208650
4024.214536	-142.665115	-199.357101	14.377557
4024.217869	-142.840439	-198.714203	13.383986
4024.221211	-142.606659	-197.720642	13.968439
4024.224554	-142.957336	-197.720642	15.078900
4024.227871	-143.191116	-196.902390	14.611338
4024.231207	-142.957336	-196.902390	15.312682
4024.234538	-143.074219	-196.493286	14.903564
4024.237870	-143.132675	-196.025711	14.786674
4024.241203	-143.483337	-195.675034	14.903564
4024.244531	-143.600235	-195.441254	14.319112
4024.247868	-143.658676	-195.850388	14.436002
4024.251196	-143.717117	-195.791931	15.254237
4024.254533	-144.009354	-195.499710	15.429573
4024.257868	-144.593796	-195.967270	14.611338
4024.262117	-144.652252	-196.551727	14.202221
4024.265451	-145.236710	-196.142609	14.202221
4024.268738	-145.821152	-196.142609	13.909994
4024.272054	-146.522491	-195.967270	13.909994
4024.275379	-146.814728	-196.610168	13.442431
4024.278290	-147.516068	-197.077728	13.734658
4024.281621	-147.574524	-197.194626	12.857978
4024.284972	-147.866745	-198.129745	12.916424
4024.288309	-149.094086	-198.012848	12.507306
4024.291640	-149.678558	-198.012848	11.338399
4024.294523	-150.496780	-199.064880	11.747516
4024.297922	-150.496780	-199.181763	10.637054
4024.301201	-151.724136	-199.941559	10.111046
4024.304530	-152.659256	-200.409119	10.052601
4024.307858	-153.477509	-201.402695	9.409702
4024.311207	-154.529510	-202.220917	9.526592
4024.314525	-154.704865	-202.162476	8.299240
4024.317864	-156.341324	-203.857391	7.188778
4024.321193	-157.159561	-204.324966	6.604325
4024.324530	-158.386917	-205.201630	5.902981
4024.327861	-159.322037	-205.844543	5.084745
4024.331196	-160.257156	-206.896545	4.909410
4024.334530	-161.250732	-207.481003	2.746932
4024.337860	-162.887207	-208.942123	2.337814
4024.341201	-163.413208	-210.286377	1.870251
4024.344528	-165.049683	-211.221497	0.467563
4024.347863	-166.744583	-212.331970	-0.584454
4024.351194	-167.796616	-213.793106	-2.279369
4024.354524	-168.965515	-215.488022	-2.688486
4024.357863	-170.134430	-216.715363	-4.266511
4024.361190	-172.180008	-217.767380	-5.260082
4024.364524	-173.582703	-219.637634	-7.071887
4024.367853	-174.985382	-220.689651	-8.825249
4024.371219	-176.797195	-222.384567	-10.637054
4024.375373	-180.596130	-226.125076	-14.260666
4024.378703	-182.232620	-227.352432	-15.488018
4024.382031	-183.810638	-229.339569	-17.592052
4024.385395	-185.914673	-231.034500	-18.877850
4024.388759	-187.726471	-232.495621	-21.157219
4024.391633	-189.888947	-234.891861	-23.378141
4024.394970	-191.817657	-237.463470	-25.189949
4024.398300	-193.804794	-238.690826	-27.527761
4024.401644	-196.084167	-240.619522	-29.865574
4024.404523	-198.071304	-242.898895	-32.378727
4024.407890	-200.175339	-245.002914	-34.073643
4024.411185	-202.746933	-246.756287	-36.586792
4024.414540	-204.967850	-249.386337	-39.099941
4024.417847	-207.130341	-251.431915	-41.963764
4024.421185	-209.994156	-254.471069	-45.704266
4024.424513	-212.039734	-256.516663	-47.866745
4024.427846	-215.020462	-259.029816	-51.315022
4024.431186	-218.059616	-261.250732	-54.880188
4024.434514	-219.579193	-263.822327	-58.036240
4024.437855	-222.559906	-266.978394	-61.309177
4024.441188	-226.241974	-268.848633	-65.049675
4024.444513	-229.047348	-272.063110	-68.790176
4024.447851	-232.612518	-274.225586	-72.063118
4024.451179	-235.125656	-277.557007	-76.504967
4024.454514	-238.398605	-280.187042	-80.420807
4024.457858	-241.203979	-283.226166	-84.570427
4024.461205	-244.067795	-285.622467	-89.479836
4024.464516	-247.749847	-288.603149	-94.447693
4024.467848	-250.847458	-291.759216	-98.597313
4024.471180	-253.185272	-295.032135	-102.922272
4024.474513	-256.633545	-298.012848	-108.825241
4024.477848	-260.783173	-300.876678	-113.500885
4024.481181	-264.523682	-304.208069	-118.702522
4024.485806	-271.887787	-310.169495	-131.151382
4024.488749	-275.745178	-313.617767	-137.638809
4024.492054	-279.777893	-317.767395	-143.015778
4024.495485	-283.869080	-320.631226	-149.970779
4024.498772	-288.369385	-324.371704	-157.101105
4024.501649	-292.226776	-327.527771	-163.880783
4024.504945	-296.843964	-331.735840	-171.712448
4024.508260	-301.227356	-335.067200	-179.719467
4024.511602	-305.727661	-338.106384	-187.025131
4024.514944	-310.111053	-342.665100	-196.317947
4024.517848	-314.026886	-345.879608	-203.974289
4024.521172	-319.228516	-349.912323	-213.617783
4024.524510	-324.488586	-352.834595	-222.618347
4024.527841	-328.813538	-357.451782	-232.554047
4024.531169	-333.196960	-360.490936	-241.905304
4024.534511	-338.340149	-364.699005	-251.899475
4024.537834	-343.132660	-368.439514	-263.004089
4024.541177	-348.743408	-372.238434	-273.582703
4024.544513	-353.477509	-375.745178	-284.102875
4024.547836	-358.854462	-378.901215	-296.843964
4024.551173	-364.231445	-382.057281	-308.591461
4024.554504	-369.082397	-385.973114	-320.864990
4024.557860	-374.634705	-389.246063	-333.372314
4024.561169	-379.368774	-392.109863	-346.464050
4024.564499	-384.862671	-394.973694	-359.438934
4024.567843	-389.830505	-397.837524	-373.874939
4024.571174	-394.973694	-400.409119	-387.375793
4024.574502	-400.467590	-403.448303	-401.811798
4024.577839	-405.552307	-405.435425	-417.124512
4024.581196	-410.520172	-408.123932	-432.261841
4024.584504	-415.312683	-409.468140	-447.691406
4024.587836	-420.748077	-411.747498	-463.997650
4024.591164	-426.358856	-412.682617	-481.005249
4024.594499	-431.034485	-413.968414	-496.727051
4024.598702	-440.385712	-415.429596	-531.092957
4024.602050	-444.710693	-416.014008	-549.970764
4024.605431	-449.035645	-416.306244	-566.744629
4024.608774	-453.594391	-416.364716	-585.096436
4024.611654	-457.393372	-415.721802	-604.558777
4024.614921	-461.426056	-414.669800	-623.202820
4024.618272	-465.400360	-413.910004	-641.846924
4024.621594	-468.497955	-412.098175	-662.010498
4024.624966	-472.004639	-409.701904	-681.414368
4024.627828	-474.459351	-407.890137	-701.402710
4024.631163	-477.615448	-404.617157	-721.215698
4024.634500	-481.063690	-400.876678	-741.320862
4024.637821	-482.466400	-397.311523	-760.900085
4024.641165	-484.336670	-393.571014	-782.583313
4024.644491	-485.797791	-388.544708	-802.513123
4024.647830	-486.089996	-382.700195	-822.559937
4024.651161	-487.492706	-376.914093	-842.782043
4024.654491	-487.609589	-370.660431	-863.705444
4024.657827	-487.668030	-363.179413	-883.752136
4024.661158	-487.142029	-355.113953	-903.156067
4024.664496	-486.206909	-347.048523	-923.319702
4024.667866	-483.635284	-338.515503	-942.080688
4024.671162	-482.583282	-328.345978	-961.192322
4024.674494	-480.187042	-317.942719	-980.713013
4024.677828	-475.745209	-307.481018	-998.188232
4024.681161	-472.822906	-295.967255	-1015.312683
4024.684491	-469.023956	-283.985962	-1032.846313
4024.687830	-464.172974	-271.712433	-1049.620117
4024.691158	-459.088226	-258.854462	-1066.218506
4024.694490	-454.295715	-245.295135	-1081.297485
4024.697828	-448.568115	-231.326706	-1096.434937
4024.701156	-441.963776	-216.481598	-1109.468140
4024.704485	-435.417877	-201.694916	-1122.033936
4024.708713	-420.748077	-169.140854	-1146.230347
4024.712048	-412.331970	-153.243713	-1156.808838
4024.715413	-403.915833	-136.177673	-1166.276978
4024.718750	-394.798370	-118.760956	-1174.868530
4024.722001	-384.687317	-101.402687	-1183.284668
4024.724909	-375.219177	-83.284630	-1189.596802
4024.728272	-364.815918	-64.815895	-1196.025757
4024.731581	-353.828156	-46.522503	-1200.175415
4024.734910	-343.015778	-27.586206	-1204.032715
4024.737820	-331.794250	-8.533022	-1206.545898
4024.741167	-319.871429	11.163063	-1209.059082
4024.744487	-308.357697	30.099356	-1209.935669
4024.747820	-295.850372	49.327877	-1209.000610
4024.751154	-283.518402	68.322617	-1208.357666
4024.754489	-270.601990	87.551140	-1205.610718
4024.757816	-258.270020	106.428993	-1203.682007
4024.761152	-244.944473	125.599060	-1200.233765
4024.764566	-232.028061	144.360016	-1195.967285
4024.767815	-218.468735	163.354767	-1190.356567
4024.771147	-205.552322	180.888367	-1184.745850
4024.774488	-192.051437	199.006424	-1177.440063
4024.777815	-178.082993	216.890717	-1170.543579
4024.781149	-165.341904	234.190536	-1162.828735
4024.784510	-151.548798	250.438339	-1153.535889
4024.787814	-138.632385	267.153717	-1142.080688
4024.791142	-124.780830	282.817078	-1131.560547
4024.794478	-110.929283	298.597321	-1120.222046
4024.797822	-98.071304	313.909973	-1109.468140
4024.801147	-85.330215	328.696686	-1096.843872
4024.804480	-72.881355	343.074219	-1084.453613
4024.807815	-59.555817	356.399780	-1070.894287
4024.811150	-47.516071	369.316193	-1056.399780
4024.815842	-23.728813	394.623016	-1028.930420
4024.818768	-11.922852	405.201630	-1014.085266
4024.822069	-0.350672	416.364716	-999.181763
4024.825323	11.163063	426.943298	-983.343018
4024.828701	21.215664	436.645233	-968.790161
4024.831982	31.618935	445.412018	-953.009888
4024.834902	41.963764	454.178864	-937.697205
4024.838236	51.431911	462.010529	-921.507935
4024.841576	60.549385	469.140869	-905.435364
4024.844922	69.140854	476.680328	-889.070679
4024.847811	78.492111	483.343079	-873.582764
4024.851138	86.732903	489.479828	-856.516663
4024.854476	94.389252	494.506134	-840.385742
4024.857857	101.870255	499.590881	-824.546997
4024.861141	109.526596	503.740509	-807.773193
4024.864475	116.656921	507.714783	-791.583862
4024.867804	123.261246	511.221497	-775.336060
4024.871170	129.865570	514.319153	-759.322021
4024.874470	136.002335	517.007568	-743.775574
4024.877807	141.671539	519.111633	-728.229065
4024.881136	147.223846	521.040344	-713.150208
4024.884488	153.126831	522.501465	-697.720642
4024.887809	157.802444	523.904114	-681.589722
4024.891139	161.835175	524.254822	-667.621277
4024.894475	166.335480	524.430176	-652.542358
4024.897800	170.485092	524.897705	-638.573914
4024.901135	174.576263	523.962585	-623.728821
4024.904461	178.199890	523.728821	-608.883728
4024.907805	182.349503	523.085937	-595.149048
4024.911133	184.979553	522.209229	-581.180542
4024.914484	188.018707	520.981873	-567.329041
4024.917802	191.466980	519.053162	-553.886597
4024.921132	194.506134	517.299866	-540.268860
4024.925395	198.480408	513.150208	-514.494446
4024.928722	201.168915	511.396851	-502.630035
4024.931979	203.156036	508.883728	-490.064301
4024.935318	205.026291	505.961426	-477.615448
4024.938651	206.312103	502.980713	-465.751038
4024.941552	207.597900	500.350677	-454.412598
4024.944912	209.292816	497.720612	-443.191101
4024.948242	211.104614	493.980133	-431.969604
4024.951575	211.805969	491.057861	-420.631226
4024.954901	212.507294	488.018707	-409.585052
4024.957846	213.442413	484.102875	-400.000000
4024.961129	213.734650	481.297485	-389.538300
4024.964460	214.728241	476.446533	-379.953247
4024.967801	215.721802	473.290497	-370.601990
4024.971131	215.488022	469.666870	-361.542969
4024.974458	216.072464	466.218567	-351.256592
4024.977799	216.247803	462.653412	-342.431335
4024.981135	216.130920	458.503815	-333.839874
4024.984462	216.306259	455.289307	-325.423706
4024.987814	216.306259	451.373474	-317.007599
4024.991125	215.955597	447.691406	-309.175934
4024.994462	215.663361	443.892487	-300.818237
4024.997798	214.845108	440.502655	-293.395691
4025.001128	214.903564	436.703674	-286.031555
4025.004455	214.202209	433.781433	-278.959686
4025.007797	213.968445	429.222687	-272.822906
4025.011125	213.500885	425.248383	-264.815918
4025.014456	213.325546	421.624817	-258.562256
4025.017794	212.331970	417.708923	-251.724152
4025.021126	211.338394	414.085327	-245.879608
4025.024476	210.812408	410.461700	-239.041489
4025.027797	209.818817	406.896545	-233.547638
4025.031166	209.468155	403.857361	-228.696686
4025.035740	208.533020	396.960815	-216.832260
4025.038651	207.597900	392.928131	-211.396835
4025.041968	206.545883	389.655151	-206.370544
4025.045329	205.844543	386.148437	-200.526001
4025.048685	205.786087	382.817078	-196.142609
4025.052041	204.850952	380.011688	-190.648743
4025.054905	203.214508	376.504974	-186.849792
4025.058238	202.688477	373.290466	-181.940384
4025.061546	202.454712	370.017517	-176.855637
4025.064879	201.344254	367.329041	-172.589127
4025.067790	200.642899	364.348328	-168.614838
4025.071121	199.766220	361.133850	-164.640564
4025.074477	199.590881	357.568665	-160.490936
4025.077787	198.538864	355.113953	-157.276459
4025.081118	197.954422	351.431915	-153.185272
4025.084454	196.843948	348.509644	-149.386322
4025.087786	195.850388	345.645844	-146.756287
4025.091118	195.675034	342.898895	-142.723541
4025.094454	195.032150	340.444183	-139.625961
4025.097789	194.038574	338.164795	-135.885437
4025.101114	193.103439	335.651672	-132.787842
4025.104448	192.226761	332.554047	-129.807129
4025.107781	191.876099	330.566925	-127.469315
4025.111112	190.824081	328.053772	-125.073051
4025.114445	190.122742	325.306854	-121.975456
4025.117786	189.772064	322.969025	-118.234955
4025.121111	189.129166	320.981873	-116.306259
4025.124512	188.018707	318.760956	-114.319107
4025.127779	188.077148	316.481598	-112.098190
4025.131111	187.258911	314.143768	-109.585037
4025.134450	186.440689	313.091766	-107.364120
4025.137777	185.914673	310.227936	-104.792526
4025.141113	185.388657	308.649933	-103.097603
4025.144448	184.745758	306.545868	-100.935127
4025.149083	183.518402	303.156036	-97.253067
4025.151987	183.284622	301.110474	-95.324371
4025.155355	182.758621	299.415527	-93.629456
4025.158695	182.641739	297.603760	-92.577438
4025.162053	182.407959	295.850372	-90.414963
4025.164897	181.472824	294.389252	-89.538284
4025.168199	181.063705	293.044983	-86.616013
4025.171531	180.771484	291.700775	-86.966690
4025.174872	180.420807	290.473419	-85.388657
4025.178199	180.303925	288.778503	-83.869080
4025.181110	179.953247	287.434235	-82.933960
4025.184445	179.661011	286.148437	-81.648163
4025.187772	179.310349	284.278198	-79.427238
4025.191106	178.842789	284.044403	-79.018112
4025.194444	179.251892	282.583282	-77.556984
4025.197796	178.784332	281.122162	-76.621857
4025.201108	178.842789	279.544128	-75.862068
4025.204442	179.135010	278.608978	-74.926941
4025.207776	178.492111	278.550568	-73.758034
4025.211103	178.609009	277.264771	-73.699593
4025.214432	178.433670	276.212738	-72.121567
4025.217773	178.199890	275.511414	-71.595558
4025.221106	177.966110	274.634705	-71.069550
4025.224444	178.375214	273.173584	-69.959084
4025.227774	178.667450	272.413788	-69.842194
4025.231101	178.550552	272.121582	-69.140854
4025.234437	179.427231	270.660431	-68.965515
4025.237770	179.544128	270.426666	-68.088837
4025.241139	178.901230	270.192871	-67.504379
4025.244439	179.836349	269.374634	-67.445938
4025.247768	179.953247	269.374634	-67.153709
4025.251100	180.128571	269.199310	-67.329048
4025.254435	179.836349	268.439514	-66.218582
4025.257762	179.953247	267.913513	-66.627708
4025.261972	181.414383	267.562805	-66.744598
4025.265323	181.472824	266.919922	-66.686150
4025.268681	181.940384	267.036804	-66.686150
4025.272037	182.232620	266.861481	-66.510811
4025.275272	183.050842	266.510834	-66.686150
4025.278214	182.992401	266.919922	-66.452370
4025.281525	183.985977	267.036804	-66.569260
4025.284869	184.628876	266.744598	-66.803040
4025.288190	184.745758	266.744598	-68.030396
4025.291096	185.622437	266.861481	-68.381065
4025.294428	186.090012	266.744598	-68.614845
4025.297760	186.557571	266.919922	-69.608414
4025.301102	187.375809	266.803040	-69.666862
4025.304426	187.726471	266.919922	-69.666862
4025.307759	188.778503	267.504395	-70.718880
4025.311097	189.246063	267.679718	-71.420219
4025.314433	190.590302	268.147278	-72.413788
4025.317759	191.057861	268.848633	-72.939804
4025.321094	192.343658	269.082397	-73.641144
4025.324432	192.811234	269.257751	-74.693161
4025.327787	193.687897	269.608429	-75.277618
4025.331096	194.856812	269.842194	-75.803627
4025.334424	195.675034	270.777313	-76.212738
4025.337763	196.785507	271.303314	-77.440094
4025.341091	197.545288	271.946228	-78.959671
4025.344425	198.831100	272.355347	-80.011688
4025.347756	200.000000	272.472229	-80.420807
4025.351087	200.876694	273.524261	-81.706604
4025.354424	202.279373	274.167145	-83.576859
4025.357754	203.448273	275.160706	-84.219757
4025.361088	204.850952	275.102295	-86.090004
4025.364424	205.844543	276.037415	-86.557564
4025.367757	207.422562	277.206299	-88.836937
4025.372029	210.344833	278.901215	-91.876099
4025.375372	211.163071	280.128571	-93.045006
4025.378693	212.624191	280.479248	-95.499710
4025.381936	214.494446	281.823486	-96.434830
4025.385271	215.721802	282.524841	-97.369957
4025.388182	218.001175	283.693756	-100.876678
4025.391518	219.345398	284.921112	-102.922272
4025.394845	220.689651	286.148437	-104.208061
4025.398178	222.852142	287.083588	-106.195213
4025.401085	224.897720	288.135590	-108.240799
4025.404420	226.475739	289.070740	-110.695503
4025.407752	227.995331	290.473419	-113.559319
4025.411088	229.748672	291.583862	-115.838692
4025.414439	231.618927	292.869659	-117.884277
4025.417745	233.372314	294.213928	-120.455872
4025.421106	235.242554	295.850372	-123.436584
4025.424416	237.697250	297.253052	-126.125076
4025.427749	238.690826	298.538879	-129.105789
4025.431084	240.502625	300.526001	-131.677383
4025.434422	242.548233	301.694916	-134.424316
4025.437747	245.002914	303.214508	-136.937469
4025.441081	246.814728	304.909424	-139.801285
4025.444419	249.269440	306.019867	-144.184692
4025.447754	251.431915	307.948578	-147.048508
4025.451079	254.529526	309.000580	-150.905914
4025.454414	256.458221	311.338409	-153.886612
4025.457777	258.328461	312.390411	-158.270020
4025.461080	260.841614	313.793121	-162.594971
4025.464411	263.354767	315.721802	-165.575684
4025.467750	265.867920	317.358276	-170.017532
4025.471083	268.497955	318.877838	-173.933380
4025.474413	271.186462	320.280518	-178.316772
4025.477747	273.641144	321.917023	-181.589706
4025.482021	278.959686	325.365295	-190.882523
4025.485295	281.881958	326.709534	-195.090591
4025.488593	284.979523	328.696686	-199.298660
4025.491920	287.317352	330.859131	-204.324966
4025.495279	289.947388	332.787842	-209.292816
4025.498174	292.869659	334.073639	-214.494446
4025.501517	295.908844	335.534760	-219.579193
4025.504852	299.123322	336.937469	-225.131516
4025.508200	301.928680	338.749268	-229.456451
4025.511072	305.026306	340.035065	-235.417892
4025.514417	308.649933	341.554626	-240.677979
4025.517776	311.221497	343.132660	-246.814728
4025.521071	314.436005	345.002899	-252.425476
4025.524407	317.358276	347.282288	-257.802460
4025.527736	320.864990	348.392761	-264.815918
4025.531099	324.488586	349.795441	-272.063110
4025.534406	327.294006	351.373444	-278.316772
4025.537739	330.508484	352.425476	-285.037994
4025.541072	333.839874	354.061951	-291.642303
4025.544413	336.586792	355.406189	-299.123322
4025.547733	340.035065	357.101105	-306.721222
4025.551070	342.723572	357.685577	-313.208649
4025.554411	347.048523	359.380493	-320.748077
4025.557740	349.503204	360.257141	-328.988892
4025.561070	353.009949	361.952057	-337.171234
4025.564403	356.107544	362.653412	-345.295135
4025.567732	360.432495	363.530090	-353.126831
4025.571071	363.530090	364.991241	-362.244293
4025.574422	366.744598	365.517242	-371.244873
4025.577736	369.900635	365.984802	-379.777893
4025.581066	373.056702	366.803040	-389.655151
4025.584399	376.329651	367.329041	-397.895966
4025.587790	379.953247	368.088837	-407.422546
4025.592342	385.739319	368.381073	-426.300415
4025.595255	389.304504	369.433075	-436.528351
4025.598582	392.109863	369.374634	-447.282318
4025.601936	395.675049	368.907074	-456.750427
4025.605306	398.714203	368.790161	-466.452362
4025.608187	401.227325	367.855042	-478.024536
4025.611509	403.974304	367.270599	-488.486237
4025.614844	407.539459	367.270599	-500.935120
4025.618171	410.637054	365.926361	-510.753967
4025.621487	413.033295	365.283478	-522.559937
4025.624398	416.014008	364.289886	-533.489197
4025.627727	418.994751	363.062531	-545.353577
4025.631061	421.624817	361.367645	-555.990662
4025.634393	423.378143	360.198700	-567.621277
4025.637728	426.417297	357.685577	-579.661011
4025.641096	428.287567	355.990662	-591.759216
4025.644397	431.268250	353.828156	-604.967834
4025.647729	432.612518	351.256592	-618.001160
4025.651059	434.365845	349.035645	-630.391602
4025.654391	436.294556	346.230255	-643.074219
4025.657731	438.340149	342.489777	-655.932190
4025.661061	439.684387	340.327301	-669.023926
4025.664390	441.320862	336.645233	-682.758606
4025.667730	442.489777	332.846283	-694.915222
4025.671057	444.067810	329.105774	-708.649902
4025.674417	444.944489	324.897705	-721.741699
4025.677725	445.938049	320.748077	-734.482788
4025.681061	446.639404	316.306244	-749.094116
4025.684428	446.814728	310.870850	-761.835205
4025.687726	446.814728	306.253662	-776.446533
4025.691064	447.165405	301.285797	-790.590271
4025.694392	447.223846	295.265930	-804.558777
4025.697725	446.931610	289.362946	-818.936279
4025.701053	446.756256	283.343079	-832.963196
4025.705269	445.412018	270.777313	-861.075378
4025.708616	444.009338	264.289886	-874.576294
4025.711938	442.314423	257.218018	-889.070679
4025.715313	441.028656	250.613663	-903.682068
4025.718693	439.918182	243.191116	-918.234924
4025.721499	437.463470	235.826996	-931.560547
4025.724819	435.476349	228.170654	-944.885986
4025.728182	432.787842	219.462296	-959.614258
4025.731475	430.391602	210.929276	-972.822937
4025.734384	427.936890	202.630035	-986.265381
4025.737722	424.956177	193.571014	-998.655823
4025.741050	421.566345	184.628876	-1012.682617
4025.744387	417.825836	175.336060	-1026.768066
4025.747722	414.026886	165.458801	-1038.924561
4025.751052	410.695496	156.282883	-1052.133301
4025.754386	405.669220	145.821152	-1065.984863
4025.757723	401.285797	136.002335	-1078.667480
4025.761053	397.311523	126.066628	-1090.064331
4025.764388	392.285217	114.903572	-1102.571533
4025.767717	387.317352	104.734077	-1113.851562
4025.771068	382.057281	94.038574	-1125.599121
4025.774414	377.089417	83.284630	-1137.288086
4025.777715	370.309753	72.063118	-1148.334351
4025.781051	365.108124	61.192287	-1158.971436
4025.784385	358.211578	49.970776	-1168.731689
4025.787714	352.191711	38.749268	-1179.836426
4025.791050	345.762695	26.241964	-1189.538330
4025.794380	339.275299	15.663354	-1198.655762
4025.797716	331.911163	3.798948	-1206.662720
4025.801077	325.365295	-9.234365	-1215.546387
4025.804382	318.234955	-20.806547	-1224.313232
4025.807717	310.520172	-32.437172	-1232.554077
4025.811050	302.630035	-44.184689	-1239.742798
4025.815737	287.375793	-68.147285	-1253.594360
4025.818583	279.018127	-80.245468	-1260.607788
4025.822019	270.835754	-91.817650	-1266.160156
4025.825306	262.361206	-103.623619	-1272.706055
4025.828562	253.886597	-115.195786	-1277.790771
4025.831469	245.353607	-127.235535	-1282.992310
4025.834809	237.463470	-139.742844	-1287.025146
4025.838142	228.755112	-150.905914	-1291.350098
4025.841466	219.053192	-162.536530	-1294.623047
4025.844827	210.111053	-174.108704	-1298.071289
4025.847711	201.694916	-185.797775	-1301.227417
4025.851040	192.869659	-196.902390	-1302.805420
4025.854372	183.284622	-208.065460	-1305.026367
4025.857710	173.991821	-218.877838	-1305.552246
4025.861040	165.225021	-230.450027	-1306.838135
4025.864376	155.815308	-240.385742	-1307.890137
4025.867705	146.464066	-251.081223	-1308.182373
4025.871101	137.872589	-262.068970	-1307.773193
4025.874381	128.638214	-272.121582	-1307.071899
4025.877710	118.877853	-282.466400	-1305.786133
4025.881042	110.286377	-292.226776	-1305.260132
4025.884376	100.526009	-302.104034	-1302.513184
4025.887705	91.992989	-311.747528	-1299.532471
4025.891039	83.109299	-321.507874	-1296.843872
4025.894370	73.874924	-330.333130	-1294.506226
4025.897706	65.575691	-339.216827	-1290.882446
4025.901064	56.925774	-348.275848	-1287.551147
4025.904376	48.918758	-356.165985	-1283.226196
4025.907705	39.918175	-365.049683	-1278.667480
4025.911039	31.794271	-373.348938	-1273.933350
4025.914371	24.079485	-380.946808	-1268.907104
4025.917705	15.546463	-389.070740	-1263.939209
4025.921034	7.188778	-396.084167	-1257.627075
4025.924368	-1.578025	-403.974304	-1252.016357
4025.928624	-17.241379	-417.475189	-1239.333740
4025.932001	-24.839275	-424.430176	-1233.956665
4025.935339	-31.969610	-431.209808	-1227.235474
4025.938553	-39.450611	-437.521942	-1220.397461
4025.941882	-47.282291	-443.600220	-1213.325439
4025.944792	-54.003506	-449.620117	-1206.195190
4025.948124	-60.666275	-455.464661	-1198.421997
4025.951452	-67.855057	-460.841614	-1191.817627
4025.954795	-74.400940	-466.335480	-1183.518433
4025.957701	-81.414375	-471.595581	-1176.621826
4025.961051	-87.901810	-476.271210	-1168.556396
4025.964361	-94.097015	-481.940369	-1160.490845
4025.967696	-100.233780	-487.200439	-1151.782593
4025.971026	-106.662773	-490.765625	-1143.950928
4025.974413	-112.857971	-494.915253	-1134.950317
4025.977697	-119.053185	-499.357086	-1127.527832
4025.981024	-125.423729	-502.688507	-1119.170044
4025.984364	-130.976028	-506.662750	-1109.760376
4025.987695	-136.762131	-509.877258	-1101.636475
4025.991028	-142.314438	-513.617737	-1094.155518
4025.994365	-147.399185	-516.306274	-1084.862671
4025.997691	-152.367035	-518.702515	-1075.511353
4026.001023	-158.036224	-521.624817	-1066.803101
4026.004368	-162.945633	-524.371704	-1057.744019
4026.007692	-167.738159	-527.118652	-1049.386353
4026.011021	-172.121567	-529.222656	-1041.262451
4026.014361	-176.504974	-530.976074	-1032.495605
4026.017689	-181.180603	-533.606079	-1024.313232
4026.021031	-185.271774	-535.067200	-1014.494446
4026.024357	-189.596725	-537.346619	-1006.370544
4026.027694	-193.921692	-539.041504	-998.129761
4026.031024	-198.305084	-540.677979	-989.304565
4026.034362	-202.045578	-541.554626	-981.706604
4026.038635	-208.883698	-544.769165	-964.465210
4026.041941	-212.098190	-545.528931	-957.802490
4026.045204	-216.481598	-546.873169	-949.561707
4026.048556	-219.696091	-547.925171	-942.197510
4026.051896	-223.144363	-548.451172	-934.482788
4026.054778	-225.832840	-549.035645	-926.943298
4026.058114	-228.638214	-549.561646	-918.936279
4026.061469	-231.911163	-550.438354	-912.098206
4026.064812	-234.015198	-550.438354	-904.032715
4026.067685	-237.814148	-551.139709	-897.019287
4026.071084	-239.801285	-551.724121	-889.596741
4026.074360	-242.431335	-551.957947	-882.466431
4026.077682	-244.827576	-552.483948	-875.394531
4026.081018	-246.990067	-553.126831	-868.907043
4026.084384	-249.912338	-552.776123	-862.478088
4026.087685	-252.191711	-553.185303	-855.406189
4026.091039	-254.763290	-552.776123	-848.334290
4026.094348	-257.451782	-552.483948	-842.139038
4026.097681	-259.555817	-552.542358	-836.236084
4026.101012	-261.426056	-552.250122	-829.398071
4026.104348	-263.588562	-552.074829	-823.202820
4026.107679	-265.809479	-552.659302	-817.592041
4026.111012	-267.738190	-551.724121	-812.156677
4026.114351	-269.783752	-551.081238	-806.136780
4026.117683	-271.654022	-551.139709	-800.233765
4026.121014	-273.173584	-550.496765	-794.272400
4026.124348	-275.160706	-550.204590	-789.187622
4026.127700	-277.089417	-549.503235	-783.810608
4026.131014	-278.901215	-549.269409	-778.725891
4026.134344	-280.771484	-548.977173	-773.816467
4026.137676	-282.349518	-547.983643	-769.140869
4026.141028	-283.985962	-547.749878	-763.880798
4026.144350	-285.447083	-547.223877	-759.263611
4026.148962	-288.603149	-546.464050	-750.613708
4026.151912	-290.765656	-545.528931	-746.522522
4026.155196	-292.343658	-545.411987	-742.372925
4026.158553	-292.928131	-544.009338	-738.398621
4026.161873	-294.681488	-544.009338	-734.307434
4026.164793	-295.675049	-543.600220	-730.917603
4026.168128	-297.077728	-543.132690	-727.293945
4026.171495	-298.305084	-542.606628	-724.605530
4026.174789	-299.824677	-542.255981	-720.748108
4026.178114	-301.694916	-541.379333	-717.650513
4026.181008	-302.571594	-540.561035	-715.137329
4026.184342	-303.623596	-539.333740	-712.098145
4026.187676	-304.792511	-539.392212	-709.351257
4026.191009	-305.552307	-538.457031	-707.130310
4026.194340	-307.247223	-537.521912	-704.032715
4026.197675	-308.766785	-537.054321	-701.987122
4026.201013	-309.818817	-535.593201	-699.649353
4026.204336	-310.344849	-535.067200	-696.960815
4026.207671	-311.513733	-534.365845	-695.558167
4026.211010	-312.799530	-534.073608	-693.454102
4026.214361	-313.793121	-533.898315	-692.051392
4026.217677	-314.669769	-532.963196	-690.122742
4026.221001	-316.423157	-532.144897	-688.486267
4026.224343	-317.650482	-531.385132	-687.200439
4026.227664	-318.001160	-531.034485	-684.979553
4026.231005	-318.819397	-530.566956	-684.453552
4026.234341	-319.520752	-529.982483	-683.167725
4026.237715	-320.689667	-529.748657	-681.589722
4026.241000	-322.442993	-528.579773	-680.946838
4026.244341	-323.085907	-527.819946	-680.829895
4026.247666	-324.021027	-527.293945	-679.777893
4026.251002	-325.131500	-527.060181	-678.784302
4026.254336	-325.365295	-526.534180	-679.018127
4026.257684	-327.001770	-525.832825	-676.855652
4026.262298	-328.872009	-525.014587	-676.797180
4026.265203	-329.865570	-524.079468	-677.498535
4026.268553	-330.800690	-524.021057	-676.738770
4026.271939	-332.086487	-522.501465	-676.095886
4026.274815	-333.196960	-522.735291	-676.855652
4026.278121	-333.664520	-521.566345	-677.557007
4026.281443	-334.248962	-520.864990	-677.089417
4026.284754	-335.651672	-521.098755	-677.966125
4026.288091	-336.937469	-520.455872	-678.725891
4026.290997	-338.340149	-520.338989	-679.836365
4026.294333	-339.041504	-519.871399	-681.239014
4026.297659	-339.567505	-519.053162	-681.998840
4026.301016	-341.087067	-518.702515	-683.050842
4026.304331	-342.080658	-518.176514	-684.044434
4026.307664	-342.665100	-518.410278	-685.680847
4026.310994	-343.775574	-517.475159	-686.732910
4026.314326	-344.652252	-516.890747	-687.784912
4026.317663	-345.236694	-516.189392	-690.181152
4026.320996	-346.639404	-515.955566	-691.876099
4026.324324	-346.873169	-516.072449	-693.570984
4026.327661	-348.100525	-515.078857	-695.850342
4026.331010	-348.977203	-514.319153	-698.246643
4026.334328	-349.970764	-514.026855	-700.233765
4026.337658	-350.555237	-513.851562	-702.220947
4026.340991	-351.841034	-513.500854	-705.260071
4026.344341	-352.542389	-512.682617	-707.071899
4026.347660	-353.594391	-512.156616	-709.935730
4026.350992	-354.704865	-511.805969	-712.624207
4026.354330	-355.406189	-511.630615	-714.786682
4026.357658	-356.750427	-510.987701	-718.234985
4026.360991	-357.451782	-510.169495	-720.631226
4026.364326	-358.386902	-510.169495	-724.079468
4026.367654	-359.614258	-509.292786	-727.352417
4026.372337	-361.426056	-508.708344	-734.774963
4026.375231	-362.828766	-507.597870	-737.521912
4026.378607	-363.179413	-507.188782	-741.379333
4026.381907	-363.705444	-505.844543	-744.243164
4026.385183	-364.874329	-505.435425	-748.918762
4026.388093	-365.867920	-504.324951	-752.659302
4026.391416	-367.504395	-504.149628	-756.808899
4026.394751	-367.679718	-503.974304	-760.666260
4026.398085	-368.848633	-503.272949	-764.991211
4026.401412	-369.666870	-502.571594	-769.023926
4026.404316	-370.075989	-501.344238	-773.465820
4026.407650	-371.127991	-500.526001	-778.609009
4026.410983	-372.063110	-499.590881	-782.641724
4026.414320	-372.530670	-498.889526	-787.901855
4026.417659	-372.647583	-497.603760	-792.109863
4026.420987	-373.232025	-497.136169	-796.376343
4026.424320	-374.517822	-496.259491	-801.227356
4026.427662	-374.868500	-495.499695	-807.890137
4026.430986	-376.037415	-493.980133	-811.864380
4026.434311	-376.563416	-492.343658	-816.715332
4026.437651	-377.030975	-492.109863	-822.092346
4026.440984	-378.316772	-491.233215	-827.820007
4026.444319	-378.550568	-489.772095	-832.846252
4026.447686	-379.076538	-488.603149	-839.041504
4026.450981	-380.011688	-487.025116	-845.353577
4026.454314	-380.187042	-486.031586	-850.789001
4026.457648	-380.946808	-484.687317	-856.984253
4026.460998	-381.589722	-483.343079	-863.004089
4026.464311	-381.239044	-481.765045	-868.848633
4026.467640	-381.940399	-479.076569	-874.751587
4026.470984	-382.174164	-477.498535	-880.946838
4026.474315	-382.466400	-475.336060	-887.258911
4026.477648	-382.641724	-473.348907	-893.512512
4026.480978	-383.167755	-471.770905	-899.590881
4026.485238	-382.817078	-467.971954	-912.273499
4026.488562	-383.401520	-465.809479	-919.812988
4026.491848	-383.752197	-463.880768	-925.365234
4026.495156	-383.459961	-462.069000	-932.495605
4026.498488	-383.576843	-459.322021	-938.690857
4026.501394	-383.635315	-457.276428	-945.178223
4026.504734	-383.226166	-455.055511	-951.782593
4026.508063	-382.641724	-452.834595	-958.737549
4026.511423	-382.817078	-449.912323	-965.575684
4026.514757	-382.232605	-447.282318	-972.063171
4026.517641	-382.524841	-445.178284	-978.316772
4026.520981	-382.232605	-441.729980	-985.271729
4026.524313	-381.823486	-439.567505	-992.343628
4026.527683	-381.414368	-436.002350	-999.707764
4026.530970	-380.537689	-432.612518	-1006.078369
4026.534326	-380.187042	-429.281128	-1012.916443
4026.537641	-379.018127	-426.358856	-1019.871399
4026.540975	-378.433655	-423.085937	-1027.936890
4026.544306	-377.966095	-419.696106	-1034.424316
4026.547642	-376.738739	-416.189392	-1041.145508
4026.550969	-376.154297	-412.565765	-1047.808228
4026.554299	-374.459381	-408.825256	-1055.289307
4026.557641	-374.225586	-404.675629	-1062.653442
4026.560969	-372.705994	-400.350677	-1069.140869
4026.564300	-372.121582	-396.785492	-1076.738770
4026.567641	-369.900635	-392.694336	-1083.459961
4026.570966	-369.316193	-388.369385	-1089.888916
4026.574300	-367.212158	-384.102875	-1096.317993
4026.577637	-366.160126	-379.485687	-1103.682007
4026.580966	-364.523682	-374.868500	-1109.877319
4026.584298	-362.361206	-370.192871	-1116.832275
4026.587630	-360.607849	-365.225006	-1123.085937
4026.590971	-358.386902	-360.666260	-1130.216187
4026.594329	-356.867340	-354.938629	-1137.405029
4026.598484	-352.659271	-344.944489	-1150.029175
4026.601816	-350.146118	-339.450623	-1155.873779
4026.605141	-348.158966	-334.073639	-1161.542969
4026.608510	-345.762695	-328.813538	-1167.679687
4026.611847	-343.074219	-322.969025	-1173.348877
4026.614785	-340.444183	-317.066040	-1180.537720
4026.618086	-337.638794	-310.870850	-1185.739380
4026.621414	-335.125671	-305.610748	-1190.415039
4026.624728	-332.144958	-299.415527	-1196.551758
4026.627629	-329.631805	-293.161896	-1202.162476
4026.630965	-326.592651	-286.966675	-1207.188843
4026.634300	-323.202789	-280.537689	-1211.805908
4026.637633	-319.812958	-273.641144	-1217.825806
4026.640958	-316.423157	-267.212158	-1222.676758
4026.644299	-313.150208	-260.257141	-1227.820068
4026.647634	-310.111053	-253.477509	-1232.495605
4026.650958	-306.370544	-246.814728	-1237.405029
4026.654295	-302.688477	-239.976624	-1240.736328
4026.657645	-298.597321	-233.547638	-1245.821167
4026.660958	-294.506134	-226.300400	-1250.496826
4026.664295	-290.473419	-219.637634	-1253.886597
4026.667624	-286.440674	-211.630630	-1256.925781
4026.670957	-282.875519	-204.617187	-1260.841675
4026.674290	-278.725891	-196.843948	-1264.465210
4026.677623	-274.810059	-189.362946	-1268.439453
4026.680955	-270.718872	-182.174164	-1271.244873
4026.684287	-265.751038	-173.524261	-1273.641113
4026.687652	-261.426056	-166.277023	-1276.621826
4026.690958	-257.276428	-158.328461	-1279.193481
4026.694292	-252.951477	-150.321442	-1281.589722
4026.697631	-247.983643	-142.431335	-1283.985962
4026.700957	-242.781998	-134.891876	-1286.323853
4026.704292	-239.216827	-126.709518	-1287.960205
4026.708918	-229.514908	-109.935715	-1291.759155
4026.711835	-224.547058	-102.162483	-1293.220337
4026.715166	-219.520752	-93.863235	-1293.629395
4026.718609	-214.143784	-85.154877	-1295.733398
4026.721908	-208.533020	-76.504967	-1295.733398
4026.724774	-203.448273	-68.030396	-1296.668579
4026.728044	-198.889542	-59.964931	-1297.136230
4026.731414	-193.687897	-51.139683	-1297.486816
4026.734708	-187.960251	-43.074226	-1296.843872
4026.738041	-182.407959	-34.541206	-1296.727051
4026.740955	-176.621857	-25.774401	-1296.317993
4026.744293	-171.478668	-17.767387	-1296.434937
4026.747617	-165.984802	-9.585038	-1295.382812
4026.750951	-160.081833	-0.876680	-1295.149048
4026.754282	-155.113968	8.182350	-1293.337280
4026.757614	-148.801880	16.598480	-1292.226807
4026.760971	-143.366455	24.722383	-1291.057861
4026.764284	-138.223267	33.080070	-1289.187622
4026.767613	-132.086502	41.613094	-1286.674561
4026.770950	-126.592636	49.912331	-1285.914673
4026.774282	-120.572769	58.036240	-1283.869019
4026.777680	-114.552895	66.569260	-1281.881958
4026.780954	-108.883690	74.400940	-1279.777954
4026.784284	-103.156052	82.817062	-1276.329590
4026.787613	-97.837517	90.590302	-1273.524292
4026.790947	-91.759201	98.655754	-1271.595581
4026.794287	-86.440674	106.662773	-1268.264160
4026.797614	-80.362358	114.143776	-1264.932861
4026.800950	-74.634720	122.501457	-1261.426025
4026.804304	-69.433083	130.391586	-1258.270020
4026.807615	-63.997662	138.047928	-1254.821777
4026.810943	-58.036240	145.061356	-1250.321533
4026.814274	-52.133255	153.302155	-1246.522461
4026.817616	-46.113384	160.841614	-1243.249634
4026.821828	-34.541206	175.569839	-1234.716553
4026.825197	-29.456457	183.459961	-1229.690308
4026.828538	-24.137930	190.999420	-1225.599121
4026.831910	-18.877850	197.779068	-1220.806519
4026.835151	-13.033314	204.266495	-1215.020508
4026.838030	-7.597896	211.747528	-1211.513672
4026.841409	-2.630041	218.644073	-1205.902954
4026.844702	3.389831	225.715942	-1201.402710
4026.848032	9.000585	233.138519	-1196.142578
4026.850941	13.734658	239.158386	-1190.181152
4026.854277	19.286966	244.886047	-1185.271729
4026.857602	24.313267	251.315018	-1180.713013
4026.860936	29.690239	257.627136	-1174.927002
4026.864272	34.833431	263.296326	-1169.374634
4026.867605	40.561073	269.842194	-1164.523682
4026.870942	45.353596	275.803619	-1157.802490
4026.874270	49.736996	281.706604	-1151.841064
4026.877601	54.880188	287.317352	-1146.464111
4026.881007	60.315601	293.571014	-1140.385742
4026.884312	65.692581	298.655762	-1134.716553
4026.887603	69.783752	303.857391	-1127.820068
4026.890944	73.816483	309.409729	-1122.735229
4026.894272	79.251900	314.260681	-1117.358276
4026.897602	83.869080	319.579193	-1110.987793
4026.900937	88.194038	324.605499	-1104.675659
4026.904270	92.986557	329.748688	-1098.597290
4026.907601	97.428406	333.956757	-1092.869629
4026.910932	101.578018	338.866150	-1085.739380
4026.914274	105.610748	343.424896	-1079.953247
4026.917604	109.994164	348.217407	-1073.933350
4026.920937	114.260658	352.074829	-1067.270508
4026.924262	118.585625	356.165985	-1061.542969
4026.927599	122.326126	361.016937	-1054.821777
4026.932276	130.274689	369.082397	-1041.846802
4026.935299	134.658096	373.115143	-1036.645264
4026.938536	138.457047	376.563416	-1029.631836
4026.941835	141.554642	380.829926	-1023.787231
4026.945120	145.645828	384.044403	-1017.299866
4026.948051	149.210983	387.784912	-1010.344788
4026.951350	152.600815	390.940979	-1004.208069
4026.954690	156.341324	393.980133	-997.837524
4026.958023	160.023376	396.727051	-992.460510
4026.961360	163.179428	400.642914	-986.206909
4026.964259	166.686157	403.389832	-979.777893
4026.967596	169.608414	406.370544	-973.115173
4026.970930	172.764465	408.591461	-967.621216
4026.974263	176.154297	411.338379	-961.426086
4026.977613	178.901230	414.260681	-956.867310
4026.980934	182.349503	416.715393	-950.496765
4026.984327	184.979553	418.877838	-944.360046
4026.987602	188.252487	421.391022	-937.755676
4026.990930	190.999420	423.728790	-932.144897
4026.994262	194.389252	426.358856	-926.651123
4026.997594	196.668610	428.346008	-920.923401
4027.000931	199.707764	429.631805	-915.137390
4027.004264	202.337814	432.144928	-909.468201
4027.007591	204.675629	433.664520	-903.682068
4027.010925	207.656342	435.885437	-898.538879
4027.014292	210.520172	437.463470	-892.752747
4027.017595	213.383987	439.801270	-887.551147
4027.020936	215.137344	440.911774	-881.765076
4027.024264	218.118042	442.372894	-876.212769
4027.027592	219.812958	444.009338	-870.660400
4027.030922	222.150772	445.119812	-865.984802
4027.034257	224.371719	446.580933	-861.250671
4027.037588	226.534195	447.223846	-854.295715
4027.040921	228.813553	448.568115	-849.444763
4027.045182	232.729385	451.198151	-839.742859
4027.048513	234.774994	452.367004	-834.249023
4027.051819	236.762115	453.360596	-829.982483
4027.055112	238.749268	454.471069	-826.008240
4027.058441	240.385742	455.406189	-820.572754
4027.061346	241.729980	456.107513	-816.072449
4027.064692	244.009354	457.217987	-810.870850
4027.068010	246.580963	457.159576	-806.662720
4027.071345	248.158981	457.627106	-801.753357
4027.074695	249.620102	458.971344	-797.194641
4027.077582	251.022797	459.731140	-793.220337
4027.080920	253.477509	459.731140	-788.310913
4027.084276	254.704865	460.783142	-784.102844
4027.087585	256.341309	461.250732	-780.011719
4027.090920	257.860901	461.776733	-776.388062
4027.094251	259.146698	462.361206	-771.244934
4027.097590	260.374054	462.594971	-767.738159
4027.100950	261.952057	463.354767	-763.997681
4027.104249	263.530090	463.062531	-759.497375
4027.107588	264.231445	463.705444	-756.341309
4027.110916	265.867920	463.822327	-752.542358
4027.114247	267.212158	464.406769	-748.743408
4027.117577	268.322601	464.699036	-745.704285
4027.120912	269.959106	464.991241	-741.554626
4027.124245	271.069550	465.166565	-738.223267
4027.127584	272.296906	464.406769	-734.482788
4027.130913	273.524261	465.108093	-731.326721
4027.134250	274.868500	465.225037	-727.878418
4027.137580	275.920502	465.225037	-724.605530
4027.140911	277.147858	464.991241	-721.390991
4027.144272	278.608978	465.458771	-718.644043
4027.147574	279.368774	465.108093	-715.604919
4027.150912	280.946808	464.874359	-713.676208
4027.155178	282.875519	464.815918	-707.890137
4027.158417	284.102875	465.049683	-705.786072
4027.161761	284.862671	464.523651	-703.272949
4027.165104	285.739319	464.932770	-699.824646
4027.168467	287.025146	464.056122	-697.486816
4027.171780	288.252472	464.056122	-695.090576
4027.174689	288.895386	464.172974	-692.928101
4027.178021	289.888947	464.114563	-690.473389
4027.181354	291.057861	463.822327	-688.018677
4027.184695	291.583862	463.822327	-685.914673
4027.187607	292.986572	462.770325	-684.044434
4027.190909	293.863251	462.653412	-681.706604
4027.194247	294.506134	462.478058	-679.661011
4027.197571	295.908844	462.361206	-678.258301
4027.200906	296.434845	462.010529	-675.745178
4027.204237	297.253052	461.367615	-673.290466
4027.207572	298.363525	460.841614	-672.004639
4027.210908	298.597321	461.133850	-670.075989
4027.214239	299.766205	460.490936	-668.147278
4027.217568	300.935120	460.724731	-667.796631
4027.220905	302.337799	459.497345	-666.452332
4027.224236	302.922272	459.731140	-664.465210
4027.227573	303.214508	459.731140	-663.296326
4027.230923	303.915833	459.146698	-662.302734
4027.234241	305.201630	458.912903	-661.250732
4027.237571	305.961426	458.503815	-660.549377
4027.240905	306.662781	457.568695	-658.679138
4027.244237	306.779663	457.919373	-658.620667
4027.247571	308.474579	456.984222	-657.860901
4027.250899	309.175934	456.867310	-655.932190
4027.254232	309.701904	456.282867	-655.698425
4027.257570	310.695496	455.698456	-654.704834
4027.260903	310.987732	455.055511	-653.594421
4027.265523	312.390411	454.763306	-653.594421
4027.268419	313.150208	454.354187	-652.659302
4027.271801	314.494446	453.652802	-652.717712
4027.275112	315.078888	453.302155	-651.841003
4027.278513	315.371124	453.477478	-651.548828
4027.281348	316.481598	453.185272	-650.847412
4027.284681	317.007599	452.542358	-650.847412
4027.287984	317.592041	452.074829	-650.146118
4027.291316	318.468750	451.431885	-650.555237
4027.294658	318.936310	451.256561	-650.379883
4027.297559	319.812958	450.146118	-651.022827
4027.300893	320.105194	450.087677	-650.964355
4027.304237	321.157227	448.801849	-651.022827
4027.307559	321.332550	448.626526	-650.496765
4027.310895	322.209229	448.451172	-651.022827
4027.314231	322.793701	447.983643	-652.074829
4027.317573	323.787262	447.749847	-652.250122
4027.320890	324.371704	446.405609	-653.126831
4027.324233	324.488586	445.996460	-653.711243
4027.327557	325.774414	446.054932	-655.114014
4027.330888	326.300415	445.178284	-654.938660
4027.334228	326.651062	443.775574	-655.523132
4027.337554	327.819977	444.009338	-656.691956
4027.340904	328.229126	443.775574	-657.744019
4027.344229	329.222687	442.782013	-659.088257
4027.347582	329.924011	442.314423	-659.380493
4027.350894	330.157806	441.262451	-659.848022
4027.354228	330.917603	441.028656	-661.718262
4027.357556	331.385162	440.502655	-662.711853
4027.360908	332.320282	439.742859	-663.939209
4027.364226	333.021606	439.216858	-664.815918
4027.367557	334.365875	438.983063	-666.335510
4027.370887	334.716522	438.281738	-668.030396
4027.375588	335.826996	437.346588	-671.127991
4027.378473	335.943878	436.294556	-672.647583
4027.381842	337.112793	436.060760	-674.167175
4027.385134	337.638794	434.658112	-675.920532
4027.388436	338.164795	434.482758	-678.141479
4027.391347	338.690826	433.547638	-679.076599
4027.394642	339.216827	432.729401	-681.122131
4027.397978	340.268860	432.320251	-683.459961
4027.401316	340.444183	431.443604	-685.154846
4027.404644	340.911743	430.976044	-686.440674
4027.407553	341.788422	430.683807	-688.544678
4027.410879	342.256012	429.398010	-691.233215
4027.414213	342.840424	428.930481	-692.986511
4027.417549	343.132660	427.293976	-695.616577
4027.420902	343.892456	427.060181	-697.194641
4027.424211	344.067780	426.534180	-700.467590
4027.427547	344.476929	425.540649	-702.630066
4027.430918	345.061371	424.079468	-704.967834
4027.434219	345.704285	423.904144	-707.656311
4027.437547	345.879608	423.202789	-710.461731
4027.440882	346.405609	422.326141	-713.500854
4027.444216	347.632965	420.981873	-715.897156
4027.447552	347.691406	419.988312	-718.585632
4027.450880	348.626556	418.936310	-721.741699
4027.454212	348.801880	417.767395	-723.728821
4027.457547	349.269440	416.832245	-726.475769
4027.460879	349.620117	415.721802	-728.872009
4027.464229	349.620117	414.377533	-732.203369
4027.467544	350.204559	413.734680	-735.476379
4027.470883	350.905884	412.098175	-738.281738
4027.474212	350.555237	411.163055	-741.671509
4027.477547	350.847473	410.344849	-745.821167
4027.480879	352.191711	409.409729	-748.684998
4027.485130	352.659271	406.429016	-755.932190
4027.488484	352.367035	405.435425	-758.737549
4027.491878	353.068390	404.149628	-761.542969
4027.495055	353.769745	402.571594	-766.277039
4027.498393	353.360596	401.461121	-769.608398
4027.501305	354.120392	400.175323	-772.998230
4027.504631	353.945068	398.831085	-777.790771
4027.507975	354.412628	397.428406	-780.362366
4027.511306	354.237305	396.551727	-784.570435
4027.514651	354.587952	395.090576	-788.077148
4027.517542	354.646393	393.629456	-792.635864
4027.520872	355.289307	392.285217	-796.960815
4027.524203	354.704865	390.999420	-800.409119
4027.527590	355.523071	388.778503	-804.675659
4027.530884	355.113953	387.317352	-808.182312
4027.534206	355.289307	385.680878	-812.273499
4027.537543	355.113953	384.278198	-816.364685
4027.540870	354.938629	382.349518	-819.988342
4027.544238	354.880188	380.888367	-825.014587
4027.547541	354.997101	379.193451	-829.748718
4027.550893	355.581512	377.381653	-833.898254
4027.554202	355.055511	375.394501	-838.164795
4027.557531	354.821747	373.641144	-842.431335
4027.560864	354.763306	371.537109	-846.814697
4027.564204	354.821747	369.783752	-851.724121
4027.567540	354.412628	367.562805	-856.341370
4027.570872	354.237305	365.634125	-861.075378
4027.574208	354.295715	363.179413	-865.341919
4027.577539	353.945068	361.192261	-870.075989
4027.580867	353.652832	358.679138	-874.576294
4027.584203	353.360596	356.750427	-879.485718
4027.587553	353.126831	354.704865	-884.453613
4027.590866	352.951477	352.600800	-889.830505
4027.595122	351.256592	347.749847	-898.889526
4027.598383	351.490356	345.470490	-903.448303
4027.601710	351.782593	342.898895	-908.123901
4027.605052	351.198120	340.210419	-913.208679
4027.608416	349.970764	337.755707	-918.410278
4027.611308	349.853882	335.710114	-923.494995
4027.614645	349.269440	333.196960	-928.229126
4027.617983	348.801880	330.625366	-933.080078
4027.621315	347.866760	327.761566	-937.697205
4027.624221	346.990051	325.014618	-942.431335
4027.627531	346.697845	322.384583	-948.042114
4027.630910	346.464050	319.696106	-953.068359
4027.634194	344.827576	316.423157	-958.971436
4027.637540	344.418488	313.734650	-963.530090
4027.640865	343.249573	311.046173	-968.322632
4027.644191	342.548218	308.357697	-972.881348
4027.647526	341.671539	305.376984	-977.907654
4027.650859	340.911743	302.104034	-983.167725
4027.654193	339.392151	298.655762	-988.720032
4027.657523	338.340149	296.025696	-993.687927
4027.660862	337.288147	292.343658	-998.655823
4027.664196	335.826996	289.830505	-1004.383362
4027.667523	335.242554	286.382233	-1008.825195
4027.670865	333.722961	283.109283	-1014.143738
4027.674211	332.320282	279.953247	-1018.994690
4027.677526	331.151367	276.154297	-1024.488647
4027.680857	329.690247	272.822906	-1029.456421
4027.684192	328.287567	270.192871	-1034.775024
4027.687527	325.774414	266.160126	-1039.859741
4027.690858	325.482178	262.653412	-1045.236694
4027.694247	323.845703	259.380493	-1050.087646
4027.697520	322.033905	255.639984	-1055.932251
4027.700855	320.864990	251.782578	-1061.309204
4027.705465	317.884277	244.827576	-1070.543579
4027.708379	316.072449	240.853302	-1076.271118
4027.711708	314.669769	237.814148	-1081.122070
4027.715060	312.624207	233.372314	-1085.505615
4027.718477	311.163055	230.274704	-1091.408569
4027.721300	308.825256	226.475739	-1096.960815
4027.724643	306.896545	221.391006	-1100.818237
4027.728000	305.026306	218.001175	-1105.552246
4027.731273	303.682068	214.494446	-1111.747559
4027.734609	300.818237	209.994156	-1115.546387
4027.737524	299.064880	206.195206	-1121.449463
4027.740852	296.668640	202.337814	-1125.014648
4027.744181	294.506134	197.545288	-1130.391602
4027.747520	292.460571	193.454117	-1136.236084
4027.750855	290.765656	189.421387	-1140.035034
4027.754183	288.720032	184.687317	-1145.119873
4027.757519	285.914673	181.239044	-1149.094116
4027.760874	283.693756	176.563416	-1153.360596
4027.764187	281.297485	172.238464	-1159.555786
4027.767517	278.901215	168.264175	-1163.296265
4027.770848	276.738739	163.647003	-1167.796631
4027.774187	274.459381	159.555817	-1171.887817
4027.777514	271.712433	154.880188	-1176.680298
4027.780851	269.257751	150.438339	-1180.537720
4027.784184	266.803040	146.347168	-1185.797729
4027.787540	263.997681	141.613083	-1189.771973
4027.790857	261.542969	137.054367	-1194.330811
4027.794186	258.503784	132.554062	-1197.895996
4027.797515	255.932205	127.469315	-1202.104004
4027.800851	253.419037	123.670364	-1206.662720
4027.804216	250.029236	118.410286	-1210.111084
4027.807511	247.399185	114.085327	-1214.494385
4027.810855	244.652252	109.000587	-1217.942749
4027.814179	241.671539	105.026306	-1221.975464
4027.818805	236.469910	95.558151	-1229.865601
4027.821721	234.015198	91.057861	-1233.313843
4027.825125	230.391571	86.674461	-1237.054321
4027.828449	227.644653	81.765053	-1241.145508
4027.831766	225.014618	77.556984	-1244.126221
4027.834609	221.566345	72.939804	-1247.457642
4027.837932	219.345398	68.147285	-1250.263062
4027.841271	215.721802	63.939220	-1254.237305
4027.844601	213.267090	58.445351	-1258.328491
4027.847544	209.351257	54.061951	-1261.659790
4027.850845	206.428986	49.795441	-1264.815918
4027.854172	203.506729	45.236702	-1267.036865
4027.857507	200.467560	40.502628	-1271.011108
4027.860841	197.428406	35.943893	-1274.225586
4027.864173	194.389252	31.618935	-1276.914062
4027.867503	190.999420	27.060200	-1279.602539
4027.870838	187.317352	22.676798	-1282.115723
4027.874174	184.161301	18.118059	-1284.979492
4027.877509	181.239044	13.559322	-1288.252441
4027.880836	177.206314	8.942139	-1290.823975
4027.884204	174.459381	4.500292	-1292.752686
4027.887506	171.244888	-1.344243	-1296.084106
4027.890875	167.445938	-5.552309	-1297.954346
4027.894175	164.114563	-9.643483	-1299.123291
4027.897506	160.841614	-14.786674	-1303.272949
4027.900838	158.036224	-18.527178	-1304.909424
4027.904170	153.828171	-24.079485	-1306.721191
4027.907500	150.438339	-27.819988	-1308.942139
4027.910841	147.399185	-32.437172	-1311.104614
4027.914169	143.366455	-36.294563	-1312.858032
4027.917505	140.268845	-41.203976	-1315.312622
4027.920832	137.405029	-45.528931	-1318.059692
4027.924172	134.073639	-50.263004	-1319.637695
4027.928387	126.943298	-59.322037	-1323.378174
4027.931776	123.611923	-63.004089	-1324.546997
4027.935139	120.338989	-66.744598	-1325.774414
4027.938420	116.598473	-71.595558	-1327.118652
4027.941705	113.267097	-75.336060	-1328.988892
4027.944595	110.403275	-79.368790	-1330.333130
4027.947920	106.954994	-83.343079	-1331.619019
4027.951256	103.156052	-87.083580	-1333.021606
4027.954595	100.584457	-91.233200	-1333.839844
4027.957920	96.960846	-95.149033	-1334.424316
4027.960829	93.804794	-98.655754	-1335.301025
4027.964168	90.590302	-103.156052	-1336.236084
4027.967497	86.966690	-106.487427	-1337.697266
4027.970831	83.635300	-110.578606	-1338.573975
4027.974157	80.245468	-113.851547	-1338.983032
4027.977507	76.563416	-118.176506	-1339.684448
4027.980830	73.173584	-121.800110	-1339.976562
4027.984173	69.959084	-125.482178	-1341.671509
4027.987491	66.569260	-128.988892	-1341.554687
4027.990825	63.120979	-133.021622	-1342.139038
4027.994165	60.607834	-136.294571	-1342.314453
4027.997498	56.750443	-139.684387	-1342.723511
4028.000832	53.477497	-143.541794	-1342.840454
4028.004156	50.204556	-146.814728	-1344.009277
4028.007496	47.282291	-150.730560	-1345.236694
4028.010824	43.950905	-153.594391	-1344.827515
4028.014162	41.203976	-157.334885	-1344.944458
4028.017496	38.340153	-160.490936	-1345.704224
4028.020842	35.125656	-163.822327	-1346.054932
4028.024159	32.612507	-167.036819	-1346.171875
4028.027491	28.930450	-170.718872	-1345.937988
4028.030821	25.774401	-173.758041	-1346.580933
4028.034151	23.085915	-176.271194	-1345.996460
4028.037493	19.929865	-179.894791	-1332.144897
4028.041749	14.143775	-186.090012	-1345.996460
4028.045083	11.104617	-189.012283	-1345.821167
4028.048341	8.007013	-191.817657	-1345.412109
4028.051677	5.026300	-194.973694	-1344.827515
4028.054999	2.279369	-197.720642	-1344.418457
4028.057911	-0.467563	-199.883102	-1344.126221
4028.061256	-3.915838	-203.039169	-1343.658691
4028.064598	-6.487434	-205.260086	-1344.476929
4028.067937	-9.175920	-207.831665	-1344.009277
4028.070816	-11.747516	-210.111053	-1343.307983
4028.074146	-14.786674	-212.799530	-1342.022217
4028.077487	-17.182934	-215.195801	-1342.139038
4028.080872	-20.105202	-217.533615	-1341.905273
4028.084154	-22.501461	-220.631226	-1341.554687
4028.087481	-25.482174	-222.092346	-1341.437744
4028.090818	-27.936878	-224.430161	-1341.145508
4028.094155	-30.508474	-226.884872	-1340.970215
4028.097488	-32.729401	-229.047348	-1340.210449
4028.100819	-35.768555	-231.618927	-1339.450684
4028.104147	-37.463470	-233.664520	-1338.690796
4028.107494	-40.677963	-235.651657	-1338.398560
4028.110817	-43.074226	-237.346573	-1338.164795
4028.114150	-45.412041	-239.099930	-1337.054321
4028.117488	-47.691406	-240.970184	-1336.995850
4028.120813	-49.795441	-243.015793	-1335.710205
4028.124145	-52.133255	-244.652252	-1335.242554
4028.127482	-54.646408	-246.873169	-1334.307373
4028.130817	-57.159554	-248.509644	-1333.430786
4028.134141	-59.380478	-250.087662	-1333.489258
4028.137494	-61.542957	-251.431915	-1333.080078
4028.140813	-63.062538	-253.360611	-1331.911133
4028.144142	-65.984802	-255.113953	-1331.385132
4028.147475	-67.913506	-256.049072	-1330.099365
4028.151732	-71.887787	-259.380493	-1330.274658
4028.155001	-73.582703	-260.958496	-1328.755127
4028.158333	-75.569847	-262.419617	-1328.696655
4028.161674	-77.849213	-263.588562	-1327.293945
4028.165014	-80.070129	-265.108124	-1327.410889
4028.167926	-81.355927	-266.627686	-1325.891357
4028.171230	-83.284630	-267.621277	-1325.891357
4028.174588	-85.388657	-269.023956	-1325.482178
4028.177922	-87.784920	-270.075989	-1324.313232
4028.180819	-88.953827	-271.420227	-1324.254761
4028.184150	-90.707191	-272.764465	-1323.319702
4028.187473	-92.051437	-273.173584	-1322.501465
4028.190808	-94.564583	-273.816498	-1321.858643
4028.194143	-96.025719	-275.102295	-1321.332520
4028.197472	-97.837517	-275.920502	-1320.163574
4028.200810	-99.298653	-276.563416	-1320.806519
4028.204138	-101.285805	-277.206299	-1319.520752
4028.207471	-102.571594	-277.790771	-1318.702515
4028.210828	-104.149612	-278.901215	-1318.877930
4028.214145	-105.610748	-279.485687	-1318.059692
4028.217473	-107.364120	-280.537689	-1316.890747
4028.220807	-108.708359	-280.654602	-1316.949219
4028.224141	-110.461723	-281.239044	-1317.007690
4028.227469	-112.039742	-282.115723	-1316.598511
4028.230809	-112.974869	-282.349518	-1316.014038
4028.234140	-114.202225	-282.817078	-1315.546387
4028.237466	-115.604912	-282.992401	-1314.903564
4028.240800	-116.832260	-282.700195	-1313.150269
4028.244139	-118.644073	-283.576843	-1313.559326
4028.247467	-119.579193	-284.044403	-1313.559326
4028.250804	-120.631203	-284.219757	-1312.507324
4028.254192	-122.267677	-284.395111	-1313.500854
4028.257495	-123.027466	-285.330231	-1311.338379
4028.262071	-125.949738	-284.979523	-1311.279907
4028.264994	-127.001747	-285.447083	-1311.046265
4028.268327	-127.761543	-285.797791	-1310.870850
4028.271694	-128.638214	-286.031555	-1310.111084
4028.274999	-129.690247	-286.265350	-1310.286377
4028.277922	-130.800705	-285.797791	-1309.234375
4028.281244	-131.151382	-285.914673	-1309.176025
4028.284642	-132.203384	-285.563995	-1309.292847
4028.287894	-132.963181	-285.447083	-1308.474487
4028.291224	-134.365875	-285.505554	-1308.942139
4028.294124	-134.774979	-285.797791	-1308.942139
4028.297490	-135.008759	-285.271759	-1308.942139
4028.300798	-136.703674	-284.921112	-1308.883667
4028.304129	-137.931030	-284.745758	-1309.234375
4028.307458	-138.749268	-284.628876	-1308.649902
4028.310798	-138.807709	-283.810638	-1308.825195
4028.314129	-139.333725	-283.284637	-1309.117554
4028.317463	-140.268845	-282.349518	-1308.532959
4028.320795	-140.385742	-282.232605	-1308.883667
4028.324127	-141.613083	-281.823486	-1308.532959
4028.327460	-142.255981	-281.472839	-1309.117554
4028.330788	-142.548218	-280.654602	-1308.532959
4028.334144	-143.249557	-280.362366	-1308.766846
4028.337463	-143.600235	-279.427246	-1308.649902
4028.340799	-143.892456	-278.959686	-1309.117554
4028.344178	-144.769150	-278.725891	-1309.409668
4028.347468	-144.944473	-277.907654	-1309.468140
4028.350791	-145.119812	-276.388062	-1309.701904
4028.354129	-145.704269	-275.628296	-1309.526611
4028.357463	-145.996506	-275.336060	-1309.234375
4028.360790	-146.171829	-274.108734	-1309.818848
4028.364126	-146.873169	-273.524261	-1310.637085
4028.367456	-146.639389	-272.764465	-1310.403198
4028.370794	-147.048508	-271.654022	-1310.169556
4028.375422	-147.457626	-269.725311	-1311.572144
4028.378391	-148.509644	-268.673309	-1311.396851
4028.381670	-148.217422	-267.562805	-1310.753906
4028.385122	-148.100525	-266.569244	-1311.572144
4028.388406	-148.100525	-265.517242	-1311.572144
4028.391218	-149.094086	-264.114532	-1312.215088
4028.394540	-148.568100	-262.711853	-1313.267090
4028.397910	-148.568100	-261.952057	-1312.682617
4028.401210	-148.684982	-260.666260	-1313.033325
4028.404121	-148.743423	-259.322021	-1312.682617
4028.407459	-148.334320	-257.860901	-1312.858032
4028.410789	-148.158966	-256.575104	-1314.260620
4028.414120	-148.042084	-254.763290	-1314.026978
4028.417457	-148.158966	-253.886597	-1314.202271
4028.420782	-148.042084	-252.425476	-1314.494385
4028.424121	-148.392746	-250.847458	-1314.435913
4028.427480	-148.042084	-248.801880	-1316.656982
4028.430781	-148.042084	-247.282288	-1316.423096
4028.434111	-147.340744	-246.054932	-1316.949219
4028.437452	-147.457626	-244.827576	-1317.942749
4028.440790	-147.282288	-242.898895	-1317.533569
4028.444126	-146.347168	-241.087082	-1318.176514
4028.447447	-146.171829	-239.509064	-1317.767456
4028.450787	-145.762711	-238.573929	-1319.111572
4028.454115	-145.587372	-236.879013	-1319.286987
4028.457448	-145.353592	-234.833435	-1320.338989
4028.460782	-144.944473	-233.606079	-1321.274048
4028.464116	-144.243134	-231.268265	-1321.858643
4028.467445	-144.009354	-229.398010	-1322.209229
4028.470779	-143.249557	-228.053757	-1322.209229
4028.474114	-142.665115	-225.774414	-1322.735229
4028.477441	-142.139099	-224.254822	-1322.501465
4028.480782	-142.022202	-221.683212	-1323.962646
4028.485464	-140.502625	-217.650482	-1324.546997
4028.488401	-139.625961	-215.955597	-1325.774414
4028.491700	-138.690826	-213.851547	-1325.189941
4028.495021	-137.755707	-211.572174	-1326.300415
4028.498297	-137.171249	-209.526581	-1326.592651
4028.501622	-136.528351	-207.247238	-1327.060181
4028.504535	-135.827011	-205.318527	-1327.703125
4028.507867	-135.300995	-203.389832	-1327.527832
4028.511193	-134.365875	-201.110458	-1328.696655
4028.514554	-133.313843	-198.597305	-1329.339600
4028.517440	-132.612503	-196.668610	-1329.164185
4028.520776	-131.735825	-194.447693	-1330.216187
4028.524108	-130.566925	-192.518997	-1330.391602
4028.527439	-129.690247	-189.888947	-1331.034424
4028.530778	-128.871994	-187.668030	-1331.209839
4028.534138	-127.352432	-184.745758	-1331.911133
4028.537441	-126.651085	-182.407959	-1331.209839
4028.540771	-125.949738	-180.303925	-1332.904663
4028.544110	-124.722382	-177.498550	-1332.729492
4028.547442	-123.495033	-174.926941	-1332.554077
4028.550772	-122.092346	-172.121567	-1333.255371
4028.554101	-121.098770	-170.017532	-1333.021606
4028.557457	-119.696083	-167.387497	-1333.255371
4028.560769	-118.644073	-164.699005	-1333.489258
4028.564101	-117.475166	-161.659851	-1334.482788
4028.567435	-115.897133	-159.263580	-1334.833374
4028.570771	-114.962006	-156.516663	-1334.775024
4028.574106	-113.617767	-153.652832	-1334.833374
4028.577434	-112.799538	-150.964340	-1335.184082
4028.580767	-110.753944	-148.100525	-1335.651733
4028.584103	-109.818817	-145.470490	-1336.236084
4028.587429	-108.240799	-143.015778	-1335.768555
4028.590762	-106.604324	-139.976624	-1336.879028
4028.594124	-105.201637	-137.638809	-1336.645264
4028.598361	-102.220932	-131.852722	-1336.060791
4028.601626	-100.642899	-128.638214	-1336.294556
4028.604957	-99.240204	-125.482178	-1336.762085
4028.608279	-98.772644	-123.495033	-1337.112793
4028.611639	-96.960846	-119.988312	-1337.405029
4028.614530	-95.207481	-117.007599	-1337.229736
4028.617899	-94.272354	-113.734665	-1336.995850
4028.621213	-92.343658	-111.163071	-1336.820557
4028.624550	-90.298065	-107.948563	-1336.119263
4028.627495	-88.953827	-104.734077	-1336.586792
4028.630772	-87.142021	-101.928696	-1337.171265
4028.634098	-85.622444	-98.655754	-1335.885376
4028.637460	-84.161308	-95.499710	-1336.236084
4028.640761	-82.232613	-92.343658	-1335.710205
4028.644121	-80.654587	-89.596725	-1335.885376
4028.647424	-78.375221	-86.323784	-1336.762085
4028.650765	-77.147865	-83.401520	-1335.417847
4028.654090	-75.511398	-80.420807	-1335.768555
4028.657431	-74.050262	-77.323204	-1335.885376
4028.660760	-71.478668	-73.991814	-1334.365845
4028.664091	-70.368210	-70.660431	-1333.723022
4028.667431	-68.556396	-67.504379	-1334.599731
4028.670758	-66.510811	-64.465225	-1334.132080
4028.674089	-64.991234	-61.133839	-1334.132080
4028.677429	-63.237869	-57.860901	-1333.839844
4028.680779	-61.776741	-54.646408	-1333.080078
4028.684086	-59.380478	-51.315022	-1332.027954
4028.687426	-57.627117	-48.275860	-1331.502075
4028.690760	-55.873756	-45.821156	-1331.443604
4028.694093	-53.828167	-42.255993	-1330.917603
4028.697441	-51.607246	-38.983051	-1330.040894
4028.700769	-50.321449	-35.476330	-1328.638306
4028.704086	-47.632961	-32.378727	-1328.579834
4028.707420	-46.405609	-28.755114	-1327.878418
4028.711607	-42.665108	-23.436586	-1326.943359
4028.714930	-40.385738	-19.462303	-1325.715942
4028.718297	-38.106369	-16.481590	-1324.839355
4028.721622	-36.703682	-12.857978	-1324.020996
4028.724597	-34.541206	-10.111046	-1322.910645
4028.727873	-31.911165	-7.188778	-1322.384521
4028.731203	-30.566919	-3.857393	-1321.683228
4028.734532	-28.404442	-0.409117	-1320.748169
4028.737840	-26.534191	3.331385	-1319.871460
4028.740751	-24.663939	6.253653	-1318.644043
4028.744090	-22.326126	9.994155	-1317.592041
4028.747416	-20.163647	13.150205	-1317.650513
4028.750749	-18.410286	15.546463	-1315.488037
4028.754084	-15.897136	19.403856	-1315.546387
4028.757419	-13.909994	22.501461	-1313.559326
4028.760755	-12.098188	25.482174	-1312.098267
4028.764086	-10.344828	29.164230	-1311.279907
4028.767435	-8.007013	31.618935	-1309.994141
4028.770753	-5.727644	35.768555	-1308.357666
4028.774082	-3.682057	38.690823	-1306.838135
4028.777416	-1.753361	41.554649	-1305.669189
4028.780753	1.402689	45.470486	-1304.441895
4028.784084	3.156049	48.217415	-1303.623535
4028.787412	5.552309	51.957916	-1302.863770
4028.790749	7.130333	54.587959	-1301.402710
4028.794082	9.643483	58.386909	-1300.584473
4028.797444	11.864407	61.309177	-1298.597290
4028.800745	13.968439	64.757454	-1297.369995
4028.804077	15.897136	67.913506	-1296.785522
4028.807414	18.001169	70.952660	-1294.272339
4028.810755	20.105202	74.284050	-1293.103394
4028.814080	22.092344	77.147865	-1292.168335
4028.817411	23.845703	80.537697	-1290.239624
4028.822045	28.345997	86.090004	-1287.083496
4028.824951	30.216248	89.830505	-1285.388672
4028.828319	32.612507	92.518997	-1284.219727
4028.831690	35.008766	95.032143	-1282.407959
4028.834993	36.879017	98.305084	-1281.472778
4028.837857	39.216831	101.168907	-1279.251831
4028.841191	41.320866	104.091179	-1277.206299
4028.844503	43.191116	107.422554	-1275.569824
4028.847833	45.119812	109.935715	-1274.167114
4028.851169	47.282291	112.799538	-1272.939819
4028.854078	49.736996	115.312683	-1270.017578
4028.857413	51.373463	118.351837	-1269.199219
4028.860745	53.711277	120.923439	-1267.855103
4028.864077	55.873756	124.254822	-1265.809448
4028.867411	58.562244	127.293983	-1264.289795
4028.870739	60.315601	130.508469	-1262.302734
4028.874070	62.945644	132.495621	-1260.198730
4028.877407	64.231445	135.593231	-1257.977783
4028.880737	65.751022	138.573929	-1255.289307
4028.884087	67.971947	140.327301	-1254.412598
4028.887407	70.426651	143.775574	-1252.367065
4028.890745	72.180008	146.697845	-1251.256592
4028.894115	74.050262	149.152542	-1248.860352
4028.897408	75.803627	152.191696	-1246.814697
4028.900737	78.199883	155.055527	-1244.710693
4028.904070	80.596146	157.101105	-1242.781982
4028.907403	82.466393	159.497375	-1241.087036
4028.910734	83.869080	162.244293	-1240.210449
4028.914067	86.206894	164.991241	-1237.229736
4028.917402	88.135597	167.387497	-1235.534790
4028.920731	90.298065	170.075974	-1233.606079
4028.924070	92.518997	172.881348	-1231.560547
4028.927434	94.330803	174.985382	-1229.690308
4028.932069	97.720627	180.537704	-1225.423706
4028.934943	99.649330	182.758621	-1222.676758
4028.938323	101.110458	184.570435	-1221.566284
4028.941660	103.097603	187.317352	-1220.163574
4028.944939	104.967857	189.246063	-1217.884277
4028.947824	107.364120	191.642319	-1216.540039
4028.951163	109.234367	193.629456	-1214.611328
4028.954490	110.812393	195.908813	-1212.273560
4028.957823	112.156631	197.486847	-1209.760376
4028.961160	114.436005	199.824661	-1208.357666
4028.964063	116.189362	202.396255	-1205.902954
4028.967396	117.884277	204.500290	-1203.272949
4028.970745	119.871429	206.604309	-1201.987183
4028.974063	122.150787	208.942123	-1200.058472
4028.977391	124.021042	211.338394	-1198.071289
4028.980729	125.423729	213.267090	-1196.610107
4028.984060	127.060196	214.845108	-1194.564575
4028.987390	129.222687	217.007584	-1191.817627
4028.990775	130.566925	218.994736	-1190.648804
4028.994065	132.203384	220.748093	-1188.836914
4028.997391	134.015198	222.559906	-1186.966675
4029.000722	136.411453	224.780823	-1185.037964
4029.004066	137.405029	226.651077	-1183.284668
4029.007391	139.333725	228.345993	-1180.771484
4029.010728	141.087082	230.450027	-1178.842773
4029.014085	142.372879	231.969620	-1177.147827
4029.017392	144.243134	234.482758	-1174.576294
4029.020722	145.178253	235.593231	-1173.582764
4029.024055	147.223846	237.346573	-1171.770874
4029.027397	148.743423	239.158386	-1169.082397
4029.030724	150.613678	241.087082	-1168.030396
4029.034057	151.665680	242.606659	-1165.517212
4029.037390	153.360611	243.892456	-1164.289795
4029.042088	156.458206	247.749847	-1159.906494
4029.045038	158.036224	248.977203	-1159.263672
4029.048345	159.497375	250.789017	-1156.399780
4029.051584	161.250732	252.308578	-1154.587891
4029.054903	162.478073	253.477509	-1152.483887
4029.057846	163.647003	255.055527	-1150.672119
4029.061141	165.400345	256.516663	-1149.386353
4029.064478	166.803040	257.802460	-1147.106934
4029.067814	168.614838	258.971344	-1145.821167
4029.070725	170.485092	260.549377	-1143.307983
4029.074050	171.420212	261.776733	-1142.314453
4029.077383	172.589127	263.004089	-1140.210449
4029.080714	174.108704	264.406769	-1139.684448
4029.084046	174.985382	265.166565	-1137.171265
4029.087405	176.329636	267.095245	-1134.658081
4029.090741	177.440094	267.855042	-1132.495605
4029.094053	178.667450	268.614838	-1131.735840
4029.097391	180.245468	270.251312	-1130.391602
4029.100738	182.057266	271.303314	-1129.339600
4029.104049	183.167740	272.589142	-1127.118652
4029.107384	184.161301	273.641144	-1125.774414
4029.110717	185.330215	274.108734	-1123.904175
4029.114047	186.849792	275.628296	-1122.267700
4029.117383	187.901810	276.388062	-1120.923462
4029.120713	189.421387	277.498535	-1119.988403
4029.124052	190.824081	278.901215	-1117.884277
4029.127376	192.285217	279.544128	-1115.897217
4029.130737	192.285217	280.128571	-1115.195801
4029.134049	193.629456	281.706604	-1113.500854
4029.137385	194.856812	281.940399	-1111.747559
4029.140705	195.791931	283.401520	-1111.104614
4029.144054	197.311508	284.453522	-1109.059082
4029.147376	198.188202	285.505554	-1107.247314
4029.150712	198.947983	286.382233	-1106.312134
4029.154968	201.402695	287.843384	-1103.214478
4029.158317	202.279373	288.720032	-1103.039185
4029.161564	203.156036	289.538300	-1100.642822
4029.164891	204.208069	290.064301	-1100.058472
4029.168233	204.558731	290.648743	-1099.298706
4029.171138	205.844543	291.408539	-1097.077759
4029.174483	206.955002	291.759216	-1097.077759
4029.177797	207.890137	292.518982	-1095.382812
4029.181154	208.708359	293.103455	-1094.213867
4029.184037	210.111053	293.804779	-1094.038574
4029.187378	210.578613	294.155457	-1092.460571
4029.190708	211.572174	294.739929	-1090.823975
4029.194043	212.448853	295.265930	-1090.882446
4029.197375	213.383987	295.499695	-1089.246094
4029.200705	215.020462	296.025696	-1088.310913
4029.204037	215.312668	296.376404	-1087.960205
4029.207376	216.540024	296.610168	-1087.258911
4029.210710	217.475159	297.662201	-1086.557617
4029.214042	218.234940	298.305084	-1084.921021
4029.217402	219.286972	298.772644	-1084.161255
4029.220706	219.462296	298.597321	-1083.226196
4029.224034	220.631226	298.655762	-1082.407959
4029.227371	221.566345	299.240204	-1082.115723
4029.230714	222.384567	300.116882	-1082.174194
4029.234038	223.553467	300.584473	-1080.362305
4029.237367	224.313263	300.993561	-1079.953247
4029.240701	224.079483	300.467560	-1079.427246
4029.244038	225.248383	300.876678	-1078.375244
4029.247372	226.241974	301.285797	-1078.258301
4029.250696	226.709534	301.753357	-1077.089355
4029.254040	227.410858	302.045593	-1076.037354
4029.257365	227.761551	301.870239	-1075.686768
4029.260710	228.638214	302.337799	-1074.985352
4029.264961	230.157806	303.623596	-1073.348877
4029.268220	230.333130	303.214508	-1073.231934
4029.271544	231.443604	303.097595	-1072.413818
4029.274892	231.969620	303.272949	-1071.887817
4029.278256	232.378723	303.331360	-1071.770874
4029.281121	232.904739	303.915833	-1071.186401
4029.284487	233.430740	303.506744	-1070.543579
4029.287808	234.015198	303.389832	-1070.309692
4029.291152	234.307434	303.623596	-1069.199219
4029.294077	235.534760	303.506744	-1069.725342
4029.297395	236.177689	303.331360	-1069.666870
4029.300698	236.119217	303.331360	-1069.666870
4029.304055	236.820572	303.214508	-1069.491455
4029.307365	237.112808	303.331360	-1068.848633
4029.310695	237.989471	303.156036	-1068.731689
4029.314025	238.340164	302.805389	-1067.796631
4029.317368	238.515503	302.922272	-1067.562866
4029.320696	238.983063	301.987152	-1068.264160
4029.324027	239.450623	301.987152	-1068.907104
4029.327358	239.625961	301.870239	-1069.199219
4029.330693	239.801285	301.578033	-1068.439453
4029.334025	240.561081	301.168915	-1068.731689
4029.337357	241.145538	300.993561	-1068.556396
4029.340690	241.554642	300.701355	-1067.855103
4029.344027	242.080658	300.467560	-1069.082397
4029.347372	241.846878	300.175323	-1068.614868
4029.350694	242.665100	300.000000	-1068.907104
4029.354021	242.723557	299.707764	-1069.199219
4029.357359	242.781998	299.123322	-1068.088867
4029.360694	243.132660	299.415527	-1068.556396
4029.364019	244.067795	298.129761	-1069.608398
4029.367403	244.009354	297.954407	-1070.017578
4029.370695	244.243118	297.662201	-1069.374634
4029.375285	244.593811	296.960815	-1070.017578
4029.378235	245.002914	296.902405	-1070.952759
4029.381566	245.470474	296.142609	-1071.186401
4029.384942	246.171829	295.558136	-1071.127930
4029.388232	245.821167	295.441284	-1071.478638
4029.391169	246.230270	294.856812	-1071.887817
4029.394477	246.230270	294.739929	-1072.238403
4029.397837	246.639389	293.921692	-1072.238403
4029.401111	246.171829	293.571014	-1072.472168
4029.404032	247.048523	292.577423	-1072.998291
4029.407351	246.464066	292.402100	-1074.400879
4029.410690	246.580963	292.226776	-1074.576294
4029.414019	247.165390	291.233215	-1075.453003
4029.417356	246.990067	290.298096	-1075.336060
4029.420681	246.931625	289.888947	-1075.920532
4029.424026	247.691422	289.479828	-1076.212769
4029.427351	247.457626	289.129150	-1078.375244
4029.430681	247.574524	287.843384	-1078.901245
4029.434033	247.866745	287.142029	-1079.368774
4029.437346	247.983643	286.382233	-1079.427246
4029.440683	247.340729	285.739319	-1080.070068
4029.444009	248.042084	284.921112	-1080.187012
4029.447351	247.516083	284.511963	-1082.057251
4029.450678	247.749847	283.459961	-1082.758667
4029.454019	248.451202	282.349518	-1082.992310
4029.457353	247.866745	281.765045	-1083.752197
4029.460678	247.925186	280.888367	-1084.395142
4029.464018	248.217422	280.070129	-1085.037964
4029.467359	248.275848	279.193451	-1086.089966
4029.470712	247.808289	278.492126	-1086.440674
4029.474013	248.684982	278.141418	-1088.018677
4029.477363	248.334320	277.381653	-1088.895386
4029.480676	247.749847	276.855621	-1089.421387
4029.485314	247.749847	274.634705	-1091.934570
4029.488227	247.749847	273.874939	-1092.577515
4029.491554	247.399185	273.115143	-1094.272339
4029.494961	247.516083	272.472229	-1094.447754
4029.498267	247.282288	270.543549	-1096.201050
4029.501128	247.282288	270.017517	-1096.551758
4029.504435	247.165390	269.491516	-1097.311523
4029.507770	246.814728	268.439514	-1098.246704
4029.511107	246.405609	266.744598	-1100.000000
4029.514010	246.171829	265.867920	-1101.461182
4029.517344	245.996506	264.640564	-1101.811768
4029.520686	245.528931	264.348328	-1104.149658
4029.524002	245.353607	262.302765	-1104.324951
4029.527340	245.295135	261.835205	-1105.961426
4029.530672	245.061371	260.900055	-1106.896606
4029.534006	244.535355	260.140289	-1107.890137
4029.537340	244.360016	258.620697	-1108.591431
4029.540673	243.541794	258.036224	-1109.994141
4029.544005	243.249557	256.516663	-1112.390381
4029.547336	242.898895	255.230850	-1112.858032
4029.550670	242.548233	254.354172	-1113.500854
4029.554005	242.548233	253.009933	-1115.020508
4029.557359	242.197540	252.191711	-1116.481567
4029.560709	241.963776	251.081223	-1117.124512
4029.564013	241.554642	248.860306	-1118.994751
4029.567342	241.028641	248.158981	-1120.748169
4029.570668	240.853302	246.990067	-1122.033936
4029.574002	240.210419	245.996506	-1123.027466
4029.577339	240.268845	244.593811	-1124.254761
4029.580665	239.918182	243.834015	-1125.248413
4029.584004	239.859726	242.255997	-1126.534180
4029.587334	239.275284	240.619522	-1127.878418
4029.590665	238.749268	239.684387	-1129.631836
4029.594888	238.047928	237.521912	-1132.086426
4029.598207	237.638809	236.119217	-1134.190552
4029.601635	237.638809	234.599640	-1135.184082
4029.604920	237.229675	232.963181	-1136.060791
4029.607801	235.943893	232.378723	-1138.573975
4029.611104	235.710114	230.625366	-1140.327271
4029.614423	235.067200	229.339569	-1141.262451
4029.617755	234.599640	228.404449	-1142.665039
4029.621099	234.015198	226.826401	-1143.307983
4029.623997	233.781403	224.722382	-1145.528931
4029.627327	232.554047	223.845703	-1147.399170
4029.630664	232.028061	222.443008	-1149.795410
4029.633993	231.560486	220.981888	-1150.672119
4029.637329	230.800705	219.637634	-1151.373535
4029.640664	230.099365	218.118042	-1153.360596
4029.644011	229.281113	216.598480	-1155.172485
4029.647326	228.521317	215.488022	-1157.101196
4029.650661	227.936890	213.500885	-1157.568604
4029.653990	227.118637	211.864395	-1160.724731
4029.657331	226.592636	210.227936	-1161.718262
4029.660659	225.306839	208.649918	-1163.237915
4029.663997	224.605484	207.013443	-1165.166626
4029.667324	224.254822	205.727646	-1166.803101
4029.670661	223.728821	204.675629	-1167.562866
4029.673994	222.910568	203.156036	-1168.907104
4029.677330	222.384567	201.461121	-1170.192871
4029.680655	221.449448	199.941559	-1172.179932
4029.683996	221.215652	198.363525	-1173.231934
4029.687360	220.163651	196.727066	-1174.634766
4029.690653	219.345398	194.856812	-1176.914062
4029.693992	218.351837	193.103439	-1177.790771
4029.697327	217.533615	191.583878	-1179.661011
4029.700654	217.066055	189.888947	-1180.654663
4029.704851	215.955597	186.265335	-1184.453613
4029.708200	214.669769	185.213333	-1185.914673
4029.711582	213.793106	183.401520	-1187.609619
4029.714916	213.325546	182.407959	-1189.771973
4029.718171	212.039734	179.894791	-1191.057861
4029.721074	211.455292	178.492111	-1192.519043
4029.724409	209.935715	176.446518	-1193.863159
4029.727750	209.818817	175.160736	-1195.149048
4029.730694	208.533020	173.348923	-1197.019287
4029.733988	207.481003	172.004669	-1198.538818
4029.737318	206.487442	170.134430	-1199.298706
4029.740650	205.493851	168.790192	-1201.168945
4029.743986	204.734070	166.861481	-1201.344238
4029.747319	203.623611	164.874344	-1203.740479
4029.750646	202.922272	163.939209	-1205.026367
4029.753985	201.402695	161.601395	-1206.662720
4029.757316	200.584457	160.257156	-1208.474487
4029.760650	199.532440	158.094681	-1210.169556
4029.763985	198.363525	156.750443	-1211.396851
4029.767335	197.603745	155.639984	-1212.215088
4029.770653	196.551727	153.302155	-1215.020508
4029.774007	195.675034	151.548798	-1215.429565
4029.777316	195.207474	149.503220	-1217.942749
4029.780655	193.687897	147.574524	-1218.644043
4029.783975	193.395676	146.288712	-1220.280518
4029.787315	191.642319	144.301575	-1222.150757
4029.790642	190.005844	142.314438	-1223.553467
4029.793987	189.479843	140.736420	-1225.774414
4029.797310	188.836929	138.983047	-1226.651123
4029.800643	187.726471	137.638809	-1227.410889
4029.803980	186.206894	136.236115	-1228.696655
4029.807307	185.447113	134.015198	-1230.216187
4029.811996	183.050842	130.099350	-1233.664551
4029.814898	181.998840	129.164230	-1234.132080
4029.818255	181.239044	126.884865	-1236.119263
4029.821534	179.544128	125.306831	-1236.762085
4029.824830	177.849213	123.378143	-1238.690796
4029.827740	177.615433	121.566330	-1239.976562
4029.831065	175.686722	119.812981	-1241.145508
