time (s)	det(V)
4178.084939	1.629258	
4178.086501	1.629230	
4178.088175	1.629178	
4178.089739	1.629198	
4178.091403	1.629290	
4178.093001	1.629166	
4178.094650	1.629335	
4178.096244	1.629186	
4178.097878	1.629210	
4178.099487	1.629097	
4178.101122	1.629286	
4178.102798	1.629222	
4178.104392	1.629274	
4178.106072	1.629153	
4178.107666	1.629298	
4178.109312	1.629194	
4178.110901	1.629294	
4178.112584	1.629206	
4178.114159	1.629262	
4178.115868	1.629214	
4178.117423	1.629246	
4178.119128	1.629081	
4178.120673	1.629323	
4178.122379	1.629117	
4178.123894	1.629298	
4178.125634	1.629218	
4178.127124	1.629274	
4178.128911	1.629258	
4178.130401	1.629274	
4178.132179	1.629274	
4178.133659	1.629194	
4178.135436	1.629299	
4178.136925	1.629238	
4178.138699	1.629250	
4178.140199	1.629230	
4178.141951	1.629178	
4178.143453	1.629202	
4178.145190	1.629335	
4178.146709	1.629198	
4178.148406	1.629303	
4178.149950	1.629117	
4178.151473	1.629105	
4178.153071	1.629230	
4178.154565	1.629218	
4178.156181	1.629234	
4178.157716	1.629206	
4178.159361	1.629121	
4178.160837	1.629266	
4178.162497	1.629157	
4178.163968	1.629125	
4178.165620	1.629258	
4178.167105	1.629037	
4178.168743	1.629169	
4178.170241	1.629166	
4178.171914	1.629210	
4178.173443	1.629161	
4178.175080	1.629246	
4178.176619	1.629153	
4178.178248	1.629266	
4178.179812	1.629125	
4178.181410	1.629190	
4178.182987	1.629169	
4178.184635	1.629278	
4178.186230	1.629190	
4178.187867	1.629294	
4178.189491	1.629121	
4178.191115	1.629274	
4178.192787	1.629069	
4178.194396	1.629186	
4178.196057	1.629117	
4178.197669	1.629222	
4178.199339	1.629222	
4178.200923	1.629162	
4178.202616	1.629226	
4178.204183	1.629194	
4178.205881	1.629153	
4178.207465	1.629194	
4178.209164	1.629101	
4178.210724	1.629113	
4178.212427	1.629198	
4178.213966	1.629254	
4178.215713	1.629077	
4178.217240	1.629150	
4178.218980	1.629101	
4178.220472	1.629242	
4178.222256	1.629242	
4178.223751	1.629133	
4178.225538	1.629121	
4178.227018	1.629226	
4178.228784	1.629097	
4178.230267	1.629194	
4178.232026	1.629242	
4178.233515	1.629153	
4178.235265	1.629145	
4178.236773	1.629093	
4178.238535	1.629186	
4178.240072	1.629077	
4178.241812	1.629153	
4178.243340	1.629125	
4178.245078	1.629129	
4178.246613	1.629077	
4178.248323	1.629286	
4178.249875	1.629157	
4178.251582	1.629310	
4178.253152	1.629081	
4178.254839	1.629250	
4178.256415	1.629073	
4178.258087	1.629141	
4178.259676	1.629137	
4178.261319	1.629222	
4178.262927	1.629153	
4178.264443	1.629109	
4178.266103	1.629129	
4178.267582	1.629041	
4178.269234	1.624988	
4178.270714	1.584451	
4178.272351	1.495155	
4178.273835	1.439134	
4178.275475	1.412047	
4178.276969	1.373488	
4178.278584	1.308721	
4178.280114	1.279475	
4178.281770	1.245927	
4178.283304	1.202582	
4178.284935	1.143886	
4178.286492	1.116405	
4178.288090	1.063416	
4178.289671	1.019427	
4178.291240	0.988018	
4178.292856	0.974410	
4178.294494	0.930433	
4178.296123	0.887942	
4178.297735	0.862612	
4178.299419	0.828907	
4178.301023	0.790066	
4178.302687	0.760188	
4178.304274	0.720961	
4178.305947	0.693628	
4178.307535	0.655674	
4178.309233	0.646948	
4178.310799	0.624853	
4178.312511	0.594375	
4178.314052	0.577867	
4178.315763	0.558341	
4178.317322	0.516003	
4178.319036	0.498223	
4178.320548	0.491999	
4178.322307	0.461766	
4178.323798	0.439611	
4178.325582	0.435316	
4178.327067	0.417334	
4178.328843	0.406018	
4178.330324	0.399944	
4178.332091	0.387673	
4178.333578	0.362118	
4178.335346	0.342987	
4178.336840	0.343185	
4178.338605	0.322934	
4178.340106	0.308118	
4178.341840	0.300098	
4178.343359	0.307897	
4178.345067	0.294321	
4178.346601	0.297951	
4178.348316	0.287537	
4178.349875	0.274953	
4178.351588	0.252173	
4178.353136	0.263645	
4178.354822	0.245490	
4178.356385	0.247983	
4178.358052	0.238114	
4178.359638	0.248132	
4178.361272	0.226549	
4178.362897	0.241365	
4178.364542	0.242142	
4178.366163	0.241393	
4178.367793	0.224547	
4178.369412	0.218939	
4178.371017	0.211608	
4178.372681	0.205114	
4178.374158	0.204651	
4178.375745	0.216397	
4178.377226	0.212280	
4178.378855	0.207120	
4178.380332	0.215237	
4178.381965	0.216881	
4178.383467	0.201235	
4178.385038	0.192711	
4178.386582	0.187502	
4178.388106	0.177629	
4178.389726	0.169983	
4178.391301	0.182600	
4178.392923	0.186894	
4178.394459	0.180598	
4178.396129	0.175317	
4178.397644	0.181834	
4178.399331	0.192767	
4178.400812	0.172960	
4178.402535	0.167490	
4178.404094	0.151090	
4178.405791	0.146252	
4178.407349	0.141599	
4178.409061	0.147956	
4178.410596	0.147666	
4178.412324	0.140049	
4178.413827	0.146200	
4178.415588	0.141181	
4178.417072	0.126646	
4178.418854	0.112761	
4178.420339	0.114622	
4178.422109	0.097896	
4178.423584	0.091459	
4178.425379	0.094363	
4178.426863	0.095395	
4178.428610	0.086544	
4178.430114	0.083773	
4178.431873	0.082862	
4178.433387	0.067623	
4178.435131	0.058024	
4178.436664	0.061279	
4178.438390	0.047031	
4178.439927	0.040815	
4178.441641	0.034744	
4178.443200	0.045915	
4178.444883	0.033036	
4178.446435	0.037717	
4178.448101	0.038732	
4178.449687	0.030845	
4178.451340	0.002981	
4178.452931	0.002022	
4178.454581	-0.005213	
4178.456186	-0.019795	
4178.457812	-0.020391	
4178.459447	-0.010550	
4178.461045	-0.019046	
4178.462706	-0.019751	
4178.464309	-0.015062	
4178.465963	-0.021696	
4178.467544	-0.037137	
4178.469205	-0.040859	
4178.470773	-0.041121	
4178.472481	-0.052433	
4178.474016	-0.055530	
4178.475724	-0.043602	
4178.477263	-0.043832	
4178.478969	-0.052513	
4178.480464	-0.040634	
4178.482236	-0.038986	
4178.483736	-0.050169	
4178.485279	-0.064493	
4178.486805	-0.050306	
4178.488374	-0.066588	
4178.489916	-0.068908	
4178.491437	-0.059780	
4178.493077	-0.052702	
4178.494570	-0.054604	
4178.496205	-0.051671	
4178.497731	-0.041955	
4178.499384	-0.043740	
4178.500873	-0.064131	
4178.502587	-0.057601	
4178.504060	-0.053448	
4178.505812	-0.065207	
4178.507289	-0.060944	
4178.509002	-0.050749	
4178.510481	-0.047280	
4178.512180	-0.050020	
4178.513669	-0.039611	
4178.515449	-0.036742	
4178.516939	-0.046165	
4178.518704	-0.049520	
4178.520190	-0.043224	
4178.521967	-0.053411	
4178.523462	-0.054298	
4178.525214	-0.044211	
4178.526732	-0.035671	
4178.528449	-0.039727	
4178.529971	-0.036887	
4178.531689	-0.035449	
4178.533237	-0.039582	
4178.534959	-0.047836	
4178.536504	-0.046378	
4178.538196	-0.054245	
4178.539757	-0.061927	
4178.541441	-0.058717	
4178.543022	-0.049415	
4178.544684	-0.055724	
4178.546281	-0.053299	
4178.547947	-0.050874	
4178.549544	-0.056896	
4178.551178	-0.072768	
4178.552784	-0.076099	
4178.554421	-0.083253	
4178.556062	-0.098037	
4178.557663	-0.100245	
4178.559340	-0.096607	
4178.560927	-0.103004	
4178.562611	-0.099032	
4178.564193	-0.101373	
4178.565856	-0.108201	
4178.567419	-0.126824	
4178.569134	-0.135597	
4178.570680	-0.146413	
4178.572392	-0.155598	
4178.573920	-0.166676	
4178.575670	-0.166442	
4178.577186	-0.170233	
4178.578923	-0.185250	
4178.580413	-0.190294	
4178.582208	-0.194068	
4178.583693	-0.212522	
4178.585485	-0.234049	
4178.586963	-0.237993	
4178.588749	-0.260664	
4178.590249	-0.271356	
4178.592035	-0.274256	
4178.593537	-0.274522	
4178.595119	-0.293407	
4178.596665	-0.300174	
4178.598231	-0.303252	
4178.599812	-0.323309	
4178.601319	-0.341432	
4178.602994	-0.348264	
4178.604491	-0.370928	
4178.606114	-0.382964	
4178.607635	-0.392697	
4178.609263	-0.397039	
4178.610750	-0.411598	
4178.612479	-0.418619	
4178.613947	-0.423139	
4178.615662	-0.431208	
4178.617148	-0.455744	
4178.618851	-0.473718	
4178.620336	-0.477151	
4178.622039	-0.503983	
4178.623528	-0.523819	
4178.625303	-0.523903	
4178.626809	-0.530518	
4178.628580	-0.551989	
4178.630076	-0.556633	
4178.631826	-0.568666	
4178.633350	-0.584368	
4178.635069	-0.614528	
4178.636603	-0.615294	
4178.638319	-0.640201	
4178.639870	-0.658997	
4178.641562	-0.662054	
4178.643121	-0.663746	
4178.644805	-0.683566	
4178.646360	-0.696275	
4178.648046	-0.701250	
4178.649635	-0.726254	
4178.651279	-0.753558	
4178.652897	-0.749211	
4178.654533	-0.775444	
4178.656144	-0.807038	
4178.657791	-0.824408	
4178.659412	-0.825177	
4178.661029	-0.847389	
4178.662702	-0.861017	
4178.664293	-0.868280	
4178.665982	-0.900338	
4178.667560	-0.938566	
4178.669257	-0.951711	
4178.670846	-0.967699	
4178.672505	-1.002278	
4178.674072	-1.029389	
4178.675771	-1.037047	
4178.677315	-1.065547	
4178.679038	-1.098877	
4178.680570	-1.116497	
4178.682292	-1.147592	
4178.683784	-1.190759	
4178.685538	-1.230019	
4178.687021	-1.251817	
4178.688809	-1.297784	
4178.690307	-1.336456	
4178.692085	-1.371115	
4178.693568	-1.403205	
4178.695359	-1.447516	
4178.696834	-1.481886	
4178.698568	-1.530169	
4178.700075	-1.579939	
4178.701812	-1.618974	
4178.703355	-1.626088	
4178.704854	-1.626068	
4178.706452	-1.626052	
4178.707947	-1.626156	
4178.709575	-1.626152	
4178.711086	-1.626084	
4178.712728	-1.626205	
4178.714210	-1.626112	
4178.715840	-1.626108	
4178.717330	-1.626148	
4178.718989	-1.626144	
4178.720488	-1.626136	
4178.722216	-1.626096	
4178.723702	-1.626088	
4178.725421	-1.626064	
4178.726901	-1.626019	
4178.728593	-1.626060	
4178.730092	-1.626209	
4178.731765	-1.626104	
4178.733291	-1.626201	
4178.734998	-1.626084	
4178.736546	-1.626124	
4178.738283	-1.626140	
4178.739833	-1.626136	
4178.741535	-1.626124	
4178.743091	-1.626209	
4178.744800	-1.626003	
4178.746374	-1.626052	
4178.748048	-1.626019	
4178.749644	-1.626128	
4178.751282	-1.626011	
4178.752877	-1.626096	
4178.754524	-1.626015	
4178.756128	-1.626164	
4178.757754	-1.626015	
4178.759373	-1.626193	
4178.760968	-1.626036	
4178.762653	-1.626168	
4178.764235	-1.626031	
4178.765918	-1.626209	
4178.767505	-1.626112	
4178.769171	-1.626257	
4178.770735	-1.626036	
4178.772429	-1.626128	
4178.773990	-1.626100	
4178.775704	-1.626148	
4178.777235	-1.626189	
4178.778950	-1.626181	
4178.780461	-1.626164	
4178.782204	-1.626100	
4178.783693	-1.626140	
4178.785482	-1.626152	
4178.786976	-1.626136	
4178.788759	-1.626160	
4178.790242	-1.626156	
4178.792033	-1.626108	
4178.793516	-1.626185	
4178.795270	-1.626120	
4178.796764	-1.626172	
4178.798514	-1.626168	
4178.800031	-1.626140	
4178.801774	-1.626229	
4178.803299	-1.626225	
4178.805022	-1.626019	
4178.806551	-1.626181	
4178.808256	-1.626177	
4178.809818	-1.626253	
4178.811497	-1.626084	
4178.813086	-1.626209	
4178.814585	-1.626261	
4178.816145	-1.626269	
4178.817667	-1.626181	
4178.819315	-1.626289	
4178.820789	-1.626189	
4178.822429	-1.626253	
4178.823906	-1.626245	
4178.825551	-1.626241	
4178.827036	-1.626193	
4178.828670	-1.626233	
4178.830169	-1.626301	
4178.831750	-1.626213	
4178.833290	-1.626253	
4178.834932	-1.626156	
4178.836489	-1.626338	
4178.838111	-1.626221	
4178.839688	-1.626313	
4178.841277	-1.626181	
4178.842884	-1.626229	
4178.844429	-1.626229	
4178.846071	-1.626301	
4178.847679	-1.626124	
4178.849347	-1.626249	
4178.850920	-1.626136	
4178.852593	-1.626237	
4178.854176	-1.626181	
4178.855831	-1.626334	
4178.857405	-1.626209	
4178.859098	-1.626334	
4178.860667	-1.626160	
4178.862386	-1.626269	
4178.863935	-1.626225	
4178.865645	-1.626285	
4178.867160	-1.626225	
4178.868909	-1.626241	
4178.870403	-1.626173	
4178.872193	-1.626241	
4178.873681	-1.626144	
4178.875449	-1.626213	
4178.876936	-1.626233	
4178.878714	-1.626249	
4178.880203	-1.626221	
4178.881970	-1.626189	
4178.883460	-1.626189	
4178.885212	-1.626237	
4178.886736	-1.626213	
4178.888486	-1.626241	
4178.890009	-1.626209	
4178.891737	-1.626144	
4178.893262	-1.626281	
4178.894977	-1.626173	
4178.896516	-1.626164	
4178.898208	-1.626233	
4178.899762	-1.626193	
4178.901445	-1.626128	
4178.903022	-1.626269	
4178.904680	-1.626164	
4178.906251	-1.626116	
4178.907909	-1.626080	
4178.909520	-1.626249	
4178.911168	-1.626027	
4178.912781	-1.626269	
4178.914404	-1.626128	
4178.916041	-1.626237	
4178.917652	-1.626003	
4178.919299	-1.626024	
4178.920884	-1.626116	
4178.922538	-1.626217	
4178.924119	-1.626080	
4178.925821	-1.626164	
4178.927291	-1.626177	
4178.928933	-1.626136	
4178.930420	-1.626241	
4178.932058	-1.626096	
4178.933539	-1.626124	
4178.935158	-1.626132	
4178.936692	-1.626265	
4178.938243	-1.626092	
4178.939823	-1.626193	
4178.941425	-1.626056	
4178.943019	-1.626084	
4178.944600	-1.626031	
4178.946210	-1.626100	
4178.947771	-1.626064	
4178.949392	-1.626229	
4178.950890	-1.626032	
4178.952587	-1.626168	
4178.954074	-1.626104	
4178.955790	-1.626164	
4178.957361	-1.626044	
4178.959062	-1.626128	
4178.960604	-1.626011	
4178.962333	-1.626080	
4178.963882	-1.626040	
4178.965609	-1.626019	
4178.967112	-1.626015	
4178.968878	-1.625999	
4178.970367	-1.625496	
4178.972152	-1.574485	
4178.973634	-1.468138	
4178.975414	-1.364896	
4178.976900	-1.267986	
4178.978696	-1.182465	
4178.980180	-1.085955	
4178.981956	-0.993827	
4178.983463	-0.925893	
4178.985217	-0.846378	
4178.986731	-0.755133	
4178.988477	-0.667315	
4178.989999	-0.587043	
4178.991722	-0.482730	
4178.993250	-0.397708	
4178.994977	-0.309580	
4178.996521	-0.210693	
4178.998242	-0.111004	
4178.999798	-0.032045	
4179.001491	0.053492	
4179.003053	0.152907	
4179.004740	0.236877	
4179.006318	0.333162	
4179.007988	0.427082	
4179.009578	0.528580	
4179.011205	0.627459	
4179.012815	0.731064	
4179.014463	0.830982	
4179.016070	0.927609	
4179.017708	1.003016	
4179.019381	1.106209	
4179.020973	1.192810	
4179.022637	1.274432	
4179.024216	1.376856	
4179.025917	1.489806	
4179.027522	1.574880	
4179.029199	1.623820	
4179.030773	1.629149	
4179.032465	1.629186	
4179.033941	1.629133	
4179.035518	1.629105	
4179.037007	1.629186	
4179.038652	1.629153	
4179.040133	1.629162	
4179.041753	1.629153	
4179.043280	1.629069	
4179.044832	1.629061	
4179.046437	1.629137	
4179.047930	1.629141	
4179.049584	1.629125	
4179.051146	1.629178	
4179.052776	1.629258	
4179.054310	1.629186	
4179.055982	1.629081	
4179.057457	1.629153	
4179.059172	1.629109	
4179.060648	1.629133	
4179.062351	1.629186	
4179.063834	1.629222	
4179.065559	1.629109	
4179.067049	1.629165	
4179.068835	1.629166	
4179.070318	1.629141	
4179.072089	1.629109	
4179.073576	1.629137	
4179.075337	1.629274	
4179.076819	1.629149	
4179.078566	1.629174	
4179.080075	1.629153	
4179.081840	1.629133	
4179.083343	1.629186	
4179.085089	1.629214	
4179.086609	1.629165	
4179.088322	1.629238	
4179.089859	1.629166	
4179.091552	1.629190	
4179.093095	1.629161	
4179.094774	1.629166	
4179.096347	1.629073	
4179.098034	1.629182	
4179.099603	1.629125	
4179.101267	1.629210	
4179.102863	1.629081	
4179.104524	1.629178	
4179.106125	1.629129	
4179.107753	1.629310	
4179.109386	1.629121	
4179.111012	1.629202	
4179.112658	1.629153	
4179.114262	1.629141	
4179.115903	1.629190	
4179.117484	1.629238	
4179.119171	1.629121	
4179.120726	1.629121	
4179.122456	1.629129	
4179.124008	1.629258	
4179.125698	1.629178	
4179.127261	1.629298	
4179.128964	1.629186	
4179.130503	1.629178	
4179.132255	1.629157	
4179.133754	1.629186	
4179.135515	1.629218	
4179.136994	1.629129	
4179.138791	1.629206	
4179.140281	1.629166	
4179.142046	1.629166	
4179.143543	1.629222	
4179.145027	1.629145	
4179.146637	1.629121	
4179.148177	1.629190	
4179.149768	1.629137	
4179.151267	1.629149	
4179.152939	1.629145	
4179.154438	1.629250	
4179.156085	1.629133	
4179.157621	1.629210	
4179.159250	1.629162	
4179.160741	1.629242	
4179.162466	1.629190	
4179.163935	1.629165	
4179.165670	1.629145	
4179.167157	1.629230	
4179.168861	1.629150	
4179.170340	1.629210	
4179.172052	1.629214	
4179.173538	1.629186	
4179.175215	1.629286	
4179.176713	1.629137	
4179.178461	1.629166	
4179.179979	1.629166	
4179.181706	1.629198	
4179.183233	1.629166	
4179.184949	1.629153	
4179.186491	1.629242	
4179.188196	1.629282	
4179.189749	1.629137	
4179.191457	1.629347	
4179.193029	1.629182	
4179.194715	1.629246	
4179.196281	1.629157	
4179.197953	1.629218	
4179.199538	1.629170	
4179.201190	1.629174	
4179.202787	1.629133	
4179.204409	1.629266	
4179.206033	1.629101	
4179.207648	1.629218	
4179.209314	1.629169	
4179.210901	1.629238	
4179.212555	1.629157	
4179.214155	1.629250	
4179.215836	1.629149	
4179.217397	1.629282	
4179.219113	1.629174	
4179.220674	1.629129	
4179.222367	1.629133	
4179.223937	1.629206	
4179.225637	1.629125	
4179.227187	1.629166	
4179.228925	1.629162	
4179.230427	1.629246	
4179.232182	1.629153	
4179.233666	1.629129	
4179.235453	1.629262	
4179.236946	1.629194	
4179.238717	1.629161	
4179.240205	1.629202	
4179.242000	1.629214	
4179.243480	1.629069	
4179.245253	1.629198	
4179.246749	1.629077	
4179.248496	1.629101	
4179.250000	1.629170	
4179.251725	1.629230	
4179.253249	1.629129	
4179.254983	1.629105	
4179.256519	1.629093	
4179.258057	1.629145	
4179.259686	1.629182	
4179.261175	1.629133	
4179.262825	1.629178	
4179.264349	1.629101	
4179.265996	1.629218	
4179.267484	1.629121	
4179.269130	1.629117	
4179.270627	1.629125	
4179.272277	1.629133	
4179.273761	1.629025	
4179.275494	1.629202	
4179.276983	1.629125	
4179.278699	1.629182	
4179.280178	1.629194	
4179.281871	1.629178	
4179.283374	1.629113	
4179.285055	1.629250	
4179.286585	1.629101	
4179.288319	1.629182	
4179.289861	1.629153	
4179.291576	1.629246	
4179.293115	1.629089	
4179.294819	1.629226	
4179.296380	1.629101	
4179.298065	1.629174	
4179.299643	1.629049	
4179.301313	1.629242	
4179.302903	1.629145	
4179.304570	1.629206	
4179.306165	1.629137	
4179.307814	1.629194	
4179.309415	1.629129	
4179.311058	1.629182	
4179.312694	1.629057	
4179.314312	1.629202	
4179.316003	1.629077	
4179.317613	1.629222	
4179.319265	1.629033	
4179.320863	1.629242	
4179.322518	1.629149	
4179.324103	1.629121	
4179.325811	1.629113	
4179.327377	1.629190	
4179.329087	1.629133	
4179.330634	1.629141	
4179.332322	1.629109	
4179.333875	1.629166	
4179.335597	1.628984	
4179.337122	1.629210	
4179.338870	1.626837	
4179.340357	1.597306	
4179.342120	1.534355	
4179.343602	1.510999	
4179.345379	1.462288	
4179.346864	1.438167	
4179.348651	1.400933	
4179.350152	1.359127	
4179.351930	1.314002	
4179.353411	1.282823	
4179.355192	1.240243	
4179.356691	1.215054	
4179.358440	1.185333	
4179.359960	1.167991	
4179.361664	1.133110	
4179.363190	1.110696	
4179.364910	1.090422	
4179.366454	1.056673	
4179.367973	1.019411	
4179.369570	0.990757	
4179.371066	0.959320	
4179.372709	0.933028	
4179.374243	0.903850	
4179.375861	0.912056	
4179.377348	0.888664	
4179.379007	0.877570	
4179.380496	0.860872	
4179.382133	0.843389	
4179.383623	0.824114	
4179.385338	0.797535	
4179.386816	0.781422	
4179.388512	0.744929	
4179.390009	0.737219	
4179.391684	0.723595	
4179.393223	0.722950	
4179.394852	0.695977	
4179.396421	0.705746	
4179.398006	0.697818	
4179.399601	0.691272	
4179.401263	0.655819	
4179.402849	0.648942	
4179.404501	0.639601	
4179.406103	0.622750	
4179.407740	0.611225	
4179.409375	0.615338	
4179.410980	0.607024	
4179.412671	0.607201	
4179.414256	0.604800	
4179.415941	0.590181	
4179.417529	0.575115	
4179.419199	0.555236	
4179.420786	0.553072	
4179.422479	0.538719	
4179.424047	0.526449	
4179.425753	0.532923	
4179.427306	0.531722	
4179.428995	0.518239	
4179.430549	0.514207	
4179.432255	0.514106	
4179.433796	0.489538	
4179.435539	0.476981	
4179.437031	0.470552	
4179.438815	0.450350	
4179.440293	0.453947	
4179.442083	0.439055	
4179.443571	0.444445	
4179.445364	0.426530	
4179.446860	0.426998	
4179.448646	0.418748	
4179.450130	0.414559	
4179.451905	0.377977	
4179.453391	0.365308	
4179.455148	0.349312	
4179.456659	0.337384	
4179.458394	0.325323	
4179.459918	0.328473	
4179.461673	0.303892	
4179.463193	0.292674	
4179.464916	0.292863	
4179.466442	0.277716	
4179.468139	0.238779	
4179.469698	0.230231	
4179.471371	0.204872	
4179.472923	0.189516	
4179.474590	0.179063	
4179.476183	0.169153	
4179.477844	0.155002	
4179.479439	0.147541	
4179.480965	0.128918	
4179.482609	0.121051	
4179.484106	0.091439	
4179.485757	0.076647	
4179.487246	0.060622	
4179.488887	0.030039	
4179.490372	0.018216	
4179.492027	0.016004	
4179.493504	0.003178	
4179.495112	-0.021644	
4179.496615	-0.029258	
4179.498270	-0.035949	
4179.499807	-0.057806	
4179.501429	-0.076409	
4179.503013	-0.082033	
4179.504591	-0.107854	
4179.506205	-0.134477	
4179.507759	-0.131593	
4179.509370	-0.100345	
4179.510994	-0.084478	
4179.512636	-0.096112	
4179.514252	-0.116382	
4179.515919	-0.124733	
4179.517525	-0.150381	
4179.519201	-0.168992	
4179.520782	-0.185254	
4179.522460	-0.234682	
4179.524025	-0.262977	
4179.525715	-0.253760	
4179.527276	-0.246445	
4179.528978	-0.263400	
4179.530541	-0.303594	
4179.532276	-0.329227	
4179.533818	-0.329641	
4179.535552	-0.314056	
4179.537061	-0.303353	
4179.538823	-0.348945	
4179.540309	-0.387653	
4179.542096	-0.387484	
4179.543598	-0.364752	
4179.545389	-0.363971	
4179.546864	-0.375423	
4179.548657	-0.406804	
4179.550140	-0.426643	
4179.551916	-0.432787	
4179.553406	-0.415416	
4179.555166	-0.418977	
4179.556666	-0.429068	
4179.558428	-0.432315	
4179.559937	-0.416693	
4179.561661	-0.401007	
4179.563189	-0.384012	
4179.564900	-0.385373	
4179.566436	-0.407730	
4179.568140	-0.427574	
4179.569696	-0.423654	
4179.571385	-0.429125	
4179.572971	-0.438950	
4179.574649	-0.445548	
4179.576238	-0.448227	
4179.577910	-0.454556	
4179.579497	-0.440513	
4179.581157	-0.429133	
4179.582769	-0.442225	
4179.584397	-0.465509	
4179.586026	-0.480224	
4179.587659	-0.497796	
4179.589305	-0.522360	
4179.590795	-0.538788	
4179.592360	-0.546059	
4179.593867	-0.562555	
4179.595507	-0.587204	
4179.597005	-0.602129	
4179.598646	-0.608127	
4179.600150	-0.626815	
4179.601758	-0.660387	
4179.603271	-0.664012	
4179.604840	-0.693064	
4179.606399	-0.716320	
4179.608008	-0.726520	
4179.609587	-0.738729	
4179.611169	-0.770533	
4179.612775	-0.797805	
4179.614323	-0.818684	
4179.615991	-0.842108	
4179.617478	-0.879141	
4179.619202	-0.915786	
4179.620681	-0.934691	
4179.622394	-0.966140	
4179.623956	-0.987039	
4179.625638	-0.990322	
4179.627198	-1.004663	
4179.628898	-1.035460	
4179.630403	-1.055073	
4179.632172	-1.082446	
4179.633655	-1.114109	
4179.635429	-1.162086	
4179.636914	-1.186646	
4179.638695	-1.229169	
4179.640180	-1.254564	
4179.641953	-1.276603	
4179.643445	-1.288555	
4179.645251	-1.321027	
4179.646730	-1.343940	
4179.648474	-1.369951	
4179.649977	-1.399801	
4179.651707	-1.446489	
4179.653228	-1.479481	
4179.654961	-1.514713	
4179.656505	-1.556076	
4179.658228	-1.586888	
4179.659779	-1.598518	
4179.661483	-1.618039	
4179.663036	-1.625443	
4179.664720	-1.625850	
4179.666301	-1.625979	
4179.667984	-1.625882	
4179.669580	-1.626088	
4179.671253	-1.625923	
4179.672837	-1.626128	
4179.674494	-1.625967	
4179.676098	-1.626064	
4179.677745	-1.625915	
4179.679366	-1.626092	
4179.680997	-1.626064	
4179.682634	-1.626172	
4179.684226	-1.625971	
4179.685921	-1.626128	
4179.687520	-1.626011	
4179.689162	-1.626120	
4179.690745	-1.625995	
4179.692440	-1.626096	
4179.693995	-1.626068	
4179.695698	-1.626048	
4179.697248	-1.626003	
4179.698961	-1.626112	
4179.700523	-1.625991	
4179.702234	-1.626144	
4179.703735	-1.626116	
4179.705297	-1.626116	
4179.706803	-1.626072	
4179.708399	-1.626040	
4179.709926	-1.626084	
4179.711490	-1.626068	
4179.713067	-1.626104	
4179.714569	-1.626072	
4179.716244	-1.626201	
4179.717731	-1.626084	
4179.719361	-1.626056	
4179.720883	-1.626092	
4179.722550	-1.626096	
4179.724033	-1.626096	
4179.725766	-1.626128	
4179.727246	-1.626189	
4179.728964	-1.626185	
4179.730449	-1.626132	
4179.732167	-1.626104	
4179.733651	-1.626124	
4179.735348	-1.626096	
4179.736837	-1.626060	
4179.738606	-1.626027	
4179.740096	-1.626064	
4179.741884	-1.626040	
4179.743374	-1.626092	
4179.745132	-1.626104	
4179.746632	-1.626181	
4179.748361	-1.625987	
4179.749890	-1.626112	
4179.751624	-1.626100	
4179.753159	-1.626209	
4179.754896	-1.626064	
4179.756434	-1.626108	
4179.758134	-1.626076	
4179.759683	-1.626084	
4179.761385	-1.626060	
4179.762948	-1.626148	
4179.764632	-1.626019	
4179.766215	-1.626100	
4179.767859	-1.625971	
4179.769459	-1.626164	
4179.771097	-1.625987	
4179.772702	-1.626221	
4179.774329	-1.626007	
4179.775945	-1.626253	
4179.777550	-1.626027	
4179.779222	-1.626164	
4179.780807	-1.626072	
4179.782493	-1.626144	
4179.784080	-1.626092	
4179.785755	-1.626096	
4179.787328	-1.626076	
4179.789016	-1.626181	
4179.790574	-1.626035	
4179.792292	-1.626277	
4179.793845	-1.626205	
4179.795575	-1.626144	
4179.797114	-1.626031	
4179.798848	-1.626100	
4179.800360	-1.626068	
4179.802120	-1.626168	
4179.803609	-1.626132	
4179.805393	-1.626172	
4179.806878	-1.626104	
4179.808655	-1.626156	
4179.810142	-1.626100	
4179.811916	-1.626024	
4179.813430	-1.626176	
4179.814920	-1.626217	
4179.816495	-1.626168	
4179.818005	-1.626128	
4179.819637	-1.626185	
4179.821139	-1.626172	
4179.822772	-1.626193	
4179.824289	-1.626176	
4179.825938	-1.626229	
4179.827421	-1.626221	
4179.829055	-1.626140	
4179.830542	-1.626237	
4179.832191	-1.626197	
4179.833677	-1.626112	
4179.835381	-1.626152	
4179.836888	-1.626197	
4179.838570	-1.626168	
4179.840053	-1.626136	
4179.841719	-1.626152	
4179.843225	-1.626164	
4179.844879	-1.625971	
4179.846425	-1.626181	
4179.848138	-1.626076	
4179.849687	-1.626281	
4179.851375	-1.626096	
4179.852952	-1.626172	
4179.854628	-1.626120	
4179.856201	-1.626172	
4179.857869	-1.626092	
4179.859460	-1.626253	
4179.861095	-1.626092	
4179.862697	-1.626172	
4179.864305	-1.625979	
4179.865952	-1.626225	
4179.867546	-1.625987	
4179.869213	-1.626173	
4179.870813	-1.626064	
4179.872460	-1.626201	
4179.874053	-1.626040	
4179.875750	-1.626189	
4179.877301	-1.626116	
4179.879020	-1.626217	
4179.880562	-1.626108	
4179.882273	-1.626112	
4179.883819	-1.626124	
4179.885547	-1.626156	
4179.887090	-1.626184	
4179.888835	-1.626148	
4179.890334	-1.626156	
4179.892122	-1.626104	
4179.893608	-1.626136	
4179.895385	-1.626132	
4179.896872	-1.626112	
4179.898645	-1.626164	
4179.900132	-1.626160	
4179.901915	-1.626144	
4179.903398	-1.626080	
4179.905164	-1.626168	
4179.906658	-1.626072	
4179.908399	-1.626148	
4179.909909	-1.626152	
4179.911625	-1.626112	
4179.913159	-1.626104	
4179.914879	-1.626068	
4179.916434	-1.626064	
4179.918133	-1.626096	
4179.919675	-1.626076	
4179.921345	-1.626060	
4179.922910	-1.626168	
4179.924573	-1.626068	
4179.926191	-1.626144	
4179.927677	-1.626156	
4179.929307	-1.626100	
4179.930836	-1.626148	
4179.932465	-1.626160	
4179.933942	-1.626168	
4179.935589	-1.626172	
4179.937067	-1.626185	
4179.938708	-1.626144	
4179.940189	-1.626205	
4179.941804	-1.626189	
4179.943319	-1.626185	
4179.944983	-1.626168	
4179.946526	-1.626164	
4179.948155	-1.626128	
4179.949712	-1.626177	
4179.951343	-1.626060	
4179.952925	-1.626152	
4179.954529	-1.626019	
4179.956139	-1.626156	
4179.957805	-1.625995	
4179.959417	-1.626136	
4179.961055	-1.626060	
4179.962668	-1.626116	
4179.964290	-1.626072	
4179.965951	-1.626160	
4179.967571	-1.626048	
4179.969220	-1.626193	
4179.970827	-1.626056	
4179.972500	-1.626096	
4179.974078	-1.626031	
4179.975764	-1.626120	
4179.977334	-1.626136	
4179.979036	-1.626112	
4179.980598	-1.626068	
4179.982279	-1.626080	
4179.983843	-1.626140	
4179.985563	-1.626072	
4179.987090	-1.626011	
4179.988818	-1.626092	
4179.990295	-1.626064	
4179.992076	-1.626088	
4179.993566	-1.626011	
4179.995343	-1.626132	
4179.996836	-1.626112	
4179.998617	-1.626032	
4180.000116	-1.626128	
4180.001904	-1.626056	
4180.003383	-1.625991	
4180.005149	-1.626036	
4180.006644	-1.626032	
4180.008392	-1.626056	
4180.009905	-1.626120	
4180.011645	-1.626072	
4180.013177	-1.626112	
4180.014919	-1.625995	
4180.016455	-1.626072	
4180.018167	-1.626032	
4180.019714	-1.626007	
4180.021419	-1.625959	
4180.022983	-1.625947	
4180.024670	-1.612077	
4180.026239	-1.535652	
4180.027914	-1.494769	
4180.029495	-1.453317	
4180.031154	-1.397243	
4180.032746	-1.352750	
4180.034377	-1.329914	
4180.035983	-1.288342	
4180.037506	-1.252735	
4180.039163	-1.229975	
4180.040640	-1.201076	
4180.042295	-1.152740	
4180.043777	-1.109129	
4180.045412	-1.060431	
4180.046899	-0.988348	
4180.048548	-0.929998	
4180.050046	-0.908914	
4180.051636	-0.930667	
4180.053193	-0.933898	
4180.054832	-0.918070	
4180.056380	-0.874291	
4180.058000	-0.809386	
4180.059578	-0.757219	
4180.061165	-0.744099	
4180.062769	-0.732236	
4180.064325	-0.680387	
4180.065937	-0.623656	
4180.067440	-0.580098	
4180.069135	-0.554869	
4180.070730	-0.528673	
4180.072436	-0.505014	
4180.073999	-0.461907	
4180.075703	-0.400798	
4180.077273	-0.354202	
4180.078958	-0.337078	
4180.080503	-0.304118	
4180.082204	-0.254320	
4180.083745	-0.222194	
4180.085490	-0.190930	
4180.086992	-0.168376	
4180.088756	-0.167546	
4180.090241	-0.140556	
4180.092007	-0.079958	
4180.093490	-0.021805	
4180.095258	0.012661	
4180.096748	0.037331	
4180.098524	0.078061	
4180.100011	0.103697	
4180.101768	0.141712	
4180.103276	0.183313	
4180.105005	0.200204	
4180.106528	0.217283	
4180.108260	0.255118	
4180.109805	0.310692	
4180.111533	0.355761	
4180.113069	0.380278	
4180.114759	0.405048	
4180.116307	0.418716	
4180.117994	0.417942	
4180.119554	0.445121	
4180.121201	0.473698	
4180.122789	0.492752	
4180.124439	0.503625	
4180.126048	0.533438	
4180.127703	0.574519	
4180.129308	0.604989	
4180.130950	0.641099	
4180.132588	0.668818	
4180.134191	0.667356	
4180.135882	0.693157	
4180.137480	0.720002	
4180.139137	0.734117	
4180.140728	0.745553	
4180.142392	0.774239	
4180.143977	0.811288	
4180.145665	0.836215	
4180.147156	0.865094	
4180.148709	0.887371	
4180.150208	0.890851	
4180.151850	0.909353	
4180.153337	0.933821	
4180.154951	0.945491	
4180.156475	0.971720	
4180.158028	0.997493	
4180.159638	1.042388	
4180.161132	1.065011	
4180.162782	1.088605	
4180.164331	1.125255	
4180.165963	1.151443	
4180.167470	1.147117	
4180.169171	1.169208	
4180.170655	1.180507	
4180.172383	1.190413	
4180.173858	1.209636	
4180.175575	1.239309	
4180.177062	1.252650	
4180.178767	1.262331	
4180.180263	1.298594	
4180.182045	1.330812	
4180.183528	1.346994	
4180.185326	1.353975	
4180.186820	1.379309	
4180.188598	1.394987	
4180.190087	1.421892	
4180.191873	1.452358	
4180.193351	1.495965	
4180.195130	1.505730	
4180.196632	1.540111	
4180.198403	1.568644	
4180.199920	1.591799	
4180.201656	1.590320	
4180.203175	1.605181	
4180.204905	1.613898	
4180.206433	1.621745	
4180.208153	1.626962	
4180.209699	1.629125	
4180.211409	1.629101	
4180.212960	1.629081	
4180.214666	1.629278	
4180.216229	1.629113	
4180.217933	1.629133	
4180.219511	1.629081	
4180.221157	1.629194	
4180.222761	1.629025	
4180.224410	1.629214	
4180.226020	1.629153	
4180.227653	1.629182	
4180.229274	1.629085	
4180.230901	1.629113	
4180.232565	1.629109	
4180.234163	1.629089	
4180.235846	1.629077	
4180.237438	1.629162	
4180.239121	1.629053	
4180.240736	1.629146	
4180.242407	1.629041	
4180.243988	1.629250	
4180.245692	1.629182	
4180.247240	1.629202	
4180.248950	1.629206	
4180.250510	1.629202	
4180.252228	1.629165	
4180.253786	1.629178	
4180.255484	1.629206	
4180.256996	1.629178	
4180.258774	1.629109	
4180.260256	1.629210	
4180.261899	1.629077	
4180.263384	1.629081	
4180.264982	1.629085	
4180.266511	1.629174	
4180.268077	1.629093	
4180.269689	1.629093	
4180.271174	1.629161	
4180.272850	1.629089	
4180.274344	1.629041	
4180.275981	1.629141	
4180.277531	1.629149	
4180.279228	1.629073	
4180.280716	1.629141	
4180.282416	1.629166	
4180.283891	1.629137	
4180.285594	1.629113	
4180.287080	1.629141	
4180.288808	1.629218	
4180.290310	1.629178	
4180.292076	1.629137	
4180.293570	1.629129	
4180.295347	1.629133	
4180.296828	1.629101	
4180.298615	1.629137	
4180.300097	1.629141	
4180.301884	1.629194	
4180.303377	1.629186	
4180.305161	1.629129	
4180.306653	1.629186	
4180.308413	1.629125	
4180.309916	1.629077	
4180.311651	1.629146	
4180.313169	1.629045	
4180.314888	1.629145	
4180.316425	1.629210	
4180.318150	1.629145	
4180.319688	1.629145	
4180.321383	1.629161	
4180.322934	1.629121	
4180.324638	1.629149	
4180.326221	1.629133	
4180.327896	1.629186	
4180.329487	1.629109	
4180.331145	1.629146	
4180.332725	1.628984	
4180.334386	1.629190	
4180.335989	1.629113	
4180.337616	1.629194	
4180.339254	1.629125	
4180.340857	1.629254	
4180.342552	1.629061	
4180.344139	1.629161	
4180.345813	1.629210	
4180.347409	1.629113	
4180.349061	1.629097	
4180.350646	1.629254	
4180.352361	1.629065	
4180.353918	1.629157	
4180.355622	1.629101	
4180.357155	1.629166	
4180.358862	1.629170	
4180.360407	1.629166	
4180.362119	1.629190	
4180.363628	1.629012	
4180.365399	1.629053	
4180.366880	1.628891	
4180.368650	1.626088	
4180.370131	1.609850	
4180.371647	1.571154	
4180.373206	1.533727	
4180.374769	1.525690	
4180.376342	1.509371	
4180.377841	1.479602	
4180.379509	1.452032	
4180.380997	1.434239	
4180.382630	1.418029	
4180.384156	1.379720	
4180.385802	1.339521	
4180.387277	1.322369	
4180.389017	1.273022	
4180.390495	1.246822	
4180.392209	1.235732	
4180.393690	1.214909	
4180.395408	1.175830	
4180.396908	1.164193	
4180.398633	1.138415	
4180.400113	1.111373	
4180.401899	1.068391	
4180.403384	1.056834	
4180.405161	1.039725	
4180.406649	1.006399	
4180.408414	1.004325	
4180.409927	0.991974	
4180.411698	0.965431	
4180.413214	0.956315	
4180.414974	0.943614	
4180.416490	0.924419	
4180.418227	0.895250	
4180.419758	0.892962	
4180.421454	0.867914	
4180.423000	0.847591	
4180.424721	0.830950	
4180.426286	0.832025	
4180.427970	0.824045	
4180.429546	0.798034	
4180.431224	0.796939	
4180.432805	0.785434	
4180.434451	0.764837	
4180.436037	0.756160	
4180.437673	0.748937	
4180.439297	0.728872	
4180.440932	0.706346	
4180.442549	0.718306	
4180.444180	0.719381	
4180.445853	0.694926	
4180.447452	0.696758	
4180.449133	0.689644	
4180.450710	0.666566	
4180.452415	0.642823	
4180.453980	0.640527	
4180.455678	0.619717	
4180.457259	0.616929	
4180.458940	0.615080	
4180.460503	0.609940	
4180.462218	0.584022	
4180.463763	0.582431	
4180.465492	0.576960	
4180.467007	0.551743	
4180.468739	0.517281	
4180.470225	0.509405	
4180.471980	0.482440	
4180.473468	0.462657	
4180.475244	0.455857	
4180.476720	0.450721	
4180.478475	0.430402	
4180.479967	0.424122	
4180.481557	0.419223	
4180.483089	0.396866	
4180.484634	0.365324	
4180.486280	0.340425	
4180.487769	0.315442	
4180.489441	0.297141	
4180.490928	0.274667	
4180.492572	0.274111	
4180.494077	0.251274	
4180.495777	0.222214	
4180.497252	0.207587	
4180.498960	0.195168	
4180.500440	0.158829	
4180.502157	0.104837	
4180.503642	0.089558	
4180.505347	0.048303	
4180.506852	0.017576	
4180.508576	-0.011763	
4180.510056	-0.023731	
4180.511849	-0.065368	
4180.513333	-0.074194	
4180.515062	-0.092285	
4180.516567	-0.125442	
4180.518300	-0.165806	
4180.519820	-0.186858	
4180.521519	-0.219185	
4180.523066	-0.250594	
4180.524779	-0.270804	
4180.526325	-0.280589	
4180.528020	-0.305548	
4180.529580	-0.326346	
4180.531272	-0.333795	
4180.532852	-0.360937	
4180.534512	-0.386658	
4180.536100	-0.406993	
4180.537755	-0.421556	
4180.539352	-0.450165	
4180.540977	-0.468639	
4180.542582	-0.468884	
4180.544201	-0.486392	
4180.545878	-0.504801	
4180.547459	-0.512797	
4180.549135	-0.527718	
4180.550717	-0.554349	
4180.552417	-0.578350	
4180.554005	-0.582717	
4180.555684	-0.608200	
4180.557261	-0.628865	
4180.558963	-0.626239	
4180.560507	-0.632865	
4180.562218	-0.651343	
4180.563764	-0.652491	
4180.565459	-0.663509	
4180.566969	-0.683175	
4180.568736	-0.707023	
4180.570237	-0.713919	
4180.572018	-0.736570	
4180.573507	-0.754303	
4180.575296	-0.753288	
4180.576773	-0.763318	
4180.578557	-0.783577	
4180.580047	-0.790143	
4180.581796	-0.798018	
4180.583292	-0.820343	
4180.585054	-0.843156	
4180.586586	-0.853835	
4180.588077	-0.867829	
4180.589665	-0.889880	
4180.591171	-0.899190	
4180.592825	-0.894106	
4180.594317	-0.910175	
4180.595944	-0.919512	
4180.597475	-0.919335	
4180.599090	-0.932157	
4180.600582	-0.948645	
4180.602258	-0.970015	
4180.603735	-0.977053	
4180.605450	-0.998302	
4180.606935	-1.011233	
4180.608648	-1.007777	
4180.610131	-1.000385	
4180.611830	-1.015918	
4180.613324	-1.019536	
4180.614996	-1.022086	
4180.616510	-1.036289	
4180.618164	-1.059130	
4180.619718	-1.074828	
4180.621436	-1.089125	
4180.622980	-1.107393	
4180.624680	-1.128490	
4180.626235	-1.122270	
4180.627925	-1.133706	
4180.629493	-1.144325	
4180.631170	-1.157586	
4180.632767	-1.167822	
4180.634445	-1.189209	
4180.636045	-1.207155	
4180.637686	-1.218523	
4180.639288	-1.232199	
4180.640914	-1.246024	
4180.642554	-1.249509	
4180.644158	-1.252542	
4180.645830	-1.267491	
4180.647417	-1.272397	
4180.649102	-1.291210	
4180.650696	-1.313063	
4180.652369	-1.339445	
4180.653953	-1.351232	
4180.655661	-1.378258	
4180.657221	-1.396079	
4180.658941	-1.410818	
4180.660494	-1.413453	
4180.662211	-1.433969	
4180.663774	-1.433869	
4180.665479	-1.443093	
4180.667016	-1.460709	
4180.668775	-1.483022	
4180.670272	-1.487554	
4180.672042	-1.504960	
4180.673522	-1.522141	
4180.675298	-1.529029	
4180.676780	-1.531648	
4180.678552	-1.538935	
4180.680045	-1.540220	
4180.681832	-1.536941	
4180.683316	-1.550819	
4180.685096	-1.563455	
4180.686584	-1.570570	
4180.688334	-1.573845	
4180.689845	-1.585788	
4180.691580	-1.591573	
4180.693107	-1.590220	
4180.694813	-1.597914	
4180.696345	-1.601362	
4180.697868	-1.592157	
4180.699465	-1.595259	
4180.700961	-1.607002	
4180.702595	-1.616255	
4180.704131	-1.616589	
4180.705770	-1.620368	
4180.707269	-1.624936	
4180.708926	-1.624883	
4180.710420	-1.619630	
4180.712057	-1.621193	
4180.713538	-1.618196	
4180.715237	-1.608009	
4180.716732	-1.609830	
4180.718428	-1.613709	
4180.719917	-1.612529	
4180.721605	-1.611372	
4180.723131	-1.615659	
4180.724783	-1.616920	
4180.726330	-1.604685	
4180.727928	-1.603739	
4180.729501	-1.610538	
4180.731159	-1.599581	
4180.732751	-1.596399	
4180.734405	-1.603227	
4180.736006	-1.607952	
4180.737657	-1.601974	
4180.739272	-1.602724	
4180.740877	-1.602917	
4180.742526	-1.581047	
4180.744135	-1.566956	
4180.745796	-1.572076	
4180.747400	-1.558573	
4180.749071	-1.552720	
4180.750677	-1.565647	
4180.752361	-1.570296	
4180.753914	-1.559951	
4180.755623	-1.569591	
4180.757178	-1.571452	
4180.758900	-1.559012	
4180.760461	-1.547064	
4180.762163	-1.554968	
4180.763704	-1.542347	
4180.765429	-1.533803	
4180.766920	-1.538758	
4180.768683	-1.550827	
4180.770168	-1.542109	
4180.771939	-1.546303	
4180.773425	-1.551242	
4180.775198	-1.538210	
4180.776682	-1.531132	
4180.778448	-1.530069	
4180.779938	-1.524590	
4180.781721	-1.504465	
4180.783223	-1.504143	
4180.784958	-1.519664	
4180.786475	-1.514371	
4180.788185	-1.515442	
4180.789712	-1.522637	
4180.791423	-1.511635	
4180.792976	-1.496525	
4180.794666	-1.498805	
4180.796225	-1.493866	
4180.797907	-1.484629	
4180.799472	-1.475989	
4180.801154	-1.488561	
4180.802733	-1.483872	
4180.804374	-1.473918	
4180.805993	-1.473362	
4180.807513	-1.474857	
4180.809146	-1.443412	
4180.810632	-1.431174	
4180.812266	-1.428265	
4180.813751	-1.411205	
4180.815389	-1.389009	
4180.816874	-1.386959	
4180.818510	-1.393690	
4180.820014	-1.375579	
4180.821611	-1.371687	
4180.823143	-1.367329	
4180.824777	-1.364005	
4180.826324	-1.337422	
4180.827958	-1.335618	
4180.829528	-1.330357	
4180.831118	-1.317188	
4180.832717	-1.315259	
4180.834271	-1.316431	
4180.835893	-1.316097	
4180.837411	-1.302509	
4180.839109	-1.289075	
4180.840693	-1.282065	
4180.842379	-1.252663	
4180.843947	-1.240074	
4180.845637	-1.241669	
4180.847210	-1.218768	
4180.848924	-1.197595	
4180.850486	-1.186090	
4180.852189	-1.190925	
4180.853732	-1.177732	
4180.855450	-1.171258	
4180.856963	-1.159435	
4180.858706	-1.137090	
4180.860193	-1.118366	
4180.861972	-1.109802	
4180.863461	-1.096944	
4180.865226	-1.081745	
4180.866708	-1.081886	
4180.868509	-1.083304	
4180.869983	-1.063815	
4180.871754	-1.058506	
4180.873242	-1.055629	
4180.874976	-1.031975	
4180.876489	-1.010778	
4180.878245	-1.003982	
4180.879771	-0.986048	
4180.881504	-0.961749	
4180.883033	-0.946426	
4180.884765	-0.945612	
4180.886310	-0.927932	
4180.888009	-0.914207	
4180.889561	-0.908277	
4180.891262	-0.883080	
4180.892843	-0.851176	
4180.894519	-0.833745	
4180.896106	-0.818849	
4180.897764	-0.800862	
4180.899353	-0.794977	
4180.901027	-0.800898	
4180.902640	-0.792906	
4180.904275	-0.779996	
4180.905900	-0.784834	
4180.907523	-0.763310	
4180.909166	-0.743040	
4180.910783	-0.724562	
4180.912446	-0.708420	
4180.914049	-0.688472	
4180.915723	-0.677169	
4180.917302	-0.674442	
4180.918995	-0.673551	
4180.920473	-0.649297	
4180.922115	-0.645264	
4180.923610	-0.638875	
4180.925254	-0.611318	
4180.926750	-0.582793	
4180.928355	-0.575345	
4180.929869	-0.556980	
4180.931444	-0.539795	
4180.932995	-0.530578	
4180.934504	-0.539658	
4180.936130	-0.529301	
4180.937716	-0.521011	
4180.939321	-0.518376	
4180.940870	-0.508201	
4180.942516	-0.480796	
4180.944014	-0.469823	
4180.945731	-0.457379	
4180.947218	-0.432553	
4180.948952	-0.418865	
4180.950504	-0.416363	
4180.952205	-0.413596	
4180.953748	-0.397140	
4180.955462	-0.395299	
4180.957013	-0.387613	
4180.958740	-0.358021	
4180.960255	-0.332075	
4180.962020	-0.324969	
4180.963502	-0.307039	
4180.965281	-0.277870	
4180.966772	-0.277318	
4180.968559	-0.273410	
4180.970045	-0.256274	
4180.971836	-0.249216	
4180.973328	-0.245280	
4180.975131	-0.224917	
4180.976615	-0.200759	
4180.978387	-0.188723	
4180.979881	-0.173270	
4180.981614	-0.153765	
4180.983121	-0.143783	
4180.984841	-0.137144	
4180.986372	-0.120298	
4180.988099	-0.109115	
4180.989634	-0.102827	
4180.991327	-0.090951	
4180.992890	-0.053331	
4180.994563	-0.038039	
4180.996134	-0.025076	
4180.997802	-0.000149	
4180.999385	0.010027	
4181.001031	0.009015	
4181.002625	0.018836	
4181.004266	0.039876	
4181.005884	0.049432	
4181.007522	0.040481	
4181.009160	0.077940	
4181.010768	0.093324	
4181.012431	0.097739	
4181.014012	0.112080	
4181.015704	0.138308	
4181.017293	0.138957	
4181.018976	0.143747	
4181.020558	0.163824	
4181.022253	0.171341	
4181.023816	0.170910	
4181.025531	0.202210	
4181.027079	0.216941	
4181.028784	0.230263	
4181.030268	0.256765	
4181.031826	0.269333	
4181.033343	0.275690	
4181.034951	0.284524	
4181.036494	0.298466	
4181.038054	0.303425	
4181.039621	0.303244	
4181.041117	0.322878	
4181.042785	0.339229	
4181.044275	0.355705	
4181.045910	0.358134	
4181.047431	0.381687	
4181.049136	0.391927	
4181.050619	0.396951	
4181.052325	0.407170	
4181.053815	0.412242	
4181.055542	0.421874	
4181.057021	0.419022	
4181.058736	0.446040	
4181.060221	0.470327	
4181.061943	0.475253	
4181.063427	0.499218	
4181.065202	0.513317	
4181.066684	0.517418	
4181.068466	0.519617	
4181.069957	0.541922	
4181.071736	0.548947	
4181.073225	0.556714	
4181.074990	0.566072	
4181.076495	0.595253	
4181.078232	0.618440	
4181.079755	0.626758	
4181.081481	0.642565	
4181.083016	0.651968	
4181.084729	0.648801	
4181.086280	0.662771	
4181.087981	0.679421	
4181.089530	0.672975	
4181.091223	0.691594	
4181.092792	0.708557	
4181.094467	0.719253	
4181.096056	0.729549	
4181.097704	0.763278	
4181.099308	0.774678	
4181.100968	0.763552	
4181.102579	0.763935	
4181.104206	0.782574	
4181.105822	0.790352	
4181.107442	0.805205	
4181.109125	0.832718	
4181.110703	0.829214	
4181.112385	0.846906	
4181.113967	0.862733	
4181.115654	0.885308	
4181.117239	0.873710	
4181.118916	0.867853	
4181.120483	0.884128	
4181.122192	0.890303	
4181.123732	0.897776	
4181.125432	0.924447	
4181.126976	0.928697	
4181.128708	0.927920	
4181.130211	0.945672	
4181.131991	0.963216	
4181.133479	0.964763	
4181.135274	0.946659	
4181.136755	0.958837	
4181.138544	0.967453	
4181.140029	0.975128	
4181.141522	0.997311	
4181.143117	1.009179	
4181.144675	1.000852	
4181.146279	1.022065	
4181.147766	1.038952	
4181.149433	1.055069	
4181.150926	1.051557	
4181.152567	1.046268	
4181.154094	1.047754	
4181.155747	1.047529	
4181.157231	1.056971	
4181.158870	1.071715	
4181.160349	1.091792	
4181.162051	1.075324	
4181.163536	1.082172	
4181.165251	1.101556	
4181.166750	1.094829	
4181.168458	1.094491	
4181.169944	1.101049	
4181.171627	1.077169	
4181.173134	1.087687	
4181.174871	1.110950	
4181.176387	1.141513	
4181.178112	1.131619	
4181.179648	1.142702	
4181.181357	1.155153	
4181.182918	1.174638	
4181.184609	1.163858	
4181.186169	1.174082	
4181.187857	1.180157	
4181.189433	1.184528	
4181.191109	1.187637	
4181.192696	1.216234	
4181.194333	1.217874	
4181.195938	1.215940	
4181.197575	1.230676	
4181.199198	1.244449	
4181.200827	1.233709	
4181.202459	1.228465	
4181.204085	1.234023	
4181.205733	1.233399	
4181.207325	1.234096	
4181.209004	1.245355	
4181.210580	1.261283	
4181.212277	1.263986	
4181.213841	1.262838	
4181.215521	1.271253	
4181.217066	1.268514	
4181.218766	1.253311	
4181.220294	1.272337	
4181.222028	1.264933	
4181.223507	1.271459	
4181.225274	1.285675	
4181.226759	1.310465	
4181.228522	1.311927	
4181.230002	1.316467	
4181.231793	1.335654	
4181.233278	1.329438	
4181.235034	1.318244	
4181.236531	1.325998	
4181.238286	1.321938	
4181.239800	1.310944	
4181.241546	1.315597	
4181.243068	1.326993	
4181.244814	1.318223	
4181.246355	1.329084	
4181.248090	1.340867	
4181.249632	1.335312	
4181.251349	1.315686	
4181.252932	1.317937	
4181.254425	1.315665	
4181.256111	1.313232	
4181.257591	1.313236	
4181.259223	1.325051	
4181.260740	1.322884	
4181.262373	1.328886	
4181.263849	1.338538	
4181.265496	1.327183	
4181.266977	1.320673	
4181.268610	1.297735	
4181.270099	1.312918	
4181.271806	1.295987	
4181.273297	1.287338	
4181.274998	1.293192	
4181.276516	1.308632	
4181.278176	1.293502	
4181.279712	1.308922	
4181.281348	1.307569	
4181.282898	1.308656	
4181.284593	1.285538	
4181.286158	1.279725	
4181.287838	1.273155	
4181.289410	1.260747	
4181.291073	1.242221	
4181.292675	1.258552	
4181.294338	1.245923	
4181.295923	1.243728	
4181.297563	1.252989	
4181.299161	1.255293	
4181.300799	1.240183	
4181.302477	1.229838	
4181.304051	1.226370	
4181.305729	1.219626	
4181.307307	1.213250	
4181.308987	1.216295	
4181.310574	1.228710	
4181.312261	1.220436	
4181.313834	1.225451	
4181.315550	1.224396	
4181.317091	1.219985	
4181.318811	1.211912	
4181.320351	1.208931	
4181.322058	1.194240	
4181.323570	1.178135	
4181.325328	1.201499	
4181.326819	1.206454	
4181.328610	1.195134	
4181.330089	1.187182	
4181.331869	1.199134	
4181.333352	1.183686	
4181.335125	1.163371	
4181.336607	1.162823	
4181.338371	1.152277	
4181.339865	1.142214	
4181.341613	1.138722	
4181.343129	1.157312	
4181.344863	1.151479	
4181.346379	1.151636	
4181.348085	1.161691	
4181.349626	1.153179	
4181.351322	1.137650	
4181.352875	1.124296	
4181.354577	1.123305	
4181.356144	1.108199	
4181.357808	1.096344	
4181.359387	1.102475	
4181.361061	1.100972	
4181.362677	1.093000	
4181.364175	1.105697	
4181.365819	1.094442	
4181.367341	1.078128	
4181.368979	1.066856	
4181.370458	1.053039	
4181.372090	1.037003	
4181.373572	1.026585	
4181.375215	1.013614	
4181.376698	1.021546	
4181.378338	1.011701	
4181.379843	1.010963	
4181.381518	1.010238	
4181.383043	1.002065	
4181.384688	0.980352	
4181.386243	0.969629	
4181.387859	0.955634	
4181.389442	0.946305	
4181.391036	0.928709	
4181.392633	0.931009	
4181.394276	0.922558	
4181.395874	0.913172	
4181.397518	0.911972	
4181.399161	0.905494	
4181.400783	0.885667	
4181.402470	0.877227	
4181.404050	0.873009	
4181.405726	0.847111	
4181.407333	0.828259	
4181.408972	0.819993	
4181.410552	0.822039	
4181.412255	0.811884	
4181.413824	0.816806	
4181.415522	0.801128	
4181.417074	0.790377	
4181.418767	0.767556	
4181.420316	0.769031	
4181.422010	0.729267	
4181.423522	0.718705	
4181.425288	0.713774	
4181.426772	0.716646	
4181.428563	0.702592	
4181.430046	0.703752	
4181.431828	0.700150	
4181.433311	0.688037	
4181.435081	0.663944	
4181.436566	0.649027	
4181.438359	0.635862	
4181.439857	0.619044	
4181.441612	0.612611	
4181.443126	0.607189	
4181.444847	0.604035	
4181.446371	0.583647	
4181.448082	0.579438	
4181.449614	0.571784	
4181.451325	0.552355	
4181.452889	0.549451	
4181.454571	0.537225	
4181.456135	0.516894	
4181.457801	0.514936	
4181.459376	0.514856	
4181.461037	0.513337	
4181.462621	0.492623	
4181.464267	0.488760	
4181.465875	0.477521	
4181.467496	0.457960	
4181.469120	0.440847	
4181.470743	0.440638	
4181.472388	0.415042	
4181.473880	0.411638	
4181.475436	0.406260	
4181.476931	0.411529	
4181.478566	0.393660	
4181.480071	0.384394	
4181.481704	0.391384	
4181.483193	0.385031	
4181.484789	0.362392	
4181.486312	0.362376	
4181.487855	0.349904	
4181.489447	0.332377	
4181.491045	0.314986	
4181.492640	0.319357	
4181.494213	0.315619	
4181.495843	0.314322	
4181.497352	0.306575	
4181.499054	0.293963	
4181.500531	0.271493	
4181.502262	0.253087	
4181.503820	0.261732	
4181.505510	0.246751	
4181.507077	0.220683	
4181.508775	0.222416	
4181.510333	0.200490	
4181.512063	0.189976	
4181.513584	0.185971	
4181.515307	0.181266	
4181.516794	0.164057	
4181.518576	0.143888	
4181.520058	0.140069	
4181.521842	0.123633	
4181.523327	0.104833	
4181.525112	0.092768	
4181.526591	0.100841	
4181.528374	0.095576	
4181.529865	0.100607	
4181.531620	0.089050	
4181.533128	0.070145	
4181.534880	0.034627	
4181.536402	0.010860	
4181.538149	0.002941	
4181.539681	-0.003009	
4181.541394	-0.013080	
4181.542935	-0.023038	
4181.544655	-0.049069	
4181.546209	-0.063221	
4181.547898	-0.071003	
4181.549451	-0.081388	
4181.551112	-0.094823	
4181.552706	-0.109872	
4181.554351	-0.119919	
4181.555969	-0.138260	
4181.557628	-0.140041	
4181.559219	-0.136955	
4181.560846	-0.141624	
4181.562465	-0.156806	
4181.564063	-0.161266	
4181.565744	-0.169016	
4181.567351	-0.190878	
4181.569000	-0.210786	
4181.570598	-0.223834	
4181.572270	-0.245881	
4181.573858	-0.257414	
4181.575554	-0.257087	
4181.577116	-0.256817	
4181.578819	-0.280287	
4181.580373	-0.289076	
4181.582070	-0.297113	
4181.583560	-0.310306	
4181.585120	-0.331221	
4181.586633	-0.331140	
4181.588230	-0.349473	
4181.589763	-0.358718	
4181.591314	-0.359270	
4181.592890	-0.351817	
4181.594383	-0.354778	
4181.596049	-0.370835	
4181.597544	-0.370307	
4181.599177	-0.383114	
4181.600692	-0.401454	
4181.602376	-0.414929	
4181.603858	-0.412585	
4181.605569	-0.427381	
4181.607060	-0.440340	
4181.608810	-0.440332	
4181.610289	-0.440126	
4181.611994	-0.450721	
4181.613482	-0.450568	
4181.615190	-0.461041	
4181.616679	-0.480111	
4181.618442	-0.504301	
4181.619923	-0.507379	
4181.621700	-0.515448	
4181.623192	-0.528902	
4181.624954	-0.531746	
4181.626451	-0.516491	
4181.628181	-0.519939	
4181.629699	-0.526650	
4181.631432	-0.517704	
4181.632965	-0.530357	
4181.634697	-0.556722	
4181.636250	-0.567651	
4181.637955	-0.583115	
4181.639504	-0.593722	
4181.641193	-0.606391	
4181.642750	-0.605638	
4181.644428	-0.613848	
4181.646005	-0.620317	
4181.647649	-0.627431	
4181.649258	-0.634255	
4181.650892	-0.654364	
4181.652510	-0.672846	
4181.654137	-0.668049	
4181.655769	-0.684198	
4181.657393	-0.691546	
4181.659081	-0.683320	
4181.660670	-0.676488	
4181.662355	-0.684798	
4181.663943	-0.680826	
4181.665636	-0.674840	
4181.667207	-0.701846	
4181.668880	-0.726572	
4181.670448	-0.724791	
4181.672158	-0.750202	
4181.673700	-0.763959	
4181.675402	-0.769059	
4181.676938	-0.765570	
4181.678660	-0.782723	
4181.680156	-0.779009	
4181.681918	-0.773607	
4181.683411	-0.791182	
4181.685199	-0.805273	
4181.686680	-0.806256	
4181.688467	-0.829117	
4181.689956	-0.843530	
4181.691739	-0.840932	
4181.693215	-0.831228	
4181.694978	-0.839301	
4181.696488	-0.840247	
4181.698062	-0.835929	
4181.699614	-0.842382	
4181.701143	-0.861440	
4181.702748	-0.873863	
4181.704246	-0.876591	
4181.705894	-0.894416	
4181.707419	-0.906702	
4181.709048	-0.902465	
4181.710532	-0.901216	
4181.712231	-0.913861	
4181.713718	-0.913631	
4181.715446	-0.913623	
4181.716931	-0.935150	
4181.718661	-0.951953	
4181.720149	-0.955018	
4181.721847	-0.963264	
4181.723329	-0.973798	
4181.725018	-0.975015	
4181.726511	-0.965532	
4181.728236	-0.964384	
4181.729752	-0.955074	
4181.731499	-0.948786	
4181.733023	-0.958426	
4181.734767	-0.964102	
4181.736300	-0.965069	
4181.738007	-0.975188	
4181.739545	-0.987245	
4181.741247	-0.992804	
4181.742805	-0.988385	
4181.744484	-0.996764	
4181.746071	-1.001291	
4181.747724	-0.998270	
4181.749307	-1.002637	
4181.750962	-1.028700	
4181.752548	-1.037530	
4181.754185	-1.031975	
4181.755808	-1.039246	
4181.757419	-1.033856	
4181.759097	-1.020643	
4181.760683	-1.018521	
4181.762357	-1.022118	
4181.763965	-1.006798	
4181.765623	-1.003285	
4181.767207	-1.019185	
4181.768906	-1.027846	
4181.770454	-1.025401	
4181.772157	-1.041756	
4181.773700	-1.059223	
4181.775419	-1.053414	
4181.776960	-1.040036	
4181.778702	-1.047718	
4181.780248	-1.037498	
4181.781984	-1.033413	
4181.783489	-1.050195	
4181.785260	-1.063187	
4181.786748	-1.053023	
4181.788527	-1.056524	
4181.790013	-1.062312	
4181.791767	-1.062457	
4181.793257	-1.055182	
4181.795050	-1.063738	
4181.796535	-1.056358	
4181.798302	-1.044205	
4181.799803	-1.048274	
4181.801556	-1.061450	
4181.803063	-1.056447	
4181.804771	-1.066530	
4181.806301	-1.076387	
4181.807840	-1.075243	
4181.809455	-1.058147	
4181.810944	-1.059335	
4181.812606	-1.055553	
4181.814105	-1.043528	
4181.815780	-1.049651	
4181.817277	-1.063956	
4181.818901	-1.074736	
4181.820382	-1.067755	
4181.822017	-1.074180	
4181.823506	-1.079114	
4181.825206	-1.076279	
4181.826699	-1.063662	
4181.828412	-1.077616	
4181.829899	-1.066333	
4181.831591	-1.048000	
4181.833089	-1.052278	
4181.834745	-1.058518	
4181.836274	-1.057865	
4181.837914	-1.058630	
4181.839486	-1.066639	
4181.841155	-1.061688	
4181.842716	-1.050433	
4181.844363	-1.052387	
4181.845958	-1.062957	
4181.847622	-1.053245	
4181.849229	-1.055210	
4181.850848	-1.064322	
4181.852443	-1.066397	
4181.854063	-1.059448	
4181.855728	-1.063932	
4181.857302	-1.066703	
4181.858974	-1.055662	
4181.860576	-1.044632	
4181.862249	-1.046570	
4181.863819	-1.038755	
4181.865508	-1.026041	
4181.867082	-1.028628	
4181.868775	-1.041027	
4181.870326	-1.029437	
4181.872047	-1.043069	
4181.873588	-1.050828	
4181.875325	-1.032898	
4181.876832	-1.010617	
4181.878583	-1.015153	
4181.880074	-1.004236	
4181.881870	-0.996727	
4181.883347	-0.996030	
4181.885127	-1.005888	
4181.886609	-1.002395	
4181.888392	-1.006218	
4181.889883	-1.009380	
4181.891663	-1.005731	
4181.893167	-0.987434	
4181.894941	-0.992582	
4181.896442	-0.987724	
4181.898197	-0.980807	
4181.899711	-0.970434	
4181.901433	-0.977367	
4181.902961	-0.965878	
4181.904669	-0.957439	
4181.906216	-0.959518	
4181.907934	-0.955099	
4181.909483	-0.931336	
4181.911179	-0.930220	
4181.912736	-0.923090	
4181.914434	-0.913123	
4181.916056	-0.912797	
4181.917538	-0.922953	
4181.919173	-0.924822	
4181.920692	-0.927098	
4181.922337	-0.932222	
4181.923825	-0.935622	
4181.925484	-0.923259	
4181.926962	-0.910046	
4181.928604	-0.908394	
4181.930085	-0.899677	
4181.931725	-0.883930	
4181.933218	-0.885558	
4181.934895	-0.884865	
4181.936411	-0.874387	
4181.938053	-0.872317	
4181.939589	-0.877171	
4181.941227	-0.867612	
4181.942776	-0.849879	
4181.944377	-0.844545	
4181.945966	-0.845742	
4181.947522	-0.830402	
4181.949131	-0.826390	
4181.950755	-0.831433	
4181.952421	-0.836602	
4181.954013	-0.832444	
4181.955687	-0.843027	
4181.957273	-0.844944	
4181.958949	-0.827775	
4181.960535	-0.812254	
4181.962197	-0.804685	
4181.963773	-0.789092	
4181.965477	-0.786598	
4181.967030	-0.801765	
4181.968746	-0.804689	
4181.970292	-0.788971	
4181.972004	-0.785027	
4181.973535	-0.785224	
4181.975267	-0.773683	
4181.976768	-0.766618	
4181.978540	-0.774952	
4181.980022	-0.750307	
4181.981809	-0.729291	
4181.983300	-0.734528	
4181.985105	-0.749308	
4181.986590	-0.736981	
4181.988365	-0.733215	
4181.989852	-0.739447	
4181.991640	-0.737714	
4181.993126	-0.724920	
4181.994875	-0.712010	
4181.996379	-0.700263	
4181.998097	-0.678280	
4181.999627	-0.683952	
4182.001335	-0.703115	
4182.002886	-0.699171	
4182.004582	-0.685028	
4182.006146	-0.677298	
4182.007837	-0.667638	
4182.009401	-0.653204	
4182.011088	-0.648443	
4182.012671	-0.634887	
4182.014314	-0.611555	
4182.015913	-0.609428	
4182.017558	-0.627371	
4182.019163	-0.630903	
4182.020813	-0.614452	
4182.022436	-0.613811	
4182.024054	-0.623685	
4182.025708	-0.607551	
4182.027308	-0.604067	
4182.028972	-0.599035	
4182.030458	-0.576622	
4182.032122	-0.565649	
4182.033595	-0.573270	
4182.035237	-0.587136	
4182.036723	-0.576163	
4182.038362	-0.567171	
4182.039851	-0.556794	
4182.041446	-0.547787	
4182.042985	-0.534707	
4182.044605	-0.530824	
4182.046159	-0.521410	
4182.047774	-0.507786	
4182.049365	-0.498621	
4182.050941	-0.517804	
4182.052563	-0.516616	
4182.054122	-0.511222	
4182.055767	-0.508354	
4182.057263	-0.509083	
4182.058953	-0.493634	
4182.060537	-0.485521	
4182.062226	-0.476631	
4182.063783	-0.456542	
4182.065477	-0.442753	
4182.067028	-0.453335	
4182.068731	-0.468731	
4182.070282	-0.461827	
4182.071997	-0.461255	
4182.073519	-0.453476	
4182.075279	-0.439723	
4182.076775	-0.424831	
4182.078546	-0.428964	
4182.080035	-0.417257	
4182.081816	-0.406280	
4182.083302	-0.402349	
4182.085081	-0.410611	
4182.086573	-0.403299	
4182.088356	-0.403110	
4182.089840	-0.409354	
4182.091605	-0.401527	
4182.093094	-0.389595	
4182.094841	-0.386143	
4182.096358	-0.375995	
4182.098070	-0.362625	
4182.099609	-0.353678	
4182.101333	-0.368579	
4182.102879	-0.358915	
4182.104591	-0.360994	
4182.106141	-0.368898	
4182.107846	-0.356390	
4182.109395	-0.338838	
4182.111067	-0.334383	
4182.112640	-0.325927	
4182.114275	-0.303401	
4182.115883	-0.304090	
4182.117530	-0.310225	
4182.119143	-0.312416	
4182.120771	-0.308493	
4182.122384	-0.314116	
4182.123998	-0.315196	
4182.125684	-0.306672	
4182.127271	-0.288319	
4182.128961	-0.290946	
4182.130542	-0.273068	
4182.132234	-0.256632	
4182.133817	-0.264451	
4182.135497	-0.262369	
4182.137073	-0.245430	
4182.138767	-0.249599	
4182.140245	-0.247081	
4182.141821	-0.242799	
4182.143306	-0.228200	
4182.144921	-0.229578	
4182.146426	-0.225953	
4182.148013	-0.214162	
4182.149554	-0.211680	
4182.151087	-0.223020	
4182.152718	-0.217880	
4182.154214	-0.215555	
4182.155859	-0.220663	
4182.157395	-0.221404	
4182.159060	-0.207426	
4182.160550	-0.194378	
4182.162289	-0.190270	
4182.163766	-0.175562	
4182.165473	-0.162422	
4182.166948	-0.171252	
4182.168657	-0.171413	
4182.170152	-0.162329	
4182.171871	-0.166696	
4182.173364	-0.172259	
4182.175153	-0.164219	
4182.176636	-0.151441	
4182.178396	-0.150913	
4182.179878	-0.140331	
4182.181654	-0.127867	
4182.183149	-0.129216	
4182.184900	-0.135279	
4182.186413	-0.124169	
4182.188157	-0.119887	
4182.189670	-0.124592	
4182.191410	-0.123855	
4182.192932	-0.107737	
4182.194657	-0.109558	
4182.196189	-0.105582	
4182.197879	-0.092639	
4182.199436	-0.091004	
4182.201142	-0.100619	
4182.202707	-0.098915	
4182.204396	-0.093550	
4182.205968	-0.101542	
4182.207628	-0.106819	
4182.209210	-0.090726	
4182.210864	-0.083386	
4182.212486	-0.079688	
4182.214100	-0.062669	
4182.215735	-0.054197	
4182.217348	-0.062370	
4182.218994	-0.063309	
4182.220599	-0.053174	
4182.222256	-0.056191	
4182.223841	-0.058249	
4182.225531	-0.046801	
4182.227093	-0.036698	
4182.228788	-0.043248	
4182.230342	-0.035538	
4182.232023	-0.026071	
4182.233576	-0.031530	
4182.235304	-0.044565	
4182.236828	-0.031324	
4182.238584	-0.031280	
4182.240067	-0.034543	
4182.241822	-0.029242	
4182.243307	-0.021125	
4182.245103	-0.021322	
4182.246589	-0.015018	
4182.248362	-0.000878	
4182.249855	-0.002639	
4182.251616	-0.019658	
4182.253116	-0.011755	
4182.254706	-0.014518	
4182.256229	-0.013998	
4182.257774	-0.006655	
4182.259393	0.006578	
4182.260890	0.016818	
4182.262503	0.018691	
4182.264042	0.031997	
4182.265690	0.055393	
4182.267181	0.043925	
4182.268838	0.028855	
4182.270308	0.036690	
4182.272039	0.028956	
4182.273518	0.033500	
4182.275221	0.030116	
4182.276709	0.046173	
4182.278423	0.034060	
4182.279906	0.039091	
4182.281600	0.050809	
4182.283098	0.043538	
4182.284856	0.034047	
4182.286362	0.036589	
4182.288084	0.034374	
4182.289605	0.038338	
4182.291324	0.046962	
4182.292864	0.065247	
4182.294553	0.068647	
4182.296107	0.068643	
4182.297807	0.080546	
4182.299386	0.087229	
4182.301071	0.053601	
4182.302646	0.073948	
4182.304308	0.074141	
4182.305894	0.058354	
4182.307559	0.069779	
4182.309176	0.081594	
4182.310818	0.079036	
4182.312446	0.077493	
4182.314075	0.096877	
4182.315716	0.084035	
4182.317335	0.085014	
4182.319003	0.066064	
4182.320592	0.072812	
4182.322274	0.065170	
4182.323868	0.066608	
4182.325552	0.076687	
4182.327129	0.087149	
4182.328818	0.075752	
4182.330387	0.088687	
4182.332079	0.091459	
4182.333635	0.090416	
4182.335351	0.081912	
4182.336893	0.089578	
4182.338632	0.076961	
4182.340150	0.080957	
4182.341889	0.089981	
4182.343374	0.110823	
4182.345166	0.113176	
4182.346653	0.116942	
4182.348441	0.116314	
4182.349926	0.099846	
4182.351715	0.094392	
4182.353195	0.096897	
4182.354968	0.088639	
4182.356451	0.070508	
4182.358205	0.077005	
4182.359712	0.101304	
4182.361454	0.087475	
4182.362983	0.086335	
4182.364482	0.110747	
4182.366081	0.098807	
4182.367585	0.090468	
4182.369231	0.090847	
4182.370728	0.098456	
4182.372392	0.087962	
4182.373890	0.086262	
4182.375538	0.098158	
4182.377020	0.113997	
4182.378659	0.107375	
4182.380149	0.108124	
4182.381848	0.119601	
4182.383334	0.109179	
4182.385042	0.097711	
4182.386528	0.106678	
4182.388196	0.103935	
4182.389695	0.098662	
4182.391335	0.100748	
4182.392873	0.105534	
4182.394491	0.107218	
4182.396069	0.104289	
4182.397756	0.109361	
4182.399329	0.104785	
4182.401005	0.082403	
4182.402589	0.077013	
4182.404247	0.078331	
4182.405852	0.066121	
4182.407493	0.064510	
4182.409115	0.088144	
4182.410744	0.098388	
4182.412360	0.096184	
4182.413957	0.115609	
4182.415593	0.126312	
4182.417195	0.114843	
4182.418886	0.108930	
4182.420457	0.109937	
4182.422167	0.106235	
4182.423721	0.092265	
4182.425427	0.101985	
4182.426981	0.113184	
4182.428673	0.103290	
4182.430232	0.100583	
4182.431948	0.112567	
4182.433446	0.103467	
4182.435208	0.076856	
4182.436687	0.076675	
4182.438462	0.067277	
4182.439946	0.066640	
4182.441730	0.074568	
4182.443224	0.078125	
4182.445007	0.080047	
4182.446486	0.083402	
4182.448277	0.095326	
4182.449763	0.097481	
4182.451487	0.071769	
4182.453001	0.087672	
4182.454733	0.086218	
4182.456261	0.067930	
4182.457972	0.079708	
4182.459526	0.080631	
4182.461245	0.077501	
4182.462803	0.073223	
4182.464498	0.085280	
4182.466047	0.089473	
4182.467738	0.077408	
4182.469302	0.072941	
4182.470977	0.073444	
4182.472581	0.058358	
4182.474251	0.051981	
4182.475861	0.060824	
4182.477368	0.061170	
4182.479024	0.057988	
4182.480531	0.062520	
4182.482173	0.060832	
4182.483664	0.055482	
4182.485314	0.043413	
4182.486797	0.058443	
4182.488421	0.052026	
4182.489904	0.046261	
4182.491533	0.042172	
4182.493035	0.063555	
4182.494681	0.059921	
4182.496205	0.053142	
4182.497843	0.069666	
4182.499411	0.067660	
4182.501004	0.057726	
4182.502615	0.059434	
4182.504183	0.060090	
4182.505804	0.043925	
4182.507444	0.038386	
4182.509060	0.050193	
4182.510700	0.050120	
4182.512360	0.038857	
4182.513966	0.045121	
4182.515658	0.052843	
4182.517257	0.037431	
4182.518940	0.030067	
4182.520536	0.035215	
4182.522198	0.020520	
4182.523783	0.014131	
4182.525483	0.020387	
4182.527058	0.033737	
4182.528783	0.008133	
4182.530344	0.021701	
4182.532063	0.043885	
4182.533619	0.026337	
4182.535309	0.018679	
4182.536860	0.022289	
4182.538589	0.020786	
4182.540092	0.006574	
4182.541869	0.012161	
4182.543343	0.029737	
4182.545134	0.030506	
4182.546621	0.033318	
4182.548407	0.036996	
4182.549886	0.026994	
4182.551681	-0.006808	
4182.553172	0.002248	
4182.554963	-0.010506	
4182.556442	-0.019932	
4182.558181	-0.018981	
4182.559680	-0.010909	
4182.561407	-0.016105	
4182.562932	-0.011767	
4182.564657	-0.002320	
4182.566205	0.002079	
4182.567932	-0.012971	
4182.569485	-0.012214	
4182.571176	-0.020025	
4182.572732	-0.027719	
4182.574427	-0.029463	
4182.575995	-0.015715	
4182.577686	-0.013894	
4182.579268	-0.019682	
4182.580936	-0.005555	
4182.582520	-0.000302	
4182.584176	-0.020234	
4182.585783	-0.023074	
4182.587310	-0.019425	
4182.588942	-0.026047	
4182.590437	-0.036396	
4182.592111	-0.028347	
4182.593583	-0.023247	
4182.595227	-0.033886	
4182.596706	-0.033072	
4182.598348	-0.022313	
4182.599831	-0.032053	
4182.601439	-0.050108	
4182.602955	-0.042745	
4182.604600	-0.046672	
4182.606146	-0.057367	
4182.607750	-0.058338	
4182.609329	-0.043067	
4182.610914	-0.039768	
4182.612534	-0.043232	
4182.614084	-0.036549	
4182.615712	-0.024114	
4182.617326	-0.042422	
4182.618981	-0.052118	
4182.620593	-0.042829	
4182.622261	-0.055277	
4182.623829	-0.058753	
4182.625518	-0.053903	
4182.627088	-0.045371	
4182.628786	-0.057859	
4182.630354	-0.054922	
4182.632041	-0.051103	
4182.633593	-0.061456	
4182.635297	-0.077771	
4182.636862	-0.066624	
4182.638588	-0.071986	
4182.640101	-0.082581	
4182.641852	-0.071611	
4182.643339	-0.056127	
4182.645116	-0.070451	
4182.646604	-0.061347	
4182.648371	-0.046721	
4182.649864	-0.053847	
4182.651653	-0.073178	
4182.653133	-0.067047	
4182.654909	-0.076316	
4182.656405	-0.075176	
4182.658137	-0.074633	
4182.659645	-0.062793	
4182.661347	-0.069714	
4182.662884	-0.070653	
4182.664583	-0.063853	
4182.666131	-0.069364	
4182.667845	-0.085827	
4182.669401	-0.084248	
4182.671083	-0.086198	
4182.672650	-0.086097	
4182.674317	-0.087479	
4182.675910	-0.073980	
4182.677566	-0.067748	
4182.679169	-0.070282	
4182.680824	-0.059965	
4182.682424	-0.058523	
4182.684069	-0.075575	
4182.685688	-0.085018	
4182.687299	-0.083153	
4182.688961	-0.089775	
4182.690533	-0.093884	
4182.692220	-0.086641	
4182.693693	-0.073529	
4182.695273	-0.076885	
4182.696768	-0.072002	
4182.698412	-0.065968	
4182.699909	-0.075938	
4182.701530	-0.093832	
4182.703048	-0.091117	
4182.704612	-0.099697	
4182.706164	-0.103677	
4182.707687	-0.101562	
4182.709322	-0.087685	
4182.710816	-0.082415	
4182.712447	-0.085767	
4182.713999	-0.072747	
4182.715660	-0.063221	
4182.717151	-0.078238	
4182.718836	-0.092466	
4182.720318	-0.081191	
4182.722044	-0.088466	
4182.723518	-0.096837	
4182.725239	-0.094319	
4182.726726	-0.083596	
4182.728439	-0.086424	
4182.729926	-0.072860	
4182.731685	-0.062846	
4182.733173	-0.073573	
4182.734964	-0.106859	
4182.736450	-0.103343	
4182.738224	-0.101929	
4182.739717	-0.103685	
4182.741464	-0.106581	
4182.742974	-0.113949	
4182.744716	-0.123818	
4182.746244	-0.102924	
4182.747942	-0.072554	
4182.749487	-0.066193	
4182.751203	-0.095113	
4182.752764	-0.105727	
4182.754473	-0.093844	
4182.756026	-0.081288	
4182.757715	-0.066028	
4182.759293	-0.063345	
4182.760949	-0.079793	
4182.762545	-0.094464	
4182.764184	-0.071627	
4182.765792	-0.053778	
4182.767442	-0.069972	
4182.769050	-0.109792	
4182.770674	-0.118904	
4182.772332	-0.115927	
4182.773935	-0.103866	
4182.775597	-0.082943	
4182.777186	-0.082879	
4182.778859	-0.109615	
4182.780441	-0.097941	
4182.782120	-0.070749	
4182.783694	-0.067543	
4182.785384	-0.079152	
4182.786957	-0.090839	
4182.788657	-0.108644	
4182.790201	-0.107290	
4182.791907	-0.083990	
4182.793421	-0.059124	
4182.795162	-0.070065	
4182.796644	-0.072187	
4182.798441	-0.057984	
4182.799933	-0.055716	
4182.801725	-0.062757	
4182.803209	-0.063478	
4182.804998	-0.083696	
4182.806497	-0.093368	
4182.807989	-0.089856	
4182.809567	-0.065110	
4182.811115	-0.059301	
4182.812737	-0.070113	
4182.814230	-0.075301	
4182.815881	-0.077863	
4182.817370	-0.080135	
4182.819009	-0.074975	
4182.820536	-0.064300	
4182.822168	-0.087620	
4182.823645	-0.096317	
4182.825290	-0.085698	
4182.826773	-0.066048	
4182.828495	-0.063938	
4182.829980	-0.051027	
4182.831686	-0.044013	
4182.833176	-0.046781	
4182.834872	-0.058342	
4182.836361	-0.055019	
4182.838032	-0.056558	
4182.839554	-0.060973	
4182.841269	-0.070016	
4182.842808	-0.060151	
4182.844511	-0.052489	
4182.846072	-0.047148	
4182.847788	-0.036581	
4182.849352	-0.039280	
4182.851043	-0.055982	
4182.852606	-0.054946	
4182.854274	-0.043482	
4182.855850	-0.047103	
4182.857515	-0.058596	
4182.859116	-0.051212	
4182.860746	-0.044755	
4182.862362	-0.048815	
4182.863970	-0.030760	
4182.865637	-0.030087	
4182.867228	-0.042833	
4182.868893	-0.056284	
4182.870492	-0.051748	
4182.872166	-0.051784	
4182.873744	-0.049758	
4182.875437	-0.044029	
4182.876994	-0.033395	
4182.878690	-0.031622	
4182.880247	-0.009599	
4182.881937	-0.001958	
4182.883482	-0.006711	
4182.885211	-0.027852	
4182.886704	-0.025701	
4182.888455	-0.028512	
4182.889944	-0.028383	
4182.891722	-0.025745	
4182.893208	-0.018571	
4182.894980	-0.024299	
4182.896461	-0.013946	
4182.898228	0.003682	
4182.899723	0.003730	
4182.901463	-0.019175	
4182.902976	-0.011376	
4182.904697	-0.016685	
4182.906206	-0.022458	
4182.907919	-0.022196	
4182.909460	-0.006925	
4182.911141	-0.009890	
4182.912696	-0.016734	
4182.914374	-0.001930	
4182.915952	0.009632	
4182.917623	-0.001684	
4182.919230	-0.000544	
4182.920722	0.007537	
4182.922336	0.006188	
4182.923857	0.009281	
4182.925482	0.026100	
4182.926973	0.040589	
4182.928628	0.038124	
4182.930117	0.049758	
4182.931765	0.051466	
4182.933242	0.043868	
4182.934870	0.034627	
4182.936360	0.027175	
4182.938052	0.014917	
4182.939570	-0.002961	
4182.941239	-0.005583	
4182.942804	0.012520	
4182.944415	0.012947	
4182.945992	0.011448	
4182.947583	0.025137	
4182.949188	0.039099	
4182.950848	0.042853	
4182.952447	0.041367	
4182.954083	0.047865	
4182.955682	0.043941	
4182.957291	0.048775	
4182.958957	0.056960	
4182.960551	0.074878	
4182.962222	0.064477	
4182.963816	0.072707	
4182.965489	0.074762	
4182.967075	0.073352	
4182.968772	0.053609	
4182.970358	0.064445	
4182.972063	0.047450	
4182.973609	0.049750	
4182.975308	0.060449	
4182.976856	0.076030	
4182.978555	0.073521	
4182.980076	0.069771	
4182.981832	0.079157	
4182.983338	0.073263	
4182.985124	0.064626	
4182.986608	0.074093	
4182.988389	0.065347	
4182.989877	0.071624	
4182.991652	0.072941	
4182.993133	0.091813	
4182.994914	0.099673	
4182.996403	0.098223	
4182.998192	0.107597	
4182.999685	0.115488	
4183.001453	0.097421	
4183.002963	0.106211	
4183.004696	0.107637	
4183.006220	0.093590	
4183.007952	0.091399	
4183.009493	0.102517	
4183.011232	0.114751	
4183.012774	0.102259	
4183.014468	0.115270	
4183.016028	0.113631	
4183.017714	0.104297	
4183.019276	0.098537	
4183.020977	0.110473	
4183.022568	0.104281	
4183.024241	0.105022	
4183.025828	0.122985	
4183.027480	0.132777	
4183.029091	0.126807	
4183.030614	0.138409	
4183.032252	0.143646	
4183.033745	0.135001	
4183.035408	0.126880	
4183.036885	0.136262	
4183.038527	0.117502	
4183.040013	0.121212	
4183.041669	0.127190	
4183.043145	0.146083	
4183.044764	0.144439	
4183.046277	0.150127	
4183.047944	0.152843	
4183.049474	0.156488	
4183.051092	0.139227	
4183.052652	0.142168	
4183.054242	0.156488	
4183.055839	0.144097	
4183.057394	0.138852	
4183.059010	0.152162	
4183.060528	0.159993	
4183.062231	0.154039	
4183.063840	0.163558	
4183.065494	0.165717	
4183.067074	0.155642	
4183.068772	0.150498	
4183.070330	0.161354	
4183.072033	0.154099	
4183.073578	0.146732	
4183.075300	0.159107	
4183.076845	0.170398	
4183.078559	0.166978	
4183.080089	0.172328	
4183.081852	0.188828	
4183.083350	0.189992	
4183.085118	0.180215	
4183.086601	0.195116	
4183.088388	0.179409	
4183.089882	0.186362	
4183.091667	0.180674	
4183.093161	0.205815	
4183.094957	0.189122	
4183.096438	0.203539	
4183.098208	0.202665	
4183.099699	0.205215	
4183.101444	0.188819	
4183.102953	0.187402	
4183.104716	0.186592	
4183.106240	0.182551	
4183.107992	0.177826	
4183.109515	0.188243	
4183.111218	0.190278	
4183.112759	0.202101	
4183.114444	0.212716	
4183.115997	0.212397	
4183.117674	0.197702	
4183.119243	0.207628	
4183.120881	0.202371	
4183.122484	0.198290	
4183.124154	0.206242	
4183.125743	0.211845	
4183.127375	0.227302	
4183.128971	0.231173	
4183.130582	0.242803	
4183.132250	0.244833	
4183.133843	0.226653	
4183.135515	0.224249	
4183.137115	0.227644	
4183.138762	0.215443	
4183.140246	0.199305	
4183.141808	0.197045	
4183.143324	0.218323	
4183.144954	0.215310	
4183.146464	0.216280	
4183.148057	0.221815	
4183.149579	0.219978	
4183.151143	0.211753	
4183.152731	0.220849	
4183.154225	0.229715	
4183.155869	0.219717	
4183.157451	0.219044	
4183.159072	0.232023	
4183.160631	0.244950	
4183.162314	0.244314	
4183.163805	0.258912	
4183.165500	0.251146	
4183.166978	0.246416	
4183.168715	0.238134	
4183.170184	0.232362	
4183.171902	0.232362	
4183.173433	0.224792	
4183.175167	0.238489	
4183.176685	0.251971	
4183.178432	0.243061	
4183.179912	0.254771	
4183.181706	0.262973	
4183.183199	0.263654	
4183.184992	0.242227	
4183.186475	0.238042	
4183.188248	0.241687	
4183.189735	0.233836	
4183.191523	0.241083	
4183.193019	0.250179	
4183.194778	0.248733	
4183.196285	0.244350	
4183.198004	0.265829	
4183.199526	0.267327	
4183.201245	0.246300	
4183.202773	0.256092	
4183.204481	0.256741	
4183.206041	0.245643	
4183.207728	0.248745	
4183.209290	0.269281	
4183.210986	0.266812	
4183.212560	0.253740	
4183.214222	0.274373	
4183.215817	0.276355	
4183.217458	0.260802	
4183.219062	0.259424	
4183.220693	0.257595	
4183.222310	0.244475	
4183.223948	0.239802	
4183.225599	0.243226	
4183.227201	0.255553	
4183.228866	0.264830	
4183.230449	0.276879	
4183.232130	0.284061	
4183.233704	0.277938	
