time (s)	magX	magY	magZ
4178.085815	-211.338394	-422.209229	-1191.759155
4178.089145	-221.274109	-434.073639	-1172.764526
4178.092502	-230.917603	-445.470490	-1154.003540
4178.095819	-238.983063	-456.399780	-1133.021606
4178.099145	-246.697830	-466.101685	-1113.033325
4178.102573	-254.529526	-475.862061	-1091.233154
4178.105821	-261.542969	-485.973114	-1068.848633
4178.109149	-268.147278	-494.272369	-1046.814697
4178.112478	-274.400940	-500.993591	-1024.137939
4178.115813	-279.193451	-508.182343	-1001.110474
4178.119147	-285.037994	-513.851562	-977.440063
4178.122479	-289.304504	-519.403809	-954.412659
4178.125816	-293.746338	-524.079468	-931.092957
4178.129151	-297.369965	-527.819946	-907.305603
4178.132477	-300.526001	-531.385132	-884.628845
4178.135831	-304.208069	-534.190491	-861.133850
4178.139151	-307.188782	-536.411499	-838.866150
4178.142480	-309.175934	-538.106384	-816.364685
4178.145814	-311.805969	-538.924622	-793.454102
4178.150488	-315.604889	-539.976624	-750.438354
4178.153437	-316.773834	-539.801270	-729.865601
4178.156726	-318.001160	-538.807739	-709.292786
4178.160000	-319.286957	-537.405029	-690.298096
4178.163317	-319.403870	-535.593201	-670.134399
4178.166652	-319.929871	-534.073608	-651.022827
4178.169569	-320.514313	-531.677368	-633.489197
4178.172938	-320.631226	-529.456482	-615.195801
4178.176225	-320.397430	-527.410889	-597.428406
4178.179600	-320.689667	-524.254822	-581.297485
4178.182472	-320.163666	-521.390991	-565.108093
4178.185809	-319.228516	-518.176514	-548.918762
4178.189135	-319.170074	-514.786682	-533.430725
4178.192510	-318.118042	-511.747498	-519.286987
4178.195819	-316.715363	-508.123932	-504.032715
4178.199145	-316.014038	-505.318542	-489.479828
4178.202472	-315.312683	-501.753387	-475.686737
4178.205803	-313.734650	-498.129761	-461.835205
4178.209135	-312.215088	-494.272369	-449.269440
4178.212471	-310.929260	-490.940948	-437.054352
4178.215800	-308.591461	-487.083588	-423.728790
4178.219139	-307.831665	-483.284607	-411.747498
4178.222490	-305.610748	-479.544128	-399.941559
4178.225801	-303.506744	-474.342499	-389.012268
4178.229137	-301.811829	-471.069519	-377.089417
4178.232463	-299.123322	-467.153687	-366.218597
4178.235804	-296.785492	-463.413177	-354.938629
4178.239130	-294.973694	-459.497345	-344.184692
4178.242469	-291.993011	-455.523102	-333.664520
4178.245805	-289.713623	-451.782562	-323.144379
4178.249134	-287.083588	-448.334320	-314.143768
4178.252469	-284.044403	-444.360016	-303.915833
4178.255801	-281.823486	-440.151978	-294.097015
4178.259148	-279.018127	-436.645233	-285.563995
4178.263388	-274.576294	-429.514893	-266.978394
4178.266694	-272.589142	-425.306854	-258.445374
4178.269978	-270.192871	-421.332550	-250.496796
4178.273315	-267.738190	-417.533600	-242.840439
4178.276644	-266.393921	-413.617767	-235.710114
4178.279559	-263.880768	-409.935699	-229.222687
4178.282894	-261.367645	-406.487427	-221.683212
4178.286242	-258.620697	-402.980713	-215.604904
4178.289573	-257.802460	-399.473999	-209.059021
4178.292465	-256.049072	-395.791931	-202.396255
4178.295794	-253.535934	-392.460571	-197.194626
4178.299149	-251.957916	-388.486267	-190.882523
4178.302480	-250.029236	-385.563995	-186.440689
4178.305792	-249.094101	-382.933960	-181.472824
4178.309132	-247.282288	-379.193451	-176.738754
4178.312464	-245.704269	-375.862061	-172.180008
4178.315793	-244.418472	-373.641144	-167.621277
4178.319126	-242.606659	-370.251312	-164.348343
4178.322463	-241.613098	-367.679718	-159.964935
4178.325789	-240.268845	-365.458801	-154.938644
4178.329129	-239.333725	-363.062531	-151.957916
4178.332458	-237.697250	-360.900055	-148.451202
4178.335791	-236.703674	-358.036224	-145.061356
4178.339120	-235.359436	-355.347748	-142.139099
4178.342461	-233.956741	-352.600800	-139.801285
4178.345805	-233.255417	-350.905884	-137.171249
4178.349126	-231.852722	-348.743408	-134.015198
4178.352455	-231.092926	-346.405609	-131.209808
4178.355792	-229.105789	-344.827576	-128.638214
4178.359123	-228.462891	-342.139099	-125.891289
4178.362453	-227.293991	-340.677979	-123.319695
4178.365788	-225.949738	-339.041504	-120.981888
4178.369120	-225.248383	-337.112793	-118.176506
4178.373721	-222.735245	-333.080078	-113.442436
4178.376684	-222.033905	-331.618927	-110.753944
4178.379966	-220.455887	-329.631805	-107.305672
4178.383319	-219.111633	-328.462891	-105.961433
4178.386674	-218.118042	-326.767975	-104.617180
4178.389587	-216.890717	-324.956146	-101.928696
4178.392904	-215.604904	-324.021027	-101.519585
4178.396274	-214.552902	-322.267670	-98.597313
4178.399551	-213.150208	-321.449432	-96.201050
4178.402450	-212.098190	-319.812958	-94.272354
4178.405788	-210.987732	-318.118042	-92.635887
4178.409118	-210.695511	-317.241394	-90.940971
4178.412451	-209.643478	-315.488037	-89.479836
4178.415784	-209.292816	-314.669769	-87.492691
4178.419141	-208.591461	-313.851562	-86.616013
4178.422448	-207.773239	-312.916412	-84.979546
4178.425783	-207.305664	-311.513733	-84.395096
4178.429116	-206.721207	-310.227936	-82.232613
4178.432458	-205.610748	-309.643494	-82.174171
4178.435779	-205.552322	-308.766785	-80.829926
4178.439119	-205.435425	-308.533020	-79.485680
4178.442444	-205.260086	-307.714783	-79.661018
4178.445781	-204.792526	-307.364105	-78.725891
4178.449112	-204.675629	-306.896545	-77.966103
4178.452444	-204.558731	-305.786072	-77.147865
4178.455777	-204.266495	-306.078308	-77.206314
4178.459113	-204.558731	-305.260071	-77.673874
4178.462453	-204.792526	-304.909424	-77.206314
4178.465781	-204.909424	-304.850952	-77.206314
4178.469111	-205.026291	-304.909424	-77.323204
4178.472448	-205.143188	-304.850952	-77.381645
4178.475773	-204.734070	-305.260071	-77.381645
4178.479105	-205.727646	-304.967865	-78.141441
4178.483734	-205.844543	-304.967865	-78.725891
4178.486650	-206.195206	-305.318512	-79.836349
4178.489988	-206.019882	-306.253662	-80.011688
4178.493386	-207.013443	-305.961426	-80.128578
4178.496713	-206.604309	-307.130341	-80.654587
4178.499566	-207.130341	-307.247223	-81.063705
4178.502866	-207.481003	-308.123901	-82.115723
4178.506217	-207.714798	-308.825256	-82.992401
4178.509531	-207.714798	-309.117493	-83.343079
4178.512437	-207.597900	-309.994141	-84.687317
4178.515771	-208.416122	-310.637054	-85.096436
4178.519112	-208.357697	-311.221497	-85.739334
4178.522444	-209.526581	-311.630615	-86.323784
4178.525773	-209.409714	-312.039734	-87.901810
4178.529104	-209.935715	-313.033325	-88.661598
4178.532436	-210.403275	-313.909973	-88.836937
4178.535777	-210.578613	-314.319122	-90.064285
4178.539104	-211.046173	-315.371124	-91.057861
4178.542437	-211.104614	-316.598480	-92.518997
4178.545769	-211.689072	-318.059601	-93.045006
4178.549105	-212.448853	-318.527161	-94.038574
4178.552435	-213.033325	-319.403870	-94.798363
4178.555768	-213.325546	-320.397430	-96.201050
4178.559108	-214.026886	-321.683228	-97.253067
4178.562436	-214.436005	-322.852142	-98.831093
4178.565765	-215.780228	-323.962585	-100.876678
4178.569106	-216.072464	-325.540619	-102.162483
4178.572463	-217.416718	-326.943298	-103.798950
4178.575766	-218.059616	-327.995331	-105.376968
4178.579104	-219.403870	-329.631805	-108.240799
4178.582442	-220.455887	-331.443604	-109.701935
4178.585762	-221.741669	-332.729401	-112.039742
4178.589095	-223.202805	-334.307434	-113.793098
4178.593315	-225.657516	-338.515503	-119.812981
4178.596663	-227.293991	-340.502625	-122.267677
4178.600009	-228.112213	-341.729980	-124.722382
4178.603364	-229.924011	-344.535339	-128.521332
4178.606728	-231.443604	-345.821167	-131.911163
4178.609532	-232.963181	-348.334320	-135.125656
4178.612863	-234.833435	-350.321472	-139.333725
4178.616218	-236.060791	-352.367035	-142.314438
4178.619522	-237.989471	-355.523071	-146.464066
4178.622432	-239.801285	-357.977783	-150.321442
4178.625763	-240.853302	-361.016937	-154.061951
4178.629098	-242.781998	-363.471649	-159.029800
4178.632432	-244.126251	-365.809479	-162.361191
4178.635759	-245.645828	-368.556396	-167.329056
4178.639092	-247.516083	-371.011108	-172.296906
4178.642431	-248.918777	-373.465790	-177.089417
4178.645761	-250.613663	-376.738739	-181.122147
4178.649095	-252.367050	-379.193451	-185.797775
4178.652424	-253.419037	-382.174164	-190.590302
4178.655760	-255.523087	-385.330231	-196.084167
4178.659128	-257.393341	-387.609589	-201.811813
4178.662428	-258.971344	-390.999420	-206.078308
4178.665761	-260.081818	-394.213928	-211.455292
4178.669092	-262.244293	-397.136200	-216.423157
4178.672422	-263.822327	-399.707764	-221.683212
4178.675754	-265.166565	-402.980713	-227.586197
4178.679095	-266.803040	-405.844543	-233.021622
4178.682428	-268.381073	-409.526581	-238.515503
4178.685751	-269.725311	-412.273499	-243.483353
4178.689118	-272.296906	-415.488007	-249.561661
4178.692419	-274.225586	-419.111633	-257.218018
4178.695756	-276.037415	-421.507874	-262.887207
4178.699088	-277.673859	-425.657501	-269.433075
4178.703759	-281.881958	-432.261841	-284.745758
4178.706719	-283.284637	-434.950317	-290.473419
4178.710013	-285.797791	-438.690796	-298.889526
4178.713369	-287.609589	-441.320862	-307.188782
4178.716603	-290.239624	-444.769135	-315.020477
4178.719550	-292.168335	-448.217438	-323.611938
4178.722844	-294.973694	-451.724152	-332.963196
4178.726182	-296.960815	-454.997070	-341.905304
4178.729514	-299.006439	-458.270020	-351.198120
4178.732438	-301.168915	-461.952057	-362.244293
4178.735755	-303.389832	-465.517242	-372.472229
4178.739087	-306.195221	-468.556396	-383.635315
4178.742421	-308.591461	-472.063110	-394.681488
4178.745756	-310.403290	-474.985413	-406.253662
4178.749078	-312.682648	-480.128571	-417.007599
4178.752414	-314.611328	-483.167755	-429.982483
4178.755751	-317.007599	-486.323792	-442.548218
4178.759078	-318.468750	-489.304504	-454.003540
4178.762453	-319.871429	-492.811218	-467.679749
4178.765756	-321.917023	-495.908844	-481.706604
4178.769080	-323.904144	-498.655762	-494.739929
4178.772410	-325.715942	-501.987122	-508.591461
4178.775768	-326.767975	-504.792511	-522.384521
4178.779076	-327.936890	-507.481018	-536.762146
4178.782415	-329.281128	-510.520172	-550.730591
4178.785745	-330.566925	-512.857971	-565.575684
4178.789085	-331.385162	-515.429565	-579.719421
4178.792408	-332.495605	-517.708923	-594.155457
4178.795747	-332.028046	-519.696106	-609.117432
4178.799076	-332.729401	-521.916992	-624.371704
4178.802415	-332.963196	-523.962585	-638.807739
4178.805767	-333.080078	-525.891296	-654.412598
4178.809074	-333.080078	-527.527771	-670.601990
4178.813759	-333.313843	-529.748657	-702.220947
4178.816658	-333.080078	-530.274658	-718.176514
4178.819947	-332.670959	-530.917603	-734.073608
4178.823252	-331.618927	-531.794250	-750.379883
4178.826594	-331.268250	-531.560486	-766.335510
4178.829946	-330.040894	-531.443604	-782.817078
4178.832839	-329.456451	-531.502075	-799.181763
4178.836182	-328.112213	-531.326721	-816.072449
4178.839524	-326.943298	-531.209778	-832.261841
4178.842898	-325.073059	-528.638245	-850.146118
4178.845738	-323.144379	-527.293945	-866.510742
4178.849081	-321.624786	-525.423706	-883.635315
4178.852412	-319.462311	-523.787231	-901.285828
4178.855740	-317.650482	-521.040344	-919.286987
4178.859070	-314.903564	-518.234985	-937.229736
4178.862408	-311.338409	-514.786682	-954.587952
4178.865739	-309.351257	-511.104645	-972.179993
4178.869069	-305.669189	-507.013458	-990.239624
4178.872409	-302.454712	-502.279388	-1007.773193
4178.875736	-298.538879	-497.662170	-1025.365234
4178.879068	-294.915253	-491.700745	-1043.541870
4178.882403	-290.005859	-486.323792	-1059.906494
4178.885775	-284.862671	-480.245453	-1078.492065
4178.889072	-280.128571	-472.530701	-1095.090576
4178.892401	-274.985382	-464.640564	-1111.864380
4178.895739	-269.316193	-457.451782	-1127.177002
4178.899068	-262.653412	-449.620117	-1144.126221
4178.902403	-256.516663	-441.320862	-1159.088257
4178.905733	-249.444763	-432.904724	-1174.050293
4178.909070	-242.548233	-423.027466	-1189.479858
4178.912398	-235.534760	-414.026886	-1203.682007
4178.915762	-227.936890	-403.740509	-1216.423096
4178.919063	-219.637634	-393.687897	-1229.631836
4178.922397	-211.513733	-383.635315	-1241.496216
4178.926587	-194.330795	-361.718292	-1264.757446
4178.929929	-184.628876	-349.561676	-1274.927002
4178.933267	-175.511398	-338.106384	-1284.745850
4178.936604	-166.043243	-326.300415	-1294.272339
4178.939528	-156.341324	-314.494446	-1302.454712
4178.942857	-146.756287	-302.513153	-1310.929321
4178.946216	-136.703674	-289.596710	-1317.066040
4178.949517	-126.358856	-277.030975	-1323.319702
4178.952824	-115.546463	-264.406769	-1329.047241
4178.955730	-105.961433	-251.373459	-1334.190552
4178.959089	-96.084160	-238.457031	-1339.333740
4178.962399	-85.739334	-225.131516	-1342.665039
4178.965732	-76.095848	-211.864395	-1344.885986
4178.969067	-65.692581	-198.655762	-1347.340820
4178.972405	-54.646408	-184.336655	-1349.678467
4178.975731	-45.061367	-169.433075	-1351.256592
4178.979064	-34.424313	-155.756866	-1351.373535
4178.982398	-24.196377	-141.496201	-1352.016357
4178.985730	-13.617767	-127.293983	-1350.438354
4178.989062	-3.389831	-112.507309	-1348.743408
4178.992395	7.656341	-97.603737	-1347.457642
4178.995730	18.059614	-82.174171	-1344.067749
4178.999056	28.521332	-67.153709	-1339.918091
4179.002405	38.807713	-51.841026	-1336.879028
4179.005725	49.094097	-36.762127	-1332.086426
4179.009052	59.146698	-21.917007	-1326.592651
4179.012395	69.666862	-6.253653	-1321.624756
4179.015726	79.777908	8.942139	-1314.377563
4179.019109	90.005844	24.430157	-1307.188843
4179.022402	99.766220	38.866158	-1299.824585
4179.025723	110.227943	54.061951	-1291.057861
4179.029055	120.046761	69.199303	-1283.343018
4179.033716	139.567505	98.129745	-1264.348267
4179.036581	148.743423	111.922852	-1254.295776
4179.039922	158.153122	126.475739	-1243.541870
4179.043261	167.095261	139.216827	-1232.963135
4179.046672	176.271194	152.542374	-1221.566284
4179.049497	184.395081	165.049683	-1208.766846
4179.052830	193.161896	177.498550	-1197.779053
4179.056169	201.636475	190.239624	-1185.797729
4179.059482	209.351257	201.578018	-1172.881348
4179.062801	217.475159	212.741089	-1161.016968
4179.065720	224.956161	224.196381	-1148.860352
4179.069050	232.729385	234.307434	-1135.768555
4179.072387	239.333725	244.126251	-1123.202759
4179.075737	246.113403	254.003494	-1110.753906
4179.079053	252.016357	263.763885	-1096.785522
4179.082386	257.802460	272.413788	-1084.336670
4179.085716	264.523682	281.122162	-1070.251221
4179.089048	270.485077	289.479828	-1057.627075
4179.092380	275.978973	297.486847	-1045.002930
4179.095716	280.362366	305.435425	-1031.268311
4179.099053	285.973114	313.150208	-1017.358276
4179.102384	291.057861	320.280518	-1005.026367
4179.105714	294.506134	327.469330	-992.226807
4179.109048	299.298645	333.664520	-979.193481
4179.112438	302.805389	339.918182	-966.218567
4179.115718	306.487427	346.054932	-953.711304
4179.119076	310.344849	352.016357	-940.502625
4179.122378	314.143768	357.393341	-927.352417
4179.125710	316.773834	363.646973	-913.793091
4179.129046	319.988312	368.556396	-901.519592
4179.132390	322.326141	373.874939	-888.194092
4179.135710	325.423706	378.492126	-874.400879
4179.139043	327.703094	383.459961	-861.776733
4179.143696	332.437195	392.694336	-836.762146
4179.146620	334.190521	396.434845	-822.969055
4179.149987	335.826996	400.116882	-809.935669
4179.153344	337.697235	403.798950	-797.194641
4179.156641	339.041504	406.896545	-785.271790
4179.159472	339.625946	410.286377	-772.180054
4179.162833	341.145538	412.857971	-759.205139
4179.166135	342.606659	415.663330	-746.288757
4179.169465	343.541779	418.234955	-734.132080
4179.172795	344.009338	420.163635	-722.267700
4179.175721	344.886047	422.384552	-710.227905
4179.179039	346.054932	424.839264	-698.071289
4179.182371	346.697845	426.183502	-687.200439
4179.185707	347.223846	427.527771	-675.978943
4179.189043	347.399200	428.930481	-663.471680
4179.192377	347.749847	430.274689	-652.893066
4179.195709	347.691406	431.618927	-642.431335
4179.199039	348.217407	432.086517	-631.326721
4179.202367	347.749847	432.612518	-621.215698
4179.205722	347.925171	433.255371	-610.169495
4179.209046	347.457611	432.846313	-600.935120
4179.212368	347.983643	433.196960	-591.466980
4179.215703	347.516083	433.430725	-581.706604
4179.219042	347.106964	433.664520	-573.348877
4179.222369	346.288727	432.904724	-563.997681
4179.225702	345.762695	433.080048	-554.821716
4179.229038	345.119812	433.021637	-547.165405
4179.232364	345.119812	432.437195	-538.632385
4179.235698	344.710693	431.794250	-530.216248
4179.239032	343.424896	431.092926	-522.501465
4179.242402	342.723572	430.742249	-515.020447
4179.245703	341.846863	429.982483	-507.071869
4179.249039	341.788422	429.865601	-500.526001
4179.252365	340.619507	428.813538	-492.402130
4179.256573	338.983063	427.761566	-478.433655
4179.259968	337.755707	426.592651	-470.485107
4179.263302	336.586792	426.008179	-463.530121
4179.266610	335.593231	425.306854	-456.458221
4179.269880	335.067200	423.904144	-449.912323
4179.272799	333.839874	423.436584	-443.950897
4179.276128	332.963196	422.618347	-437.755676
4179.279449	331.326691	421.683228	-430.800720
4179.282790	330.683807	420.923431	-424.780853
4179.285693	328.930450	419.345428	-417.767395
4179.289027	327.352417	418.293396	-412.507294
4179.292372	326.826416	417.416718	-406.545868
4179.295696	325.248383	416.481598	-400.350677
4179.299025	324.488586	415.195801	-393.746338
4179.302357	323.787262	413.500885	-388.544708
4179.305692	322.735229	412.857971	-383.752197
4179.309026	321.332550	411.104645	-378.024567
4179.312362	319.403870	410.695496	-372.530670
4179.315763	318.585632	408.942139	-367.153717
4179.319035	317.825836	407.773193	-361.893616
4179.322359	316.014038	406.429016	-356.165985
4179.325695	315.254242	405.610748	-351.139679
4179.329067	314.436005	403.915833	-346.756287
4179.332358	313.559326	403.389832	-342.489777
4179.335710	311.981293	402.220917	-338.866150
4179.339024	311.046173	401.285797	-335.008759
4179.342358	309.526581	399.649323	-330.274689
4179.345692	308.708344	398.246643	-326.066650
4179.349022	307.948578	396.960815	-322.910583
4179.352353	307.130341	395.791931	-317.825836
4179.355688	305.376984	394.739929	-315.137329
4179.359024	304.909424	393.804779	-312.331970
4179.362360	303.740509	392.752777	-308.474579
4179.367047	302.571594	390.707184	-303.156036
4179.369968	301.694916	389.362946	-300.292236
4179.373347	301.227356	389.129150	-296.317932
4179.376538	300.058441	387.142029	-294.798370
4179.379884	299.824677	386.206879	-292.518982
4179.382779	298.831085	385.680878	-289.772064
4179.386109	297.779083	384.804199	-287.551147
4179.389446	297.019287	383.752197	-285.563995
4179.392779	296.259491	382.583282	-283.752197
4179.396142	296.142609	381.940399	-281.589722
4179.399016	294.739929	381.355927	-279.076538
4179.402352	294.623016	380.713043	-277.264771
4179.405684	293.395691	379.894806	-274.576294
4179.409020	292.635895	379.135010	-273.348938
4179.412412	292.051422	378.199890	-272.121582
4179.415721	291.408539	377.323212	-269.374634
4179.419021	290.999420	376.446533	-268.030396
4179.422359	290.064301	376.212738	-266.160126
4179.425681	289.596710	375.394501	-264.114532
4179.429015	289.129150	375.102295	-262.361206
4179.432354	288.310944	374.284058	-261.075409
4179.435685	288.077148	373.407349	-259.322021
4179.439014	286.966675	373.641144	-257.276428
4179.442350	286.908234	372.998230	-256.341309
4179.445682	286.616028	372.004669	-254.997086
4179.449014	286.382233	372.063110	-253.126831
4179.452349	285.271759	371.478668	-252.542374
4179.455683	285.505554	370.426666	-250.613663
4179.459027	284.395111	370.192871	-249.503204
4179.462344	283.985962	369.900635	-249.152542
4179.465681	284.628876	369.199310	-247.516083
4179.469016	283.869080	368.147278	-247.165390
4179.472347	283.635315	368.147278	-246.288727
4179.475679	283.343079	367.679718	-246.054932
4179.479932	283.518402	367.855042	-245.061371
4179.483235	283.693756	367.387482	-243.950912
4179.486525	282.466400	367.445953	-243.600220
4179.489859	282.875519	366.861481	-242.548233
4179.493182	282.641724	367.036804	-243.191116
4179.496098	282.817078	367.036804	-243.132660
4179.499433	283.109283	367.036804	-243.015793
4179.502823	283.167755	366.569244	-243.600220
4179.506128	283.050842	366.978394	-243.950912
4179.509007	283.343079	366.978394	-244.243118
4179.512341	283.284637	366.686157	-244.886047
4179.515679	283.167755	367.212158	-244.886047
4179.519009	283.927551	366.978394	-245.938034
4179.522344	284.336639	367.036804	-246.288727
4179.525674	284.278198	367.738190	-246.756287
4179.529006	284.278198	367.679718	-247.632950
4179.532339	285.154877	368.614838	-248.801880
4179.535672	285.213318	368.381073	-249.327881
4179.539004	285.447083	368.790161	-249.678543
4179.542339	285.973114	369.199310	-250.905899
4179.545703	285.856232	369.783752	-252.016357
4179.549006	286.616028	370.075989	-254.237289
4179.552342	287.492706	370.660431	-255.113953
4179.555668	288.135590	371.186462	-256.282867
4179.559003	288.661591	371.186462	-258.386902
4179.562336	288.953827	372.121582	-259.146698
4179.565672	288.953827	373.232025	-260.432495
4179.569000	290.064301	373.524261	-261.835205
4179.572330	290.239624	373.874939	-263.062531
4179.575670	290.590271	374.634705	-264.114532
4179.579003	291.525421	374.926941	-266.335480
4179.582336	291.116302	375.277618	-267.212158
4179.585665	291.700775	375.862061	-268.556396
4179.590337	293.629456	376.914093	-271.770874
4179.593224	294.038574	377.849213	-273.582703
4179.596508	294.389252	377.966095	-274.284058
4179.599874	294.739929	379.135010	-276.388062
4179.603199	295.791931	379.251923	-278.199890
4179.606153	296.376404	380.420807	-281.005249
4179.609454	297.077728	381.940399	-282.700195
4179.612780	297.837524	382.291046	-284.687317
4179.616159	298.772644	382.758606	-287.317352
4179.619458	299.707764	383.109283	-289.421387
4179.622327	300.233795	384.511963	-291.817627
4179.625666	301.110474	385.154877	-294.564575
4179.628992	301.870239	385.797791	-297.779083
4179.632359	303.039185	386.616028	-300.993561
4179.635665	304.441864	387.901794	-303.857391
4179.638992	305.376984	389.070740	-307.130341
4179.642328	306.545868	389.947388	-311.279968
4179.645659	307.422577	391.116302	-314.202209
4179.648987	308.299225	391.876099	-317.592041
4179.652328	308.825256	393.220337	-321.215668
4179.655663	310.695496	393.921692	-324.780823
4179.658990	311.338409	395.441284	-328.287567
4179.662330	312.624207	395.850372	-332.729401
4179.665661	314.026886	396.902405	-336.937469
4179.668991	315.020477	397.545288	-341.379303
4179.672322	315.663361	399.006439	-345.645844
4179.675657	317.007599	400.526001	-349.620117
4179.678989	318.001160	400.701324	-354.704865
4179.682338	319.929871	401.519592	-358.445374
4179.685668	320.689667	403.331360	-363.646973
4179.688991	321.800110	404.149628	-368.439514
4179.692352	323.495026	405.318542	-373.232025
4179.695657	324.079498	406.429016	-376.972534
4179.698985	325.365295	408.065460	-381.589722
4179.703615	327.644653	409.409729	-390.239624
4179.706552	328.345978	410.344849	-395.558136
4179.709888	329.398010	411.747498	-400.935120
4179.713241	330.333130	412.448883	-405.084747
4179.716594	331.502045	413.442413	-410.227905
4179.719446	332.437195	414.260681	-415.371124
4179.722744	333.547638	415.371124	-420.163635
4179.726083	334.424316	416.072449	-425.482178
4179.729414	335.534760	417.358246	-430.274689
4179.732738	336.879028	418.118042	-436.002350
4179.735680	337.463470	418.702515	-441.145508
4179.738986	338.924591	420.280548	-447.516052
4179.742313	339.859711	420.806549	-453.535950
4179.745644	340.093506	421.507874	-459.205139
4179.748991	340.794861	422.033875	-465.166565
4179.752318	342.489777	423.027466	-471.537109
4179.755651	343.191132	423.495056	-478.258331
4179.758982	344.418488	423.787262	-485.680878
4179.762311	345.470490	424.839264	-491.642334
4179.765645	346.697845	425.306854	-498.831085
4179.768985	347.808289	425.657501	-505.084747
4179.772314	348.100525	425.891296	-513.091736
4179.775656	349.561676	426.241974	-519.696106
4179.779000	350.204559	426.475769	-527.118652
4179.782312	350.789032	426.592651	-534.716553
4179.785641	351.607239	427.001770	-542.548218
4179.788981	352.191711	427.352417	-550.204590
4179.792317	353.126831	427.586212	-557.860901
4179.795647	353.769745	427.001770	-566.043213
4179.798977	353.769745	426.826416	-573.641174
4179.802313	354.412628	427.177094	-581.998840
4179.805642	355.639984	426.592651	-591.525391
4179.808979	355.990662	426.534180	-598.714233
4179.813684	356.750427	425.832855	-617.475159
4179.816566	356.867340	424.956177	-625.423706
4179.819909	357.042664	423.728790	-634.307434
4179.823257	357.685577	423.027466	-643.074219
4179.826527	357.802460	422.442993	-652.483948
4179.829822	357.802460	421.566345	-661.016968
4179.832731	356.984222	420.748077	-669.959045
4179.836076	358.153137	419.520752	-679.193420
4179.839400	357.101105	418.585632	-688.544678
4179.842724	357.101105	417.007599	-696.785522
4179.845646	357.218018	415.604919	-706.019897
4179.848970	357.276428	414.143738	-715.663330
4179.852308	356.808868	412.741089	-722.852112
4179.855642	355.698425	411.279968	-732.495605
4179.858992	355.347748	409.409729	-742.255981
4179.862310	355.055511	407.597870	-751.022827
4179.865657	354.178833	406.078339	-761.133850
4179.868971	353.594391	403.798950	-769.491516
4179.872307	352.600800	401.461121	-780.011719
4179.875640	351.431915	399.357117	-790.064270
4179.878970	350.379883	397.136200	-798.655762
4179.882308	349.327881	394.506134	-808.357727
4179.885637	347.983643	391.525421	-818.819458
4179.888967	346.522491	389.012268	-828.170654
4179.892298	345.295135	385.856232	-838.398560
4179.895638	343.834015	382.758606	-848.509583
4179.898968	341.496216	379.836334	-859.205139
4179.902340	341.262421	375.628296	-868.614868
4179.905632	338.924591	371.829346	-879.076599
4179.908969	336.703674	369.257751	-889.479858
4179.912299	334.891876	365.225006	-900.350647
4179.915635	333.138519	360.374054	-911.805908
4179.918963	330.099365	356.341309	-921.390991
4179.922300	328.345978	352.016357	-931.911194
4179.926587	323.319702	342.372864	-953.302185
4179.929891	320.631226	336.586792	-962.945679
4179.933152	317.825836	332.320282	-972.998230
4179.936475	315.078888	326.767975	-983.869080
4179.939822	312.156616	321.449432	-994.798401
4179.942728	308.942139	315.429565	-1005.610779
4179.946094	305.844543	310.169495	-1015.254211
4179.949387	302.045593	304.324951	-1025.189941
4179.952750	298.012848	298.363525	-1035.768555
4179.955632	294.973694	291.817627	-1046.171875
4179.958963	290.531860	285.797791	-1055.523071
4179.962295	287.492706	279.485687	-1065.341919
4179.965653	283.459961	273.290466	-1076.212769
4179.968967	279.018127	266.686157	-1085.505615
4179.972295	275.102295	260.081818	-1095.265991
4179.975631	270.894226	253.828171	-1103.682007
4179.978957	266.218597	247.574524	-1113.383911
4179.982293	261.893616	240.151947	-1122.442993
4179.985625	257.860901	233.781403	-1131.619019
4179.988992	252.776154	226.534195	-1139.976562
4179.992295	249.386337	219.637634	-1147.925171
4179.995639	244.535355	212.156631	-1157.451782
4179.998964	240.035065	204.850952	-1165.692627
4180.002285	235.534760	197.194626	-1175.160645
4180.005624	230.508469	189.012283	-1182.349487
4180.008955	225.657516	182.174164	-1190.356567
4180.012292	220.514328	173.348923	-1198.071289
4180.015625	215.429565	165.809464	-1206.312134
4180.018956	210.695511	157.919342	-1213.968506
4180.022291	204.558731	149.795441	-1220.222046
4180.025620	199.181763	141.496201	-1228.345947
4180.028959	193.278793	133.430740	-1236.353027
4180.032313	187.843369	124.663940	-1243.191162
4180.036543	176.095856	107.481003	-1255.464600
4180.039818	170.075974	98.480423	-1262.244263
4180.043140	164.231445	89.655174	-1268.556396
4180.046470	158.679138	81.355927	-1274.576294
4180.049825	152.659256	72.647568	-1280.713013
4180.052726	146.288712	64.114555	-1285.680908
4180.056070	140.151947	54.704849	-1290.473389
4180.059399	133.781403	46.054939	-1296.551758
4180.062737	128.287552	36.762127	-1300.642822
4180.066068	122.267677	28.579777	-1306.019897
4180.068955	115.897133	19.286966	-1310.403198
4180.072293	109.117470	9.935710	-1314.845093
4180.075649	103.272942	0.818235	-1320.046753
4180.078949	96.376389	-8.299240	-1323.319702
4180.082288	90.824081	-16.773817	-1325.949707
4180.085623	84.161308	-25.774401	-1330.099365
4180.088946	77.966103	-35.359440	-1333.196899
4180.092279	70.835770	-44.243134	-1336.411499
4180.095614	64.757454	-53.009933	-1338.340210
4180.098948	58.153130	-62.945644	-1341.028564
4180.102282	51.548801	-71.244881	-1343.191162
4180.105613	45.178257	-80.303917	-1345.704224
4180.108949	38.573933	-88.720047	-1347.749878
4180.112278	32.963181	-97.486847	-1348.626465
4180.115612	27.060200	-105.260086	-1349.561646
4180.118965	20.864992	-113.851547	-1351.373535
4180.122275	14.552893	-122.384575	-1351.490356
4180.125615	8.065459	-130.742249	-1352.074829
4180.128947	2.980713	-138.690826	-1353.360596
4180.132299	-3.272940	-145.938049	-1353.769653
4180.135612	-9.643483	-154.471069	-1353.126831
4180.138944	-15.371127	-161.776733	-1352.834595
4180.142283	-20.631210	-169.257751	-1352.834595
4180.146908	-32.144947	-184.219757	-1351.607178
4180.149789	-37.112801	-191.700760	-1350.672119
4180.153137	-43.132671	-198.889542	-1349.912354
4180.156483	-48.743423	-205.435425	-1348.743408
4180.159869	-54.120399	-212.565750	-1347.866699
4180.162756	-59.438927	-219.579193	-1346.230347
4180.166058	-64.465225	-226.300400	-1343.892456
4180.169371	-69.842194	-233.547638	-1342.197510
4180.172704	-75.336060	-239.801285	-1340.268799
4180.176026	-80.654587	-246.405609	-1338.398560
4180.178941	-85.330215	-253.243713	-1335.242554
4180.182273	-90.765633	-259.555817	-1332.846313
4180.185610	-95.791939	-265.984802	-1330.157715
4180.188935	-101.052025	-272.705994	-1327.352417
4180.192274	-106.253647	-279.251923	-1324.196289
4180.195607	-110.520157	-284.862671	-1322.209229
4180.198943	-115.020454	-291.466980	-1318.760986
4180.202272	-119.988312	-298.012848	-1314.728271
4180.205610	-125.131500	-303.565155	-1311.630615
4180.208936	-129.631790	-309.234344	-1307.013428
4180.212268	-134.132080	-314.845123	-1304.208130
4180.215602	-138.632385	-320.806549	-1300.876709
4180.218940	-143.366455	-326.592651	-1296.551758
4180.222269	-147.574524	-331.969604	-1293.161865
4180.225607	-151.841034	-337.229675	-1289.129150
4180.228936	-155.815308	-342.489777	-1284.628906
4180.232285	-159.964935	-347.691406	-1280.128540
4180.235624	-163.939209	-352.893036	-1277.381592
4180.238936	-167.562836	-356.925781	-1272.121582
4180.242265	-171.770889	-362.244293	-1267.738159
4180.245606	-175.043839	-366.861481	-1263.705444
4180.248939	-178.667450	-370.660431	-1260.490845
4180.252264	-181.881943	-375.102295	-1254.880127
4180.255599	-185.271774	-378.959686	-1251.139648
4180.259794	-191.408539	-386.557587	-1242.080688
4180.263133	-194.447693	-390.473419	-1238.106323
4180.266518	-197.136169	-394.038574	-1233.196899
4180.269851	-200.409119	-397.545288	-1229.339600
4180.273197	-202.980713	-401.519592	-1224.313232
4180.276038	-206.545883	-404.324951	-1220.105225
4180.279399	-209.117477	-407.247223	-1215.721802
4180.282681	-211.630630	-410.403259	-1212.098267
4180.286013	-214.377548	-413.734680	-1206.545898
4180.288929	-216.890717	-415.838684	-1203.798950
4180.292262	-219.053192	-419.812958	-1198.480469
4180.295595	-222.033905	-421.917023	-1195.616577
4180.298927	-224.488586	-425.131500	-1191.525513
4180.302259	-226.592636	-427.761566	-1186.674561
4180.305598	-229.339569	-429.982483	-1181.998779
4180.308928	-232.144958	-432.904724	-1178.024536
4180.312256	-233.781403	-434.950317	-1173.524292
4180.315590	-235.826996	-437.989471	-1169.725342
4180.318924	-237.989471	-440.093506	-1165.283447
4180.322269	-239.625961	-442.431305	-1161.484497
4180.325596	-241.963776	-444.535339	-1156.984253
4180.328924	-243.658691	-446.697845	-1153.535889
4180.332259	-245.528931	-448.860321	-1149.035645
4180.335593	-247.165390	-450.379883	-1144.418457
4180.338920	-249.620102	-452.834595	-1140.502686
4180.342283	-251.022797	-454.763306	-1136.528320
4180.345592	-253.009933	-457.042633	-1131.560547
4180.348924	-254.646393	-458.854492	-1128.112183
4180.352292	-255.932205	-461.016937	-1124.371704
4180.355589	-257.568665	-462.478058	-1120.806519
4180.358920	-259.380493	-464.231445	-1115.780273
4180.362253	-260.724701	-466.627686	-1112.273560
4180.365604	-262.419617	-467.621277	-1108.007080
4180.370216	-265.458801	-470.660461	-1101.110474
4180.373133	-266.218597	-472.413788	-1097.954346
4180.376478	-267.445953	-473.290497	-1094.389282
4180.379854	-268.381073	-474.517822	-1091.116333
4180.383191	-269.725311	-476.680328	-1088.369385
4180.386018	-270.835754	-478.667450	-1084.453613
4180.389347	-271.946228	-479.485718	-1081.823486
4180.392678	-272.355347	-481.297485	-1079.018066
4180.396041	-274.284058	-481.823486	-1076.563477
4180.398918	-274.868500	-482.466400	-1072.939819
4180.402252	-276.037415	-483.810608	-1071.420166
4180.405585	-276.446533	-484.687317	-1068.439453
4180.408922	-277.440094	-485.154877	-1066.101685
4180.412255	-278.024567	-486.382233	-1063.997681
4180.415590	-277.907654	-486.499115	-1061.835205
4180.418917	-278.959686	-487.784912	-1059.497314
4180.422247	-280.070129	-488.135590	-1057.744019
4180.425582	-280.946808	-488.194031	-1056.282959
4180.428919	-281.239044	-489.246033	-1054.354248
4180.432248	-282.349518	-489.655151	-1052.717651
4180.435578	-283.226166	-489.479828	-1050.613647
4180.438929	-283.810638	-489.772095	-1048.626465
4180.442246	-284.453522	-490.707214	-1047.282349
4180.445600	-284.745758	-491.057861	-1045.645752
4180.448918	-285.680878	-491.467010	-1044.009277
4180.452254	-285.447083	-491.876068	-1042.840454
4180.455577	-286.148437	-493.161926	-1040.853271
4180.458911	-286.499115	-492.168335	-1040.151978
4180.462252	-287.258911	-492.869659	-1039.333740
4180.465584	-287.142029	-493.395660	-1037.580444
4180.468912	-287.960266	-493.629456	-1035.885376
4180.472249	-288.953827	-494.155457	-1034.775024
4180.475580	-289.012268	-494.973694	-1034.015137
4180.479778	-288.953827	-495.032166	-1031.911133
4180.483150	-289.713623	-495.324371	-1030.742310
4180.486536	-289.538300	-496.025696	-1029.807129
4180.489831	-290.005859	-495.675049	-1028.930420
4180.492684	-290.531860	-495.324371	-1029.398071
4180.496022	-290.765656	-496.317963	-1027.995361
4180.499341	-290.882507	-496.668640	-1027.527832
4180.502658	-291.116302	-496.434845	-1026.241943
4180.506004	-291.291656	-496.843964	-1027.001709
4180.508915	-291.233215	-496.727051	-1027.118652
4180.512244	-291.057861	-497.369965	-1026.768066
4180.515577	-291.700775	-497.077759	-1026.943359
4180.518907	-290.882507	-497.136169	-1027.293945
4180.522234	-291.291656	-496.785492	-1028.112183
4180.525591	-291.700775	-495.850372	-1028.521362
4180.528904	-290.882507	-495.675049	-1029.456421
4180.532237	-291.057861	-495.908844	-1029.924072
4180.535570	-290.531860	-495.675049	-1030.333130
4180.538910	-290.590271	-495.324371	-1030.450073
4180.542234	-290.414948	-495.207489	-1031.794312
4180.545610	-290.298096	-494.973694	-1032.963135
4180.548903	-290.239624	-494.155457	-1034.482788
4180.552238	-289.538300	-494.272369	-1034.482788
4180.555572	-289.479828	-493.570984	-1036.703735
4180.558907	-288.953827	-493.103455	-1037.346558
4180.562236	-289.246063	-492.694336	-1039.742798
4180.565568	-288.603149	-492.051422	-1040.327271
4180.568934	-288.427826	-491.408539	-1042.197510
4180.572230	-288.252472	-490.940948	-1042.898804
4180.575564	-287.434235	-491.233215	-1045.061401
4180.578903	-287.142029	-489.947418	-1047.106934
4180.582243	-286.440674	-489.538300	-1048.743408
4180.586931	-285.388672	-488.544708	-1052.308594
4180.589823	-285.973114	-487.375793	-1054.295776
4180.593164	-285.096436	-486.499115	-1056.341309
4180.596545	-284.862671	-486.499115	-1058.036255
4180.599748	-283.869080	-485.271790	-1059.906494
4180.602663	-283.226166	-485.037994	-1061.367554
4180.605993	-282.700195	-483.985992	-1063.296265
4180.609320	-282.524841	-483.109283	-1066.218506
4180.612681	-281.765045	-482.524811	-1068.614868
4180.615995	-280.420807	-481.706604	-1070.601929
4180.618895	-280.128571	-481.297485	-1073.231934
4180.622226	-279.427246	-480.303894	-1074.927002
4180.625567	-278.725891	-478.842773	-1077.498535
4180.628894	-278.258331	-477.323212	-1080.654663
4180.632229	-277.147858	-476.621857	-1083.226196
4180.635559	-276.329651	-475.277618	-1085.388672
4180.638898	-275.803619	-473.758026	-1088.544800
4180.642227	-275.160706	-472.881378	-1091.700684
4180.645562	-273.582703	-471.887787	-1094.447754
4180.648924	-273.056702	-470.718872	-1096.551758
4180.652231	-272.472229	-469.900665	-1100.526001
4180.655576	-271.303314	-468.147278	-1102.279419
4180.658894	-269.842194	-466.803040	-1106.721191
4180.662224	-269.199310	-465.458771	-1109.117554
4180.665563	-267.796600	-463.705444	-1112.448853
4180.668892	-266.043243	-462.361206	-1115.371094
4180.672222	-265.575684	-461.192261	-1118.702515
4180.675557	-263.588562	-459.263611	-1123.085937
4180.678894	-262.770325	-457.744019	-1126.358887
4180.682223	-261.367645	-456.224426	-1130.625366
4180.685553	-260.198700	-454.880188	-1134.015137
4180.688889	-258.620697	-452.776154	-1136.703735
4180.692223	-256.867340	-451.139679	-1141.262451
4180.696897	-254.471069	-446.756256	-1148.100586
4180.699833	-252.717712	-444.944489	-1152.191772
4180.703160	-250.964355	-442.840424	-1155.406250
4180.706406	-249.269440	-441.496185	-1159.263672
4180.709739	-247.749847	-439.158386	-1162.361084
4180.712657	-246.230270	-436.762146	-1166.919922
4180.715983	-244.593811	-434.307434	-1170.601929
4180.719311	-243.249557	-432.203400	-1173.933350
4180.722648	-241.320877	-430.274689	-1177.615479
4180.725971	-239.567490	-427.527771	-1181.531250
4180.728885	-238.047928	-425.248383	-1185.096436
4180.732221	-236.469910	-422.618347	-1189.596802
4180.735550	-234.073639	-420.514282	-1192.519043
4180.738882	-232.086487	-418.351837	-1196.902344
4180.742230	-230.625366	-415.780273	-1200.233765
4180.745553	-228.404449	-413.150208	-1203.915894
4180.748880	-226.417297	-410.286377	-1207.714722
4180.752222	-224.079483	-408.065460	-1212.215088
4180.755552	-222.735245	-405.201630	-1215.663330
4180.758881	-220.806549	-402.513184	-1219.520752
4180.762216	-218.059616	-399.532440	-1222.384521
4180.765550	-215.721802	-397.019287	-1226.358887
4180.768881	-213.617783	-393.804779	-1228.988892
4180.772214	-211.689072	-391.291656	-1233.781494
4180.775545	-209.409714	-387.784912	-1237.580444
4180.778880	-207.013443	-384.395111	-1239.509155
4180.782216	-204.324966	-381.940399	-1244.126221
4180.785557	-201.928680	-378.375214	-1247.983643
4180.788876	-199.473984	-375.452942	-1250.555176
4180.792214	-196.960846	-372.180023	-1255.347778
4180.795547	-194.330795	-368.322601	-1259.088257
4180.798877	-192.051437	-364.991241	-1262.185913
4180.802210	-188.836929	-361.542969	-1265.692627
4180.806471	-182.817062	-354.120392	-1272.472168
4180.809746	-180.011688	-349.795441	-1276.446533
4180.813055	-177.089417	-346.171844	-1279.310303
4180.816390	-173.758041	-342.431335	-1282.407959
4180.819751	-170.601990	-338.632355	-1286.089966
4180.822677	-167.387497	-334.774994	-1288.369385
4180.825964	-164.114563	-330.216248	-1292.051392
4180.829328	-161.367615	-326.241974	-1295.090576
4180.832658	-158.386917	-321.858582	-1297.837524
4180.835988	-155.230850	-317.942719	-1300.409180
4180.838875	-151.665680	-313.442413	-1303.272949
4180.842207	-148.860306	-309.409729	-1306.721191
4180.845543	-144.769150	-304.909424	-1308.766846
4180.848878	-141.437759	-300.350677	-1311.104614
4180.852208	-137.814148	-295.558136	-1314.377563
4180.855542	-134.950317	-290.940979	-1316.481567
4180.858873	-131.326706	-286.090027	-1319.637695
4180.862203	-127.761543	-281.589722	-1321.858643
4180.865578	-125.014618	-276.680298	-1324.020996
4180.868870	-121.157219	-271.887787	-1325.774414
4180.872205	-117.592049	-267.153717	-1327.586182
4180.875541	-114.260658	-262.419617	-1330.508545
4180.878873	-110.111046	-257.334900	-1333.313843
4180.882198	-106.487427	-252.367050	-1334.424316
4180.885535	-102.571594	-247.574524	-1335.885376
4180.888866	-98.597313	-242.898895	-1337.521973
4180.892205	-95.558151	-238.340164	-1339.275269
4180.895531	-91.817650	-233.606079	-1340.853271
4180.898868	-87.784920	-227.761551	-1342.139038
4180.902201	-84.336647	-222.443008	-1343.366455
4180.905529	-80.829926	-217.708939	-1344.885986
4180.908937	-77.030975	-212.565750	-1345.236694
4180.912212	-73.056694	-207.247238	-1347.574463
4180.915539	-69.433083	-202.104050	-1347.632935
4180.919714	-61.192287	-191.583878	-1348.918701
4180.923050	-57.042664	-186.557571	-1350.204590
4180.926388	-53.302162	-180.829926	-1351.081299
4180.929737	-49.561657	-175.686722	-1351.607178
4180.933097	-45.119812	-170.368210	-1351.548828
4180.935981	-41.203976	-164.699005	-1352.542358
4180.939319	-37.931034	-159.380478	-1352.074829
4180.942644	-32.787846	-153.302155	-1353.185303
4180.945975	-27.995323	-147.808304	-1353.360596
4180.948868	-24.371712	-142.723541	-1352.893066
4180.952225	-19.520748	-137.346573	-1352.425537
4180.955529	-15.721800	-131.385162	-1352.717651
4180.958876	-11.922852	-125.774399	-1352.600830
4180.962198	-7.714787	-120.163643	-1351.431885
4180.965528	-3.623612	-114.611343	-1351.139648
4180.968863	1.402689	-108.766808	-1350.204590
4180.972201	5.669199	-102.922272	-1349.736938
4180.975525	9.526592	-96.902397	-1348.158936
4180.978866	13.383986	-91.116310	-1347.925171
4180.982197	17.358271	-85.739334	-1347.048462
4180.985525	22.267679	-79.602570	-1345.236694
4180.988859	26.066628	-73.290474	-1344.126221
4180.992196	30.099356	-67.855057	-1343.249634
4180.995543	33.898308	-62.010521	-1341.905273
4180.998854	38.573933	-56.107540	-1339.333740
4181.002193	42.606663	-50.438339	-1337.755737
4181.005525	46.171829	-44.710697	-1337.171265
4181.008867	49.678551	-39.216831	-1335.359497
4181.012187	54.120399	-33.196960	-1333.664551
4181.015527	58.036240	-27.235535	-1331.619019
4181.018855	61.952072	-21.566336	-1329.631836
4181.022189	66.160141	-16.598480	-1327.586182
4181.025558	69.725304	-10.812390	-1325.891357
4181.030142	77.498535	0.175336	-1320.222046
4181.033074	81.239037	6.253653	-1317.884277
4181.036413	85.213326	10.987726	-1315.429565
4181.039744	89.830505	16.540035	-1312.448853
4181.043121	93.337234	21.741673	-1309.818848
4181.045975	96.785507	27.118645	-1307.013428
4181.049295	100.116898	32.320282	-1305.376953
4181.052609	104.266510	37.112801	-1302.220947
4181.055942	108.123901	42.489773	-1299.181763
4181.059274	112.098190	47.574516	-1296.259521
4181.062184	115.897133	52.951492	-1293.804810
4181.065517	119.462296	58.211571	-1290.531860
4181.068873	123.845711	63.062538	-1286.908203
4181.072183	127.235535	68.205727	-1284.570435
4181.075522	131.151382	73.933372	-1280.888428
4181.078849	134.248978	79.251900	-1277.440063
4181.082184	137.931030	84.102859	-1274.927002
4181.085515	141.788422	88.953827	-1271.011108
4181.088857	145.236710	93.804794	-1267.972046
4181.092183	148.334320	98.947983	-1263.822388
4181.095516	151.899475	103.565170	-1261.367554
4181.098870	155.347748	108.299240	-1257.042725
4181.102184	158.562241	113.676216	-1253.769653
4181.105528	162.068970	118.001160	-1249.620117
4181.108857	165.575684	123.144363	-1246.230347
4181.112192	168.731735	128.579788	-1242.314453
4181.115513	171.653992	133.080063	-1238.223267
4181.118852	174.576263	138.047928	-1234.073608
4181.122180	177.673874	142.431335	-1230.274658
4181.125506	181.180603	147.282288	-1226.008179
4181.128845	184.395081	152.074814	-1222.150757
4181.132178	187.960251	156.808884	-1217.884277
4181.135516	190.239624	160.841614	-1214.202271
4181.140168	195.675034	169.842194	-1205.902954
4181.143080	199.006424	173.816483	-1201.870239
4181.146438	202.454712	178.375214	-1198.655762
4181.149763	204.324966	182.407959	-1194.213867
4181.153102	207.305664	186.382233	-1191.291626
4181.156374	209.935715	190.473404	-1185.973022
4181.159264	212.624191	193.980133	-1182.349487
4181.162600	215.312668	197.895966	-1178.901245
4181.165943	217.650482	201.753357	-1173.816528
4181.169264	219.871429	205.727646	-1169.900635
4181.172171	222.559906	209.234360	-1166.276978
4181.175510	224.839279	212.624191	-1162.244263
4181.178855	227.352432	216.715363	-1158.386841
4181.182169	229.573349	219.345398	-1154.412598
4181.185512	232.320282	223.261261	-1150.263062
4181.188843	234.541199	226.241974	-1145.937988
4181.192169	237.054352	229.398010	-1141.788330
4181.195501	239.099930	232.963181	-1137.521973
4181.198839	241.145538	236.236115	-1133.138550
4181.202168	243.132660	239.509064	-1129.164185
4181.205514	245.002914	241.729980	-1125.599121
4181.208841	247.106964	244.710678	-1121.157227
4181.212172	249.327881	248.334320	-1116.949219
4181.215502	251.431915	251.373459	-1113.559326
4181.218832	253.419037	254.061966	-1109.176025
4181.222203	255.464645	257.101105	-1104.909424
4181.225499	257.276428	259.731140	-1100.526001
4181.228830	259.205139	262.770325	-1096.785522
4181.232167	261.192261	265.166565	-1093.337280
4181.235502	263.120972	268.439514	-1088.603149
4181.238832	264.757446	271.011108	-1084.921021
4181.242172	266.627686	273.933350	-1081.122070
4181.245503	268.614838	277.323212	-1076.680298
4181.248833	269.900635	279.485687	-1072.530640
4181.253096	273.056702	284.862671	-1064.932861
4181.256472	274.284058	287.843384	-1061.250732
4181.259754	275.628296	289.538300	-1056.984253
4181.263010	277.615417	292.051422	-1053.185303
4181.266384	279.485687	294.272339	-1049.211060
4181.269250	280.596130	296.843964	-1045.879639
4181.272596	281.998840	298.655762	-1041.437744
4181.275930	283.284637	301.110474	-1038.749268
4181.279254	285.096436	303.331360	-1034.599731
4181.282162	286.557587	305.084747	-1030.975952
4181.285502	287.843384	307.656342	-1026.943359
4181.288828	288.953827	309.643494	-1023.787231
4181.292166	289.421387	311.455292	-1020.923401
4181.295517	290.356506	313.267090	-1017.592041
4181.298824	292.694336	315.546478	-1014.377563
4181.302220	293.571014	317.475159	-1010.870850
4181.305500	294.973694	319.111633	-1007.714722
4181.308837	295.733490	320.455872	-1003.915894
4181.312162	297.077728	322.618347	-1001.811768
4181.315489	298.071320	324.021027	-999.064819
4181.318833	298.714203	325.306854	-994.622986
4181.322157	299.707764	326.475739	-991.466980
4181.325490	300.935120	328.813538	-988.836975
4181.328829	301.987152	329.573334	-986.265381
4181.332158	302.863800	331.443604	-982.992371
4181.335494	303.798950	332.963196	-980.245483
4181.338843	304.967865	334.365875	-977.440063
4181.342162	305.669189	335.651672	-974.400879
4181.345486	307.013428	336.995911	-970.952698
4181.348827	307.831665	338.983063	-968.556396
4181.352164	308.065460	339.567505	-965.575684
4181.355491	308.883698	340.911743	-963.004089
4181.358821	309.935699	342.781982	-960.198669
4181.363087	311.046173	345.236694	-954.938599
4181.366428	311.805969	345.938049	-952.776123
4181.369709	312.390411	347.282288	-950.321472
4181.373001	313.267090	348.451202	-947.749878
4181.376324	314.260681	349.269440	-946.230347
4181.379250	314.728241	350.438324	-942.840454
4181.382586	315.780243	351.665680	-939.742859
4181.385911	316.130920	352.542389	-937.463501
4181.389263	316.715363	353.652832	-935.943909
4181.392155	317.650482	354.821747	-934.307373
4181.395481	317.767395	355.406189	-931.502075
4181.398815	318.410278	355.932220	-929.281128
4181.402199	319.111633	357.568665	-927.469360
4181.405482	319.520752	357.451782	-925.306824
4181.408816	319.579193	359.614258	-923.962585
4181.412179	320.222107	359.789581	-922.092346
4181.415485	320.689667	360.549377	-920.280579
4181.418816	321.274109	361.893616	-917.825806
4181.422148	321.624786	362.127411	-916.598511
4181.425490	321.858582	362.887207	-915.137390
4181.428818	322.501465	363.880768	-913.676147
4181.432145	323.553467	364.231445	-911.572144
4181.435481	323.611938	365.108124	-910.695435
4181.438818	323.670349	365.400360	-908.474548
4181.442144	323.319702	365.692566	-907.247253
4181.445483	324.079498	366.510834	-906.019897
4181.448812	324.196381	367.095245	-905.143188
4181.452145	324.956146	367.212158	-903.331360
4181.455500	325.482178	367.504395	-902.688477
4181.458817	325.131500	368.381073	-901.753357
4181.462149	325.832855	368.497955	-900.175354
4181.465473	326.241974	369.783752	-898.305115
4181.468813	326.767975	369.374634	-897.662170
4181.473423	326.826416	369.842194	-895.032104
4181.476326	326.592651	369.725311	-894.856812
4181.479669	327.527771	370.485077	-894.272339
4181.483010	327.060211	370.718872	-892.460510
4181.486345	327.586212	370.894226	-891.759216
4181.489258	328.053772	371.303314	-891.466980
4181.492595	328.112213	371.654022	-890.531799
4181.495919	328.638214	371.537109	-890.239624
4181.499259	328.404449	371.887787	-889.888977
4181.502142	328.930450	372.705994	-888.544739
4181.505474	328.638214	372.589142	-888.486267
4181.508803	329.573334	372.881378	-888.252441
4181.512146	329.281128	372.939789	-887.375854
4181.515473	329.105774	372.589142	-887.434265
4181.518804	329.456451	373.115143	-886.265381
4181.522140	329.164246	372.822906	-886.440674
4181.525475	329.690247	372.530670	-886.499146
4181.528806	330.157806	372.939789	-886.499146
4181.532141	329.982483	373.056702	-886.440674
4181.535466	330.216248	372.705994	-885.973083
4181.538807	330.274689	373.173584	-886.089966
4181.542141	330.216248	372.647583	-886.265381
4181.545467	330.216248	373.173584	-886.557556
4181.548805	330.099365	372.939789	-886.499146
4181.552137	330.274689	373.348938	-886.499146
4181.555473	330.099365	372.589142	-886.206909
4181.558807	330.040894	372.589142	-886.966675
4181.562133	330.274689	372.530670	-886.908264
4181.565488	329.748688	372.530670	-887.434265
4181.568800	329.631805	372.881378	-887.083557
4181.572135	329.514923	372.355347	-887.551147
4181.575465	329.514923	371.946228	-888.018677
4181.578832	329.748688	371.770874	-888.603088
4181.583437	329.281128	371.946228	-889.713562
4181.586356	329.047333	371.069550	-891.116333
4181.589673	328.872009	371.361786	-891.466980
4181.593057	328.930450	370.426666	-892.986572
4181.596382	328.872009	370.426666	-893.337280
4181.599249	328.755127	369.666870	-894.213867
4181.602596	328.579773	369.257751	-894.213867
4181.605887	328.404449	368.907074	-896.201050
4181.609230	327.761566	368.848633	-896.727112
4181.612557	328.638214	368.614838	-897.545349
4181.615464	328.229126	368.205750	-898.714172
4181.618797	327.995331	367.971954	-899.941528
4181.622163	327.235535	367.153717	-901.344177
4181.625465	327.703094	366.686157	-902.571594
4181.628795	327.177094	366.744598	-903.331360
4181.632133	327.060211	365.634125	-904.208069
4181.635467	327.118622	365.108124	-905.435364
4181.638790	326.358856	364.699005	-906.662720
4181.642125	326.008179	364.699005	-908.416199
4181.645465	325.599060	363.237885	-909.760376
4181.648799	325.423706	363.120972	-911.513733
4181.652128	325.014618	362.419617	-912.565735
4181.655481	325.073059	361.309174	-913.267151
4181.658823	324.488586	360.958496	-915.838745
4181.662132	324.371704	360.724701	-917.182922
4181.665492	324.021027	359.731140	-918.585571
4181.668793	323.728821	359.438934	-920.631226
4181.672130	323.611938	358.912933	-921.390991
4181.675461	323.085907	358.094696	-923.962585
4181.678789	322.209229	357.393341	-925.774414
4181.682119	322.267670	356.399780	-927.352417
4181.685458	321.274109	355.523071	-929.573364
4181.688793	321.040314	354.821747	-931.618958
4181.692122	320.689667	353.945068	-932.203369
4181.696334	319.579193	352.776154	-936.586792
4181.699665	319.462311	351.841034	-938.573914
4181.703039	318.410278	351.022797	-940.327271
4181.706403	318.001160	350.321472	-942.080688
4181.709248	317.241394	348.568085	-945.295166
4181.712542	317.007599	348.217407	-946.873169
4181.715880	316.481598	346.756287	-948.977173
4181.719211	316.072449	345.645844	-951.198120
4181.722536	315.312683	344.944489	-953.477478
4181.725453	314.202209	343.834015	-955.581543
4181.728786	314.202209	343.191132	-957.860962
4181.732114	313.208649	342.022217	-960.198669
4181.735449	312.507294	340.853302	-962.185852
4181.738782	311.747528	340.093506	-964.523682
4181.742116	311.630615	338.807739	-967.095276
4181.745445	310.929260	337.171234	-969.374634
4181.748784	310.637054	336.060791	-972.004700
4181.752121	309.818817	334.424316	-974.576294
4181.755445	308.533020	333.313843	-976.797180
4181.758833	308.065460	332.261810	-979.310303
4181.762121	307.130341	331.034485	-981.881897
4181.765445	306.604309	329.631805	-984.395142
4181.768781	306.838104	327.410858	-987.551147
4181.772116	305.786072	326.709534	-990.005859
4181.775445	304.617187	325.423706	-992.869690
4181.778782	303.506744	324.021027	-995.382812
4181.782109	303.097595	322.559906	-998.305115
4181.785449	302.630035	320.981873	-1000.818237
4181.788777	301.578033	319.053192	-1003.448303
4181.792110	300.116882	317.825836	-1005.844482
4181.795486	300.058441	316.540039	-1009.935669
4181.798783	299.006439	314.611328	-1011.981323
4181.802112	297.779083	313.267090	-1014.552856
4181.806329	295.733490	310.286377	-1020.455811
4181.809700	294.856812	308.357697	-1022.209290
4181.813026	293.220337	306.955017	-1026.417236
4181.816355	292.460571	305.610748	-1029.748779
4181.819649	291.466980	303.857391	-1032.203369
4181.822525	290.590271	301.928680	-1034.541260
4181.825871	289.538300	300.292236	-1037.872559
4181.829202	288.544708	298.714203	-1040.327271
4181.832545	287.142029	296.785492	-1043.892456
4181.835865	286.206879	294.856812	-1046.230347
4181.838809	285.154877	292.694336	-1050.146118
4181.842108	283.985962	291.408539	-1052.776123
4181.845438	282.817078	289.596710	-1055.815308
4181.848771	281.589722	287.142029	-1058.854492
4181.852103	280.245483	285.213318	-1061.601440
4181.855514	278.842773	283.401520	-1065.108154
4181.858776	278.024567	281.648163	-1069.140869
4181.862102	276.329651	279.076538	-1071.303345
4181.865436	275.043854	277.264771	-1073.875000
4181.868779	273.874939	275.569855	-1078.258301
4181.872103	272.647583	273.290466	-1080.420776
4181.875439	271.069550	271.186462	-1084.511963
4181.878773	269.900635	268.731750	-1086.382202
4181.882145	268.497955	266.569244	-1090.005859
4181.885436	267.153717	264.348328	-1092.811157
4181.888779	265.692566	261.776733	-1096.201050
4181.892106	264.173004	259.789581	-1099.357178
4181.895436	262.711853	257.334900	-1102.746948
4181.898768	261.250732	255.113953	-1105.435425
4181.902098	260.549377	252.542374	-1110.286377
4181.905436	258.971344	250.379898	-1112.916504
4181.908766	257.393341	248.217422	-1115.546387
4181.912099	256.224426	245.879608	-1118.118042
4181.916424	253.126831	240.853302	-1124.722412
4181.919688	251.724152	238.924591	-1127.703125
4181.922967	250.146103	236.645248	-1131.151367
4181.926322	248.568085	234.073639	-1133.255371
4181.929607	246.873169	231.560486	-1137.229736
4181.932534	244.944473	228.755112	-1140.561157
4181.935861	243.775558	226.475739	-1143.483398
4181.939185	241.379303	224.371719	-1146.931641
4181.942537	239.801285	221.274109	-1149.912354
4181.945883	238.807724	219.053192	-1152.659180
4181.948765	237.054352	216.540024	-1156.049072
4181.952149	235.417892	214.319107	-1158.679077
4181.955444	233.080078	211.513733	-1161.601440
4181.958760	231.443604	209.000580	-1164.640503
4181.962093	230.099365	206.078308	-1168.264160
4181.965427	227.819992	203.915833	-1171.361694
4181.968796	226.651077	200.642899	-1173.816528
4181.972091	224.313263	198.363525	-1177.147827
4181.975433	222.501465	195.382828	-1179.485718
4181.978760	221.391006	193.278793	-1182.115723
4181.982091	218.936295	189.772064	-1184.570435
4181.985422	216.949158	187.258911	-1188.135620
4181.988764	215.371124	184.395081	-1190.823975
4181.992090	213.150208	182.291061	-1194.506226
4181.995429	211.513733	178.609009	-1197.311523
4181.998756	209.117477	175.628296	-1199.006470
4182.002094	207.130341	172.530685	-1202.571533
4182.005423	205.493851	170.017532	-1204.909424
4182.008757	203.623611	167.036819	-1208.591431
4182.012111	201.811813	164.465225	-1210.870850
4182.015424	199.824661	160.783173	-1213.325439
4182.018754	197.837524	157.919342	-1215.897217
4182.022090	195.382828	155.172424	-1217.942749
4182.025466	193.512573	152.483932	-1221.741699
4182.029608	189.713623	145.821152	-1226.300415
4182.032932	188.018707	143.950897	-1229.807129
4182.036292	185.622437	140.502625	-1231.502075
4182.039628	183.167740	137.405029	-1234.891846
4182.042550	180.829926	134.541199	-1236.586792
4182.045840	179.310349	131.618942	-1239.567505
4182.049199	177.966110	128.404434	-1241.846802
4182.052538	176.212738	125.365280	-1244.418457
4182.055952	173.699600	122.326126	-1246.697754
4182.058754	171.244888	119.520744	-1249.386353
4182.062089	169.316177	116.306259	-1250.613647
4182.065420	167.387497	113.267097	-1253.828125
4182.068750	165.283463	109.994164	-1256.692017
4182.072087	163.237869	106.662773	-1258.562256
4182.075417	161.075394	103.448273	-1261.133911
4182.078749	158.912918	100.818237	-1262.127441
4182.082085	156.925781	98.071304	-1264.289795
4182.085415	154.295731	94.915253	-1266.569214
4182.088752	152.425476	91.817650	-1269.257690
4182.092082	150.321442	89.012268	-1270.952759
4182.095412	148.334320	86.791351	-1273.231934
4182.098770	146.347168	83.167740	-1274.810059
4182.102077	144.126236	80.303917	-1277.264771
4182.105411	141.729980	77.089424	-1279.544189
4182.108749	139.801285	74.108711	-1280.829956
4182.112079	137.755707	71.537109	-1283.284668
4182.115409	134.599655	67.971947	-1285.680908
4182.118747	133.255417	64.932785	-1287.375854
4182.122100	130.976028	62.068962	-1289.187622
4182.125415	128.638214	58.620689	-1291.233154
4182.128747	127.352432	55.172413	-1293.045044
4182.132075	124.839272	52.600819	-1293.980103
4182.135410	122.443024	49.444767	-1295.499756
4182.140060	118.118057	43.366451	-1299.415527
4182.142947	115.955582	41.262421	-1301.870239
4182.146280	113.851547	37.872589	-1302.454712
4182.149621	111.630630	34.541206	-1304.208130
4182.153000	109.585037	31.560490	-1305.201660
4182.155857	107.422554	28.930450	-1306.662720
4182.159249	104.500290	26.183519	-1309.292847
4182.162507	103.097603	23.611923	-1310.169556
4182.165844	100.701347	20.397429	-1311.396851
4182.169168	98.597313	16.773817	-1313.033325
4182.172080	96.551720	14.377557	-1314.319092
4182.175406	94.915253	11.572180	-1315.663330
4182.178736	92.811218	9.117476	-1317.299805
4182.182075	90.882523	5.902981	-1318.527222
4182.185431	89.129166	3.506721	-1320.338989
4182.188739	87.025131	0.467563	-1320.631226
4182.192068	84.804207	-3.506721	-1321.741699
4182.195403	82.349503	-5.844535	-1322.793701
4182.198733	81.005257	-8.649913	-1324.663940
4182.202066	79.427238	-10.987726	-1325.189941
4182.205401	76.797195	-13.851549	-1326.592651
4182.208738	75.219170	-16.540035	-1328.404419
4182.212070	73.115143	-19.170076	-1328.287476
4182.215407	71.303329	-21.858562	-1329.748779
4182.218766	68.965515	-24.371712	-1330.917603
4182.222066	67.153709	-26.300409	-1332.437134
4182.225404	65.575691	-29.456457	-1332.612549
4182.228758	63.530098	-31.443600	-1334.249023
4182.232065	61.133839	-34.132088	-1335.301025
4182.235405	59.497368	-36.586792	-1335.301025
4182.238731	57.451786	-39.509056	-1335.885376
4182.242070	55.639977	-41.671539	-1337.112793
4182.245400	53.769726	-44.652252	-1337.989502
4182.248738	52.308590	-47.632961	-1339.684448
4182.252963	48.334305	-51.724136	-1339.625977
4182.256264	46.580948	-54.237289	-1341.145508
4182.259669	44.184689	-56.575100	-1342.080688
4182.263051	42.782001	-58.796024	-1342.431396
4182.266282	41.671539	-61.192287	-1343.658691
4182.269161	39.333721	-63.705437	-1343.424927
4182.272525	37.814144	-66.160141	-1343.366455
4182.275821	36.645237	-68.264175	-1343.658691
4182.279156	34.774986	-70.251312	-1345.762695
4182.282060	32.670956	-72.647568	-1344.827515
4182.285392	31.385153	-75.043831	-1345.353638
4182.288728	29.690239	-77.440094	-1345.937988
4182.292062	27.819988	-80.011688	-1347.866699
4182.295394	25.949738	-81.648163	-1346.639404
4182.298734	24.780828	-83.985970	-1347.925171
4182.302056	23.378141	-85.914673	-1347.749878
4182.305395	22.092344	-87.843361	-1348.042114
4182.308727	20.806547	-90.473404	-1348.684937
4182.312066	18.936295	-92.226768	-1349.386353
4182.315398	17.708942	-94.097015	-1349.211060
4182.318737	16.072474	-96.084160	-1349.386353
4182.322065	14.377557	-98.831093	-1349.795410
4182.325394	12.857978	-100.759796	-1349.736938
4182.328721	11.513735	-102.220932	-1351.139648
4182.332055	10.227938	-104.091179	-1351.665649
4182.335396	8.533022	-106.019867	-1351.256592
4182.338726	7.188778	-107.364120	-1350.847412
4182.342060	6.487434	-109.175919	-1351.373535
4182.345410	5.143191	-110.753944	-1351.724121
4182.348721	3.974284	-112.857971	-1351.957886
4182.352062	2.571596	-114.143776	-1351.022827
4182.355389	0.409117	-116.014030	-1351.198120
4182.358729	-1.227352	-118.118057	-1352.542358
4182.363398	-3.389831	-121.215668	-1353.185303
4182.366351	-4.324956	-123.027466	-1352.834595
4182.369641	-5.961426	-124.663940	-1353.652832
4182.372979	-7.364114	-125.949738	-1352.776123
4182.376274	-8.007013	-127.235535	-1353.535889
4182.379153	-9.292811	-128.871994	-1352.425537
4182.382478	-10.929281	-130.099350	-1353.360596
4182.385810	-11.864407	-131.560486	-1353.769653
4182.389151	-13.325541	-132.846283	-1352.951538
4182.392473	-14.202221	-134.541199	-1354.003540
4182.395382	-15.312682	-135.184097	-1354.295776
4182.398715	-16.364700	-137.288147	-1353.652832
4182.402057	-17.066044	-137.931030	-1353.185303
4182.405381	-18.059614	-139.333725	-1354.354248
4182.408718	-19.053185	-140.561081	-1354.354248
4182.412088	-20.338982	-142.080658	-1354.120361
4182.415382	-20.864992	-143.074219	-1353.185303
4182.418752	-21.507891	-144.184692	-1352.893066
4182.422051	-22.852133	-145.587372	-1353.652832
4182.425384	-23.845703	-146.522491	-1354.587891
4182.428719	-23.904150	-147.925186	-1353.652832
4182.432063	-24.605494	-148.392746	-1353.769653
4182.435380	-25.599066	-149.678558	-1353.009888
4182.438714	-26.358854	-150.613678	-1351.957886
4182.442050	-27.118645	-151.841034	-1352.834595
4182.445382	-28.462887	-153.009933	-1352.834595
4182.448713	-28.755114	-153.945068	-1353.243774
4182.452051	-28.813559	-154.295731	-1353.769653
4182.455385	-29.164230	-155.172424	-1353.009888
4182.458717	-30.859146	-155.581528	-1353.360596
4182.462070	-31.852718	-156.925781	-1352.951538
4182.465381	-31.969610	-157.685562	-1352.834595
4182.468709	-32.495617	-158.270020	-1353.360596
4182.472046	-32.846291	-159.029800	-1353.594360
4182.476300	-34.307423	-160.724716	-1353.886597
4182.479628	-34.950321	-161.484512	-1353.945068
4182.482886	-35.125656	-162.010513	-1353.945068
4182.486241	-35.768555	-162.361191	-1353.126831
4182.489559	-35.827003	-162.945633	-1353.594360
4182.492468	-36.469902	-163.354767	-1352.776123
4182.495795	-36.645237	-164.348343	-1353.419067
4182.499162	-37.580360	-164.699005	-1353.068359
4182.502488	-37.989479	-165.049683	-1353.185303
4182.505386	-38.047924	-165.225021	-1353.652832
4182.508702	-38.457043	-165.926361	-1352.834595
4182.512101	-38.398598	-166.043243	-1352.776123
4182.515391	-38.983051	-166.043243	-1353.711304
4182.518711	-39.859730	-166.510803	-1352.893066
4182.522041	-39.450611	-167.036819	-1352.542358
4182.525377	-40.677963	-167.562836	-1353.828125
4182.528713	-40.210403	-167.679718	-1353.594360
4182.532041	-40.502628	-167.387497	-1353.652832
4182.535375	-41.087086	-167.562836	-1353.535889
4182.538705	-41.496201	-168.147278	-1353.068359
4182.542065	-41.613094	-168.497955	-1353.769653
4182.545369	-42.080654	-168.030396	-1352.308594
4182.548708	-41.437756	-168.264175	-1353.126831
4182.552041	-41.437756	-168.381058	-1352.250122
4182.555368	-42.665108	-169.023972	-1353.126831
4182.558705	-42.080654	-168.556396	-1352.600830
4182.562040	-41.963764	-168.439514	-1352.133301
4182.565371	-41.905319	-168.790192	-1352.542358
4182.568708	-42.022209	-168.907074	-1352.367065
4182.572032	-41.963764	-168.614838	-1352.600830
4182.575361	-42.255993	-168.790192	-1351.841064
4182.578699	-41.846874	-168.848618	-1352.776123
4182.582035	-41.671539	-167.445938	-1352.542358
4182.586316	-40.794857	-168.439514	-1352.776123
4182.589555	-40.970196	-167.738159	-1352.717651
4182.592889	-41.262421	-167.445938	-1352.951538
4182.596213	-41.203976	-167.562836	-1352.483887
4182.599563	-40.444183	-166.978378	-1352.308594
4182.602453	-40.444183	-166.978378	-1351.724121
4182.605789	-41.262421	-166.686157	-1352.776123
4182.609152	-40.561073	-166.510803	-1352.367065
4182.612484	-39.684395	-166.160141	-1352.659180
4182.615365	-39.333721	-165.166565	-1352.834595
4182.618734	-39.392166	-164.757462	-1352.659180
4182.622027	-39.099941	-164.231445	-1352.776123
4182.625362	-38.807713	-164.406769	-1352.834595
4182.628730	-38.340153	-163.647003	-1352.659180
4182.632030	-38.164814	-163.179428	-1352.834595
4182.635363	-37.814144	-162.945633	-1352.191772
4182.638692	-37.755699	-162.594971	-1352.717651
4182.642026	-37.112801	-161.659851	-1352.483887
4182.645363	-36.411457	-161.484512	-1353.243774
4182.648688	-36.294563	-159.205139	-1352.951538
4182.652029	-35.943893	-159.263580	-1353.535889
4182.655362	-35.476330	-159.029800	-1352.776123
4182.658694	-35.125656	-158.094681	-1353.360596
4182.662021	-34.365868	-157.159561	-1353.535889
4182.665360	-33.781414	-156.341324	-1353.243774
4182.668694	-33.255405	-155.815308	-1352.659180
4182.672045	-33.430744	-155.055527	-1353.945068
4182.675361	-32.203392	-154.178848	-1353.185303
4182.678690	-32.086502	-153.477509	-1353.243774
4182.682022	-31.326708	-152.717712	-1353.652832
4182.685354	-30.274693	-151.315018	-1352.483887
4182.688695	-29.456457	-151.022797	-1353.068359
4182.693305	-28.345997	-149.269440	-1353.068359
4182.696245	-27.527761	-148.158966	-1353.185303
4182.699530	-26.709526	-147.282288	-1352.776123
4182.702898	-25.891293	-146.580948	-1352.776123
4182.706219	-26.125072	-145.412033	-1354.120361
4182.709609	-25.073057	-144.593796	-1353.185303
4182.712469	-24.137930	-143.366455	-1353.828125
4182.715869	-23.553476	-142.080658	-1353.360596
4182.719111	-22.384571	-141.262421	-1353.126831
4182.722453	-21.975452	-140.210403	-1352.659180
4182.725780	-21.624781	-139.158386	-1353.535889
4182.728683	-20.280537	-138.281708	-1352.834595
4182.732019	-19.520748	-137.171249	-1352.717651
4182.735355	-18.410286	-136.236115	-1352.717651
4182.738685	-18.176504	-135.125656	-1353.009888
4182.742020	-16.949154	-133.898300	-1353.243774
4182.745349	-16.072474	-132.495621	-1352.308594
4182.748681	-15.137346	-131.618942	-1353.009888
4182.752016	-14.260666	-129.982468	-1352.133301
4182.755352	-14.202221	-128.462891	-1351.957886
4182.758684	-12.741087	-127.352432	-1352.074829
4182.762012	-12.448860	-125.891289	-1351.957886
4182.765352	-10.461719	-124.430153	-1352.074829
4182.768681	-10.052601	-123.202805	-1352.074829
4182.772063	-9.175920	-121.917007	-1351.899414
4182.775384	-7.948568	-120.397423	-1352.659180
4182.778682	-6.896552	-118.994736	-1352.191772
4182.782011	-6.078317	-116.949150	-1351.724121
4182.785346	-4.967855	-115.429565	-1351.373535
4182.788696	-4.558738	-113.968445	-1349.853882
4182.792012	-3.272940	-112.974869	-1350.847412
4182.795342	-2.396260	-111.513733	-1351.724121
4182.798682	-0.818235	-109.877266	-1350.905884
4182.802023	1.344243	-108.766808	-1351.022827
4182.806689	2.922268	-106.078316	-1350.964355
4182.809551	4.558738	-104.032730	-1349.736938
4182.812947	5.610754	-102.980713	-1349.503174
4182.816260	6.662770	-101.052025	-1349.620117
4182.819639	7.714787	-99.357101	-1350.029175
4182.822856	8.474577	-97.779076	-1350.029175
4182.825772	9.760374	-96.142609	-1349.970825
4182.829095	11.338399	-94.915253	-1349.094116
4182.832465	12.682642	-93.512566	-1348.568115
4182.835761	13.676212	-91.817650	-1348.158936
4182.838674	14.845119	-90.239624	-1347.749878
4182.842010	16.364700	-88.427818	-1347.808228
4182.845337	17.475161	-86.908241	-1348.100586
4182.848672	18.293396	-85.271767	-1347.632935
4182.852008	20.105202	-83.167740	-1347.106934
4182.855335	21.274109	-81.648163	-1346.697754
4182.858678	22.092344	-79.602570	-1346.931641
4182.862030	23.611923	-78.258331	-1345.937988
4182.865389	25.014612	-76.388077	-1345.412109
4182.868671	26.475746	-74.517830	-1345.236694
4182.872004	26.767973	-72.296898	-1345.119873
4182.875351	28.638224	-70.543541	-1344.885986
4182.878669	29.748684	-69.491524	-1344.301636
4182.882004	31.268263	-67.621269	-1344.652222
4182.885341	32.670956	-65.926361	-1343.424927
4182.888674	33.956753	-63.939220	-1343.132690
4182.892005	35.476330	-62.010521	-1342.139038
4182.895332	37.054356	-59.906490	-1341.788330
4182.898670	37.872589	-57.802456	-1342.489868
4182.902004	38.866158	-55.990646	-1341.379395
4182.905356	40.911751	-53.945057	-1340.677979
4182.908666	41.905319	-52.133255	-1339.918091
4182.911998	43.132671	-50.321449	-1339.333740
4182.915333	44.593803	-48.275860	-1339.801270
4182.919590	46.639393	-44.593803	-1337.872559
4182.922937	48.217415	-43.015781	-1337.521973
4182.926178	49.678551	-41.320866	-1336.294556
4182.929536	51.490356	-39.041496	-1336.002319
4182.932839	52.308590	-37.405025	-1335.242554
4182.935753	53.126823	-35.534775	-1336.002319
4182.939097	55.289303	-33.722969	-1334.541260
4182.942426	56.633549	-31.852718	-1333.898315
4182.945772	57.685566	-29.514902	-1332.963135
4182.948680	59.088253	-27.644651	-1332.554077
4182.951994	60.958504	-26.475746	-1331.969604
4182.955329	62.361191	-23.845703	-1331.911133
4182.958687	63.530098	-22.326126	-1330.917603
4182.962000	65.166565	-20.280537	-1330.099365
4182.965326	66.160141	-18.234951	-1329.281128
4182.968663	67.971947	-15.897136	-1328.755127
4182.971992	69.316193	-14.436002	-1327.060181
4182.975328	70.309761	-12.156633	-1327.293945
4182.978662	71.887787	-10.403274	-1326.358887
4182.981993	73.115143	-8.182350	-1326.008179
4182.985322	73.991814	-6.838106	-1324.780884
4182.988657	76.154297	-4.383401	-1324.254761
4182.992008	77.615425	-2.746932	-1323.261230
4182.995327	78.667442	-0.701344	-1322.442993
4182.998660	80.537697	1.694915	-1321.507935
4183.001987	81.998833	3.857393	-1320.222046
4183.005328	82.992401	5.902981	-1319.929932
4183.008656	84.453537	8.065459	-1318.293335
4183.011993	86.090004	9.760374	-1318.410278
4183.015330	87.434250	11.572180	-1316.949219
4183.018654	88.720047	13.267096	-1315.780273
4183.021991	90.590302	15.721800	-1314.494385
4183.025318	91.817650	17.708942	-1313.617798
4183.029597	94.330803	21.332554	-1312.331909
4183.032863	95.616600	22.969025	-1310.403198
4183.036207	97.311516	25.189949	-1310.344849
4183.039501	98.947983	26.943308	-1309.409668
4183.042831	100.526009	28.930450	-1308.532959
4183.045742	101.519585	30.508474	-1307.422485
4183.049076	103.448273	32.846291	-1305.844482
4183.052431	104.792526	34.950321	-1304.909424
4183.055764	106.312096	36.762127	-1303.623535
4183.059098	107.013443	38.866158	-1301.753296
4183.061986	108.591461	40.561073	-1301.578003
4183.065319	110.227943	42.606663	-1301.110474
4183.068658	111.279953	44.652252	-1299.240234
4183.072022	112.624191	46.464054	-1298.188232
4183.075318	113.559319	48.217415	-1298.188232
4183.078680	115.371132	50.087666	-1295.908813
4183.081981	117.007599	52.191700	-1294.973633
4183.085317	117.825829	54.237289	-1293.746338
4183.088648	118.994736	55.698425	-1292.635864
4183.091987	120.806549	57.393337	-1291.700684
4183.095318	122.150787	59.848042	-1290.823975
4183.098648	122.910583	61.835182	-1289.771973
4183.101984	124.488602	63.530098	-1288.135620
4183.105316	126.066628	65.283463	-1287.726440
4183.108651	127.410873	67.504379	-1286.674561
4183.111983	128.346008	69.023964	-1285.564087
4183.115314	130.274689	71.069550	-1284.219727
4183.118649	130.683823	72.764465	-1283.518433
4183.121978	132.670944	74.284050	-1282.758667
4183.125317	134.015198	76.212738	-1281.122070
4183.128648	135.008759	78.199883	-1280.128540
4183.131991	136.294571	79.836349	-1278.609009
4183.135315	137.697250	81.180595	-1276.855713
4183.139960	139.976624	84.628876	-1275.219116
4183.142824	141.262421	86.382233	-1274.167114
4183.146182	142.665115	88.544708	-1272.764526
4183.149511	144.067795	89.830505	-1271.186401
4183.152895	145.002930	91.759201	-1270.894287
4183.155764	146.464066	93.571014	-1269.140869
4183.159129	147.574524	94.623032	-1268.322632
4183.162507	148.801880	96.727058	-1266.861450
4183.165748	149.210983	98.363533	-1265.750977
4183.169073	150.672119	99.766220	-1264.348267
4183.171970	151.841034	101.753365	-1262.887207
4183.175309	152.776154	103.039154	-1261.659790
4183.178646	154.003494	104.617180	-1261.133911
4183.181973	155.172424	106.721207	-1260.081909
4183.185306	156.633545	108.123901	-1257.919312
4183.188643	157.744019	109.468147	-1256.867310
4183.191970	158.503799	110.987724	-1256.049072
4183.195305	160.374039	113.150200	-1253.945068
4183.198635	160.900055	114.611343	-1254.003540
4183.201985	161.893631	115.838692	-1251.665649
4183.205303	162.945633	117.358269	-1250.438354
4183.208643	164.523666	119.111633	-1249.444824
4183.211971	165.692581	120.981888	-1248.158936
4183.215304	166.160141	122.618355	-1247.516113
4183.218635	167.153717	124.021042	-1246.054932
4183.221971	168.147278	125.423729	-1244.827515
4183.225340	169.374634	127.001747	-1244.476929
4183.228633	170.251312	128.696671	-1243.249634
4183.231967	171.829346	130.274689	-1242.548218
