time (s)	det(V)
4619.553695	0.455728	
4619.555180	0.466415	
4619.556954	0.450427	
4619.558436	0.436690	
4619.560226	0.444827	
4619.561709	0.474504	
4619.563470	0.469654	
4619.564985	0.478150	
4619.566472	0.461746	
4619.568042	0.442128	
4619.569588	0.417838	
4619.571193	0.438704	
4619.572686	0.442753	
4619.574344	0.450249	
4619.575845	0.428360	
4619.577501	0.441524	
4619.578992	0.457927	
4619.580692	0.462016	
4619.582177	0.482001	
4619.583892	0.479177	
4619.585363	0.460711	
4619.587078	0.443285	
4619.588557	0.440718	
4619.590268	0.448259	
4619.591751	0.446447	
4619.593447	0.462822	
4619.594929	0.474057	
4619.596605	0.477481	
4619.598115	0.495411	
4619.599830	0.520955	
4619.601364	0.526062	
4619.603088	0.513115	
4619.604626	0.519553	
4619.606320	0.511278	
4619.607870	0.512576	
4619.609563	0.527259	
4619.611127	0.554696	
4619.612802	0.558937	
4619.614383	0.570172	
4619.616006	0.578491	
4619.617607	0.591607	
4619.619239	0.585150	
4619.620834	0.596534	
4619.622448	0.611161	
4619.624089	0.597074	
4619.625681	0.614315	
4619.627361	0.629203	
4619.628937	0.657120	
4619.630624	0.651400	
4619.632200	0.665825	
4619.633890	0.684597	
4619.635431	0.682724	
4619.637128	0.685930	
4619.638692	0.711260	
4619.640399	0.709955	
4619.641901	0.711550	
4619.643664	0.718491	
4619.645145	0.746448	
4619.646921	0.741864	
4619.648406	0.773204	
4619.650185	0.774646	
4619.651674	0.778131	
4619.653464	0.755443	
4619.654942	0.777603	
4619.656732	0.781494	
4619.658214	0.796774	
4619.659966	0.799682	
4619.661470	0.809999	
4619.663178	0.814853	
4619.664696	0.816311	
4619.666436	0.821959	
4619.667978	0.825036	
4619.669681	0.808943	
4619.671230	0.797048	
4619.672925	0.797841	
4619.674534	0.790393	
4619.676017	0.792439	
4619.677691	0.808689	
4619.679177	0.804597	
4619.680836	0.792846	
4619.682324	0.804770	
4619.683963	0.801237	
4619.685435	0.799094	
4619.687073	0.777615	
4619.688548	0.783218	
4619.690183	0.773889	
4619.691668	0.767842	
4619.693349	0.776145	
4619.694850	0.783404	
4619.696506	0.786848	
4619.698037	0.784250	
4619.699668	0.782360	
4619.701233	0.775673	
4619.702853	0.756688	
4619.704425	0.765373	
4619.706090	0.769381	
4619.707669	0.756096	
4619.709331	0.759447	
4619.710939	0.773712	
4619.712577	0.787094	
4619.714195	0.787126	
4619.715799	0.809137	
4619.717469	0.796830	
4619.719069	0.791166	
4619.720714	0.777643	
4619.722327	0.791730	
4619.724013	0.786530	
4619.725594	0.786860	
4619.727272	0.804000	
4619.728830	0.813886	
4619.730525	0.817874	
4619.732086	0.826531	
4619.733781	0.836461	
4619.735333	0.834386	
4619.737062	0.821483	
4619.738568	0.838507	
4619.740340	0.821790	
4619.741824	0.825282	
4619.743596	0.837560	
4619.745082	0.858987	
4619.746872	0.854314	
4619.748362	0.857968	
4619.750152	0.874375	
4619.751627	0.868941	
4619.753408	0.854922	
4619.754888	0.861976	
4619.756627	0.852884	
4619.758139	0.850439	
4619.759869	0.863620	
4619.761388	0.877554	
4619.763120	0.867305	
4619.764656	0.875257	
4619.766374	0.870943	
4619.767927	0.866161	
4619.769626	0.846801	
4619.771186	0.834205	
4619.772878	0.833999	
4619.774455	0.825528	
4619.776135	0.821330	
4619.777724	0.835192	
4619.779381	0.825290	
4619.780992	0.811441	
4619.782495	0.815058	
4619.784151	0.813991	
4619.785643	0.788306	
4619.787268	0.776648	
4619.788760	0.774110	
4619.790395	0.756027	
4619.791879	0.747979	
4619.793514	0.743270	
4619.795001	0.762549	
4619.796607	0.746540	
4619.798112	0.755878	
4619.799763	0.746984	
4619.801292	0.741123	
4619.802929	0.720437	
4619.804512	0.721795	
4619.806094	0.721758	
4619.807699	0.715083	
4619.809253	0.721307	
4619.810872	0.737263	
4619.812380	0.755653	
4619.814067	0.746432	
4619.815675	0.757796	
4619.817341	0.765864	
4619.818942	0.748438	
4619.820632	0.741787	
4619.822199	0.753808	
4619.823903	0.759020	
4619.825450	0.743092	
4619.827149	0.765034	
4619.828706	0.783339	
4619.830405	0.778594	
4619.831919	0.791360	
4619.833644	0.797664	
4619.835132	0.797370	
4619.836917	0.777965	
4619.838395	0.784097	
4619.840172	0.774815	
4619.841654	0.773510	
4619.843435	0.777405	
4619.844917	0.795843	
4619.846679	0.784507	
4619.848182	0.790792	
4619.849953	0.793676	
4619.851461	0.793467	
4619.853217	0.766787	
4619.854729	0.769236	
4619.856467	0.766964	
4619.857997	0.758021	
4619.859700	0.757373	
4619.861233	0.776044	
4619.862917	0.767705	
4619.864487	0.769558	
4619.866164	0.775436	
4619.867740	0.771146	
4619.869395	0.750037	
4619.870986	0.735813	
4619.872636	0.740353	
4619.874245	0.736711	
4619.875869	0.720240	
4619.877489	0.734459	
4619.879115	0.743886	
4619.880762	0.726882	
4619.882371	0.740232	
4619.884032	0.736288	
4619.885636	0.721150	
4619.887320	0.701866	
4619.888883	0.703961	
4619.890576	0.695034	
4619.892051	0.698233	
4619.893616	0.700674	
4619.895101	0.711442	
4619.896743	0.702592	
4619.898248	0.708868	
4619.899833	0.710483	
4619.901377	0.704477	
4619.902922	0.680089	
4619.904518	0.679501	
4619.906009	0.692597	
4619.907639	0.689588	
4619.909191	0.684488	
4619.910826	0.704864	
4619.912327	0.723325	
4619.913986	0.707591	
4619.915467	0.724788	
4619.917175	0.726310	
4619.918656	0.721932	
4619.920355	0.716223	
4619.921866	0.729448	
4619.923622	0.728985	
4619.925102	0.724034	
4619.926871	0.745658	
4619.928351	0.760616	
4619.930114	0.758992	
4619.931598	0.777099	
4619.933364	0.785140	
4619.934861	0.787077	
4619.936625	0.778320	
4619.938128	0.782940	
4619.939878	0.787650	
4619.941386	0.794276	
4619.943092	0.799114	
4619.944621	0.818865	
4619.946329	0.829915	
4619.947870	0.820690	
4619.949558	0.835365	
4619.951137	0.848630	
4619.952802	0.831308	
4619.954365	0.827538	
4619.956030	0.828710	
4619.957618	0.833713	
4619.959267	0.833778	
4619.960870	0.851684	
4619.962496	0.847575	
4619.964122	0.851728	
4619.965731	0.877868	
4619.967392	0.869541	
4619.968996	0.861247	
4619.970661	0.849053	
4619.972257	0.855039	
4619.973952	0.845037	
4619.975522	0.846092	
4619.977209	0.856820	
4619.978755	0.868897	
4619.980469	0.857311	
4619.982022	0.867978	
4619.983712	0.873461	
4619.985239	0.862802	
4619.986986	0.843712	
4619.988468	0.851510	
4619.990249	0.841323	
4619.991724	0.838604	
4619.993502	0.840388	
4619.994990	0.847128	
4619.996770	0.836448	
4619.998289	0.846979	
4619.999781	0.836545	
4620.001368	0.837685	
4620.002902	0.803159	
4620.004496	0.792024	
4620.005990	0.796463	
4620.007638	0.790481	
4620.009144	0.780523	
4620.010804	0.787464	
4620.012305	0.793450	
4620.014010	0.778832	
4620.015500	0.784999	
4620.017231	0.776302	
4620.018705	0.763383	
4620.020429	0.750786	
4620.021910	0.755262	
4620.023622	0.735680	
4620.025103	0.732957	
4620.026808	0.728961	
4620.028293	0.739459	
4620.030075	0.733315	
4620.031563	0.730737	
4620.033349	0.724191	
4620.034846	0.720477	
4620.036605	0.710092	
4620.038102	0.708465	
4620.039841	0.693367	
4620.041360	0.691538	
4620.043091	0.693910	
4620.044626	0.707973	
4620.046370	0.705653	
4620.047903	0.714515	
4620.049605	0.709681	
4620.051162	0.710378	
4620.052849	0.703792	
4620.054415	0.703566	
4620.056077	0.701979	
4620.057658	0.704424	
4620.059298	0.706193	
4620.060899	0.718709	
4620.062538	0.721952	
4620.064134	0.732320	
4620.065755	0.746625	
4620.067395	0.748917	
4620.068999	0.744119	
4620.070675	0.729183	
4620.072250	0.746162	
4620.073943	0.742532	
4620.075509	0.750762	
4620.077207	0.757268	
4620.078786	0.772491	
4620.080491	0.774340	
4620.082047	0.784648	
4620.083762	0.799291	
4620.085297	0.788350	
4620.087023	0.780805	
4620.088537	0.795827	
4620.090281	0.787235	
4620.091764	0.789495	
4620.093548	0.806079	
4620.095041	0.822930	
4620.096816	0.817874	
4620.098296	0.824493	
4620.100075	0.830922	
4620.101550	0.836497	
4620.103278	0.823135	
4620.104777	0.819602	
4620.106521	0.826229	
4620.108045	0.825322	
4620.109597	0.830495	
4620.111189	0.845702	
4620.112676	0.846898	
4620.114341	0.850922	
4620.115826	0.854886	
4620.117470	0.855297	
4620.118995	0.840610	
4620.120625	0.827433	
4620.122114	0.838407	
4620.123768	0.824867	
4620.125253	0.823679	
4620.126965	0.837778	
4620.128451	0.843446	
4620.130170	0.843289	
4620.131656	0.846983	
4620.133353	0.849984	
4620.134843	0.847115	
4620.136530	0.822942	
4620.138045	0.832525	
4620.139765	0.814333	
4620.141295	0.811264	
4620.143008	0.812532	
4620.144555	0.830849	
4620.146251	0.817955	
4620.147794	0.822241	
4620.149450	0.825487	
4620.151015	0.820807	
4620.152685	0.796258	
4620.154280	0.792294	
4620.155919	0.795755	
4620.157537	0.788898	
4620.159169	0.782159	
4620.160787	0.796500	
4620.162407	0.802973	
4620.164043	0.801785	
4620.165667	0.801116	
4620.167328	0.792842	
4620.168904	0.772495	
4620.170585	0.772265	
4620.172142	0.782658	
4620.173827	0.764990	
4620.175394	0.770312	
4620.177068	0.775798	
4620.178597	0.789309	
4620.180315	0.773696	
4620.181830	0.780483	
4620.183602	0.781897	
4620.185078	0.786107	
4620.186872	0.764881	
4620.188354	0.775782	
4620.190137	0.762122	
4620.191620	0.764704	
4620.193396	0.766803	
4620.194884	0.777067	
4620.196656	0.784137	
4620.198144	0.782622	
4620.199913	0.783496	
4620.201417	0.776237	
4620.203149	0.763343	
4620.204661	0.762851	
4620.206378	0.760225	
4620.207916	0.753880	
4620.209642	0.753735	
4620.211187	0.763673	
4620.212896	0.759540	
4620.214456	0.766694	
4620.216147	0.770868	
4620.217751	0.760954	
4620.219234	0.740981	
4620.220862	0.735966	
4620.222381	0.742951	
4620.224008	0.728353	
4620.225485	0.727676	
4620.227146	0.733308	
4620.228617	0.741114	
4620.230252	0.727100	
4620.231733	0.736599	
4620.233437	0.737138	
4620.234920	0.718109	
4620.236588	0.696408	
4620.238090	0.700823	
4620.239730	0.692388	
4620.241261	0.678736	
4620.242909	0.679650	
4620.244458	0.698628	
4620.246054	0.689979	
4620.247629	0.677995	
4620.249287	0.690515	
4620.250868	0.684613	
4620.252508	0.669874	
4620.254124	0.648673	
4620.255733	0.657257	
4620.257393	0.637711	
4620.258994	0.640491	
4620.260654	0.654767	
4620.262259	0.654687	
4620.263928	0.642751	
4620.265513	0.651186	
4620.267214	0.647407	
4620.268784	0.637868	
4620.270497	0.616760	
4620.272043	0.621360	
4620.273744	0.617002	
4620.275284	0.611112	
4620.276996	0.610758	
4620.278509	0.620188	
4620.280289	0.606307	
4620.281781	0.623016	
4620.283545	0.619769	
4620.285025	0.612466	
4620.286813	0.600558	
4620.288303	0.596788	
4620.290054	0.595350	
4620.291542	0.588240	
4620.293321	0.590133	
4620.294810	0.600369	
4620.296562	0.599740	
4620.298077	0.605433	
4620.299817	0.609944	
4620.301336	0.608724	
4620.303057	0.596852	
4620.304582	0.595499	
4620.306278	0.598476	
4620.307827	0.592872	
4620.309532	0.605340	
4620.311079	0.611334	
4620.312748	0.620233	
4620.314314	0.624035	
4620.315948	0.638851	
4620.317545	0.644274	
4620.319175	0.629739	
4620.320802	0.623403	
4620.322407	0.635814	
4620.324066	0.623971	
4620.325546	0.637450	
4620.327174	0.638573	
4620.328654	0.650332	
4620.330296	0.645297	
4620.331785	0.658075	
4620.333406	0.660443	
4620.334915	0.661474	
4620.336508	0.644382	
4620.338041	0.646658	
4620.339588	0.639818	
4620.341140	0.628676	
4620.342740	0.630090	
4620.344319	0.629840	
4620.345899	0.632684	
4620.347514	0.615149	
4620.349071	0.628422	
4620.350752	0.624281	
4620.352235	0.602234	
4620.353959	0.589218	
4620.355540	0.587354	
4620.357225	0.563574	
4620.358795	0.554172	
4620.360475	0.565677	
4620.362036	0.556251	
4620.363732	0.535569	
4620.365286	0.535751	
4620.367017	0.531726	
4620.368542	0.506243	
4620.370297	0.483544	
4620.371794	0.487165	
4620.373567	0.472969	
4620.375046	0.450378	
4620.376833	0.455708	
4620.378328	0.453923	
4620.380126	0.437862	
4620.381600	0.448481	
4620.383375	0.433431	
4620.384848	0.423558	
4620.386603	0.403722	
4620.388098	0.395654	
4620.389834	0.385978	
4620.391359	0.379085	
4620.393114	0.373591	
4620.394635	0.379520	
4620.396345	0.365530	
4620.397875	0.372958	
4620.399592	0.375556	
4620.401140	0.370223	
4620.402821	0.348684	
4620.404387	0.343535	
4620.406057	0.339370	
4620.407639	0.321106	
4620.409292	0.326725	
4620.410870	0.344873	
4620.412500	0.344349	
4620.414093	0.332336	
4620.415711	0.331664	
4620.417366	0.338774	
4620.418946	0.333545	
4620.420626	0.315929	
4620.422197	0.317738	
4620.423867	0.315824	
4620.425441	0.315768	
4620.427138	0.330330	
4620.428699	0.347145	
4620.430399	0.326375	
4620.431936	0.342033	
4620.433650	0.354400	
4620.435125	0.353981	
4620.436776	0.329863	
4620.438255	0.343954	
4620.439860	0.339148	
4620.441387	0.334081	
4620.442938	0.343708	
4620.444554	0.356946	
4620.446034	0.368132	
4620.447665	0.364668	
4620.449238	0.372076	
4620.450847	0.370795	
4620.452374	0.366352	
4620.454059	0.355354	
4620.455539	0.370602	
4620.457250	0.364934	
4620.458730	0.358013	
4620.460455	0.363218	
4620.461936	0.380253	
4620.463655	0.371568	
4620.465163	0.372116	
4620.466904	0.379770	
4620.468387	0.373377	
4620.470152	0.357340	
4620.471638	0.354339	
4620.473388	0.344530	
4620.474873	0.337706	
4620.476627	0.338786	
4620.478114	0.339809	
4620.479863	0.338713	
4620.481374	0.331527	
4620.483113	0.328183	
4620.484632	0.327285	
4620.486358	0.305141	
4620.487887	0.299119	
4620.489586	0.290889	
4620.491141	0.283143	
4620.492837	0.273475	
4620.494394	0.281962	
4620.496083	0.278188	
4620.497649	0.267078	
4620.499307	0.272339	
4620.500896	0.257809	
4620.502531	0.243572	
4620.504156	0.230267	
4620.505787	0.229695	
4620.507414	0.215475	
4620.509036	0.198302	
4620.510679	0.202451	
4620.512284	0.216107	
4620.513955	0.198270	
4620.515528	0.203716	
4620.517215	0.204180	
4620.518773	0.182000	
4620.520487	0.167691	
4620.522059	0.167196	
4620.523748	0.157806	
4620.525309	0.146909	
4620.527028	0.153930	
4620.528558	0.166378	
4620.530273	0.157125	
4620.531752	0.161044	
4620.533531	0.161596	
4620.535016	0.149596	
4620.536792	0.139291	
4620.538277	0.140806	
4620.540049	0.129615	
4620.541534	0.131722	
4620.543301	0.131887	
4620.544793	0.146434	
4620.546388	0.139287	
4620.547925	0.145261	
4620.549478	0.154301	
4620.551082	0.164460	
4620.552581	0.150321	
4620.554210	0.142929	
4620.555719	0.153628	
4620.557386	0.144750	
4620.558863	0.151308	
4620.560593	0.161725	
4620.562066	0.173536	
4620.563802	0.163848	
4620.565274	0.189956	
4620.566991	0.184888	
4620.568468	0.189831	
4620.570182	0.168984	
4620.571681	0.184207	
4620.573397	0.173125	
4620.574868	0.174334	
4620.576662	0.182999	
4620.578143	0.198371	
4620.579897	0.194697	
4620.581394	0.204365	
4620.583119	0.203696	
4620.584638	0.203507	
4620.586361	0.186346	
4620.587898	0.188554	
4620.589598	0.183285	
4620.591147	0.180372	
4620.592845	0.176896	
4620.594396	0.192622	
4620.596076	0.188626	
4620.597640	0.189069	
4620.599309	0.198338	
4620.600905	0.190004	
4620.602556	0.174628	
4620.604151	0.163111	
4620.605786	0.167623	
4620.607406	0.149016	
4620.609038	0.153773	
4620.610713	0.160484	
4620.612299	0.171462	
4620.613959	0.155638	
4620.615539	0.153165	
4620.617224	0.162495	
4620.618802	0.147558	
4620.620475	0.125394	
4620.622033	0.133305	
4620.623725	0.113977	
4620.625280	0.118743	
4620.626994	0.121047	
4620.628502	0.131215	
4620.630246	0.114332	
4620.631735	0.121873	
4620.633509	0.121156	
4620.634993	0.110767	
4620.636770	0.102118	
4620.638257	0.101063	
4620.640044	0.088353	
4620.641524	0.083769	
4620.643298	0.073368	
4620.644783	0.092696	
4620.646532	0.094005	
4620.648041	0.087342	
4620.649773	0.097369	
4620.651321	0.087487	
4620.652812	0.074911	
4620.654414	0.066028	
4620.655905	0.071418	
4620.657528	0.056272	
4620.659051	0.054556	
4620.660714	0.057508	
4620.662195	0.085042	
4620.663828	0.076377	
4620.665319	0.078569	
4620.666948	0.079664	
4620.668441	0.072804	
4620.670169	0.058298	
4620.671662	0.057807	
4620.673373	0.054560	
4620.674846	0.047708	
4620.676539	0.055933	
4620.678035	0.072369	
4620.679681	0.074391	
4620.681211	0.072409	
4620.682818	0.074641	
4620.684382	0.079193	
4620.686058	0.068441	
4620.687640	0.059591	
4620.689313	0.059531	
4620.690897	0.058403	
4620.692557	0.055780	
4620.694139	0.066455	
4620.695785	0.084115	
4620.697409	0.075515	
4620.699024	0.087322	
4620.700702	0.093393	
4620.702297	0.082806	
4620.703965	0.066528	
4620.705570	0.078826	
4620.707226	0.068341	
4620.708817	0.072558	
4620.710513	0.085433	
4620.712075	0.099045	
4620.713801	0.093079	
4620.715354	0.101332	
4620.717080	0.100515	
4620.718623	0.094464	
4620.720317	0.094650	
4620.721832	0.092825	
4620.723588	0.085211	
4620.725078	0.084607	
4620.726857	0.088398	
4620.728336	0.104926	
4620.730123	0.100422	
4620.731601	0.106440	
4620.733366	0.106175	
4620.734857	0.112285	
4620.736651	0.088317	
4620.738139	0.093707	
4620.739906	0.085239	
4620.741404	0.085207	
4620.743160	0.086549	
4620.744671	0.098762	
4620.746405	0.088833	
4620.747932	0.094049	
4620.749668	0.098887	
4620.751203	0.092768	
4620.752923	0.082118	
4620.754469	0.080675	
4620.756167	0.082351	
4620.757720	0.068059	
4620.759399	0.065662	
4620.760999	0.082258	
4620.762484	0.094956	
4620.764116	0.084559	
4620.765638	0.086686	
4620.767274	0.087604	
4620.768746	0.078939	
4620.770399	0.059559	
4620.771872	0.069932	
4620.773516	0.052928	
4620.775007	0.063688	
4620.776637	0.058238	
4620.778137	0.065690	
4620.779809	0.066016	
4620.781329	0.066798	
4620.782974	0.071833	
4620.784505	0.067732	
4620.786127	0.046294	
4620.787696	0.047981	
4620.789283	0.046531	
4620.790878	0.028263	
4620.792533	0.030990	
4620.794139	0.038817	
4620.795772	0.048513	
4620.797397	0.042273	
4620.799009	0.049742	
4620.800665	0.057299	
4620.802269	0.042068	
4620.803921	0.022631	
4620.805521	0.029931	
4620.807196	0.016444	
4620.808749	0.027953	
4620.810442	0.027852	
4620.811989	0.033818	
4620.813705	0.028368	
4620.815264	0.038237	
4620.816963	0.044578	
4620.818501	0.034478	
4620.820246	0.019131	
4620.821732	0.024939	
4620.823511	0.026591	
4620.824993	0.020702	
4620.826767	0.022539	
4620.828249	0.040908	
4620.830041	0.035985	
4620.831529	0.049456	
4620.833325	0.056493	
4620.834795	0.036070	
4620.836566	0.029616	
4620.838063	0.029564	
4620.839812	0.034761	
4620.841327	0.023586	
4620.843049	0.029383	
4620.844575	0.037210	
4620.846307	0.047466	
4620.847858	0.044002	
4620.849547	0.051555	
4620.851094	0.055112	
4620.852784	0.042628	
4620.854345	0.037427	
4620.856022	0.036936	
4620.857606	0.027413	
4620.859267	0.033363	
4620.860858	0.038019	
4620.862491	0.051982	
4620.864090	0.049996	
4620.865722	0.057714	
4620.867353	0.061142	
4620.868854	0.049520	
4620.870486	0.040573	
4620.871980	0.042507	
4620.873617	0.035872	
4620.875100	0.024122	
4620.876734	0.035796	
4620.878211	0.050870	
4620.879824	0.044980	
4620.881337	0.046878	
4620.882899	0.053931	
4620.884454	0.051200	
4620.886086	0.035961	
4620.887667	0.023936	
4620.889236	0.033520	
4620.890852	0.019046	
4620.892402	0.019831	
4620.894037	0.027860	
4620.895528	0.044948	
4620.897237	0.031723	
4620.898818	0.046245	
4620.900489	0.050539	
4620.902069	0.035296	
4620.903762	0.031723	
4620.905320	0.027348	
4620.907011	0.020951	
4620.908553	0.016734	
4620.910268	0.028899	
4620.911783	0.042741	
4620.913512	0.032275	
4620.915000	0.034519	
4620.916773	0.038934	
4620.918266	0.034793	
4620.920047	0.020710	
4620.921532	0.021193	
4620.923314	0.019243	
4620.924789	0.009483	
4620.926528	0.016778	
4620.928030	0.026055	
4620.929766	0.023179	
4620.931289	0.029991	
4620.933002	0.039111	
4620.934529	0.034660	
4620.936228	0.010562	
4620.937772	0.018547	
4620.939479	0.019235	
4620.941037	0.014736	
4620.942729	0.009849	
4620.944306	0.009475	
4620.945959	0.033310	
4620.947551	0.022901	
4620.949193	0.032102	
4620.950797	0.029842	
4620.952427	0.021032	
4620.954032	0.019034	
4620.955656	0.024960	
4620.957346	0.019247	
4620.958937	0.014474	
4620.960604	0.020577	
4620.962193	0.034136	
4620.963852	0.037125	
4620.965439	0.037979	
4620.967129	0.044255	
4620.968707	0.037387	
4620.970419	0.025717	
4620.971963	0.030438	
4620.973658	0.024839	
4620.975194	0.021391	
4620.976919	0.025918	
4620.978397	0.038398	
4620.980035	0.039578	
4620.981536	0.043719	
4620.983151	0.046358	
4620.984686	0.041452	
4620.986253	0.023900	
4620.987807	0.022337	
4620.989311	0.037504	
4620.990935	0.029773	
4620.992505	0.024915	
4620.994102	0.035272	
4620.995643	0.042817	
4620.997291	0.026716	
4620.998779	0.043321	
4621.000474	0.050580	
4621.001946	0.038894	
4621.003667	0.017225	
4621.005154	0.025741	
4621.006848	0.017491	
4621.008331	0.014873	
4621.010103	0.024597	
4621.011579	0.038378	
4621.013349	0.027800	
4621.014831	0.030204	
4621.016639	0.036525	
4621.018116	0.037194	
4621.019914	0.012415	
4621.021406	0.010526	
4621.023177	0.010913	
4621.024677	0.000629	
4621.026390	0.008154	
4621.027907	0.019642	
4621.029640	0.020553	
4621.031178	0.017946	
4621.032883	0.028033	
4621.034438	0.026647	
4621.036142	0.022059	
4621.037701	-0.000709	
4621.039384	0.008633	
4621.040948	0.001350	
4621.042601	0.000616	
4621.044195	0.009245	
4621.045841	0.019699	
4621.047440	0.009447	
4621.049066	0.017685	
4621.050679	0.016677	
4621.052285	0.010152	
4621.053955	-0.002610	
4621.055537	0.003666	
4621.057222	-0.006167	
4621.058788	-0.006739	
4621.060453	0.004435	
4621.062030	0.013982	
4621.063708	0.009358	
4621.065259	0.016154	
4621.066992	0.027219	
4621.068533	0.018232	
4621.070275	0.007142	
4621.071782	0.014276	
4621.073530	0.006063	
4621.075004	0.005023	
4621.076755	0.001809	
4621.078236	0.013016	
4621.080013	0.011747	
4621.081504	0.011368	
4621.083285	0.022953	
4621.084792	0.025564	
4621.086289	0.010361	
4621.087869	0.014663	
4621.089410	0.016319	
4621.091025	-0.000499	
4621.092513	-0.005599	
4621.094128	0.006361	
4621.095650	0.014285	
4621.097287	0.004898	
4621.098766	0.017040	
4621.100403	0.018208	
4621.101878	0.008794	
4621.103590	-0.001776	
4621.105076	0.004045	
4621.106771	-0.006421	
4621.108246	-0.008927	
4621.109960	0.000463	
4621.111441	0.013221	
4621.113107	0.014579	
4621.114634	0.014272	
4621.116265	0.021145	
4621.117824	0.017652	
4621.119531	0.006607	
4621.121076	-0.001966	
4621.122746	0.008814	
4621.124310	-0.002965	
4621.125959	-0.005015	
4621.127526	0.011082	
4621.129158	0.019183	
4621.130774	0.011513	
4621.132396	0.021596	
4621.134013	0.022023	
4621.135639	0.008818	
4621.137288	-0.006312	
4621.138900	0.007038	
4621.140573	-0.011533	
4621.142156	-0.004931	
4621.143829	0.009817	
4621.145392	0.014667	
4621.147095	0.003827	
4621.148654	0.015622	
4621.150341	0.016009	
4621.151900	0.006216	
4621.153585	-0.004955	
4621.155115	-0.003118	
4621.156864	-0.008540	
4621.158345	-0.015771	
4621.160138	-0.006876	
4621.161620	0.005205	
4621.163372	0.001374	
4621.164856	0.006627	
4621.166615	0.009511	
4621.168106	0.003819	
4621.169869	-0.012045	
4621.171362	-0.009430	
4621.173097	-0.010232	
4621.174605	-0.019759	
4621.176319	-0.014772	
4621.177848	-0.003581	
4621.179532	-0.000516	
4621.181080	-0.008451	
4621.182739	0.004464	
4621.184309	0.005817	
4621.185969	-0.007150	
4621.187551	-0.015291	
4621.189197	-0.005809	
4621.190793	-0.017745	
4621.192453	-0.012995	
4621.194065	0.002071	
4621.195588	0.008838	
4621.197220	0.001370	
4621.198701	0.012109	
4621.200362	0.009523	
4621.201834	0.005193	
4621.203468	-0.007976	
4621.204946	-0.002602	
4621.206564	-0.005563	
4621.208062	-0.009696	
4621.209627	-0.010345	
4621.211175	0.003811	
4621.212783	0.007678	
4621.214359	-0.000008	
4621.215945	0.008149	
4621.217537	0.014836	
4621.219111	0.002010	
4621.220723	-0.009495	
4621.222243	-0.001510	
4621.223923	-0.010909	
4621.225407	-0.010848	
4621.227119	-0.004532	
4621.228678	0.011078	
4621.230404	-0.000942	
4621.231958	0.008770	
4621.233658	0.011078	
4621.235203	0.009684	
4621.236923	-0.001736	
4621.238451	0.003025	
4621.240186	-0.009245	
4621.241687	-0.014542	
4621.243467	-0.007142	
4621.244946	0.002602	
4621.246723	0.007219	
4621.248198	0.011026	
4621.249972	0.011859	
4621.251454	0.008085	
4621.253194	-0.006534	
4621.254704	-0.006127	
4621.256453	-0.000648	
4621.257954	-0.013656	
4621.259683	-0.013036	
4621.261208	-0.000632	
4621.262916	0.003819	
4621.264454	-0.001321	
4621.266131	0.007928	
4621.267682	0.011751	
4621.269384	-0.007533	
4621.270960	-0.017793	
4621.272634	-0.009946	
4621.274218	-0.017660	
4621.275870	-0.021153	
4621.277455	-0.006264	
4621.279100	0.002969	
4621.280729	-0.006723	
4621.282327	0.005092	
4621.283965	0.009587	
4621.285559	-0.002147	
4621.287213	-0.017100	
4621.288804	-0.007609	
4621.290462	-0.019110	
4621.292039	-0.019340	
4621.293738	-0.008931	
4621.295272	0.005346	
4621.296978	0.000842	
4621.298521	0.007130	
4621.300241	0.011698	
4621.301757	0.002099	
4621.303502	-0.012137	
4621.305007	-0.002538	
4621.306549	-0.009966	
4621.308053	-0.017342	
4621.309622	-0.016347	
4621.311169	-0.001567	
4621.312688	0.001237	
4621.314299	-0.000830	
4621.315789	0.012081	
4621.317421	0.010224	
4621.318962	0.000004	
4621.320587	-0.013136	
4621.322071	-0.006429	
4621.323766	-0.014462	
4621.325249	-0.019493	
4621.326967	-0.012673	
4621.328449	0.003001	
4621.330181	-0.004032	
4621.331672	0.005801	
4621.333358	0.010724	
4621.334839	0.006159	
4621.336529	-0.012504	
4621.338024	-0.008339	
4621.339762	-0.013168	
4621.341269	-0.021926	
4621.343014	-0.017358	
4621.344552	-0.003932	
4621.346279	0.004041	
4621.347810	-0.000270	
4621.349523	0.010522	
4621.351072	0.009040	
4621.352765	-0.009092	
4621.354325	-0.014852	
4621.355999	-0.003162	
4621.357573	-0.021225	
4621.359227	-0.020270	
4621.360814	-0.010091	
4621.362469	0.003199	
4621.364074	-0.009607	
4621.365706	0.000806	
4621.367339	0.006490	
4621.368932	-0.003754	
4621.370589	-0.015839	
4621.372183	-0.006010	
4621.373863	-0.021765	
4621.375439	-0.025233	
4621.377102	-0.017342	
4621.378672	0.000121	
4621.380385	-0.009176	
4621.381931	0.000802	
4621.383647	0.004963	
4621.385180	-0.007823	
4621.386920	-0.023171	
4621.388447	-0.013293	
4621.390154	-0.023465	
4621.391641	-0.021020	
4621.393430	-0.019666	
4621.394907	-0.005192	
4621.396679	-0.010123	
4621.398157	-0.006836	
4621.399922	0.003400	
4621.401400	0.003070	
4621.403141	-0.015219	
4621.404640	-0.017007	
4621.406361	-0.018450	
4621.407886	-0.024150	
4621.409616	-0.018578	
4621.411151	-0.001402	
4621.412860	-0.003815	
4621.414395	-0.006220	
4621.415914	0.007332	
4621.417483	0.004882	
4621.419002	-0.002046	
4621.420637	-0.014784	
4621.422138	-0.001450	
4621.423778	-0.013974	
4621.425252	-0.021777	
4621.426885	-0.006574	
4621.428366	0.004931	
4621.430002	-0.004431	
4621.431488	0.006800	
4621.433176	0.009301	
4621.434665	0.008012	
4621.436319	-0.005877	
4621.437845	-0.014453	
4621.439465	-0.005059	
4621.441029	-0.017495	
4621.442621	-0.018683	
4621.444211	-0.004371	
4621.445761	0.004391	
4621.447382	-0.002421	
4621.449002	0.007819	
4621.450635	0.012637	
4621.452263	-0.003488	
4621.453940	-0.013374	
4621.455524	-0.005970	
4621.457197	-0.018151	
4621.458764	-0.019811	
4621.460453	-0.017479	
4621.462011	0.002183	
4621.463703	-0.013720	
4621.465260	0.002747	
4621.466952	0.006925	
4621.468500	-0.001788	
4621.470218	-0.019545	
4621.471727	-0.009773	
4621.473473	-0.019731	
4621.474958	-0.023094	
4621.476720	-0.022361	
4621.478204	-0.006063	
4621.479981	-0.011928	
4621.481478	-0.000850	
4621.483247	0.001495	
4621.484724	-0.005035	
4621.486476	-0.021547	
4621.487970	-0.020488	
4621.489721	-0.022647	
4621.491239	-0.027308	
4621.492942	-0.024210	
4621.494463	-0.009044	
4621.496157	-0.005587	
4621.497720	-0.012899	
4621.499411	0.000967	
4621.500970	-0.000777	
4621.502650	-0.015034	
4621.504214	-0.018417	
4621.505850	-0.008806	
4621.507442	-0.023888	
4621.509059	-0.026011	
4621.510680	-0.014558	
4621.512312	-0.000725	
4621.513951	-0.007964	
4621.515559	0.002115	
4621.517187	0.007747	
4621.518786	-0.002513	
4621.520458	-0.016560	
4621.522027	-0.005938	
4621.523727	-0.020798	
4621.525203	-0.018671	
4621.526770	-0.012818	
4621.528264	0.000016	
4621.529886	-0.001470	
4621.531371	-0.000326	
4621.532958	0.006631	
4621.534506	0.007775	
4621.536030	-0.003319	
4621.537640	-0.009724	
4621.539123	-0.002433	
4621.540737	-0.017310	
4621.542263	-0.016528	
4621.543933	-0.005845	
4621.545407	0.011980	
4621.547112	-0.001422	
4621.548596	0.010659	
4621.550304	0.014200	
4621.551783	0.002554	
4621.553496	-0.016431	
4621.555000	-0.007529	
4621.556761	-0.005938	
4621.558239	-0.011529	
4621.560027	-0.014796	
4621.561509	-0.000286	
4621.563274	-0.004870	
4621.564754	0.004347	
4621.566523	0.006421	
4621.568018	0.007283	
4621.569783	-0.013048	
4621.571288	-0.011013	
4621.573028	-0.010747	
4621.574542	-0.020593	
4621.576270	-0.022039	
4621.577795	-0.006522	
4621.579487	-0.002437	
4621.581036	-0.011146	
4621.582707	0.004673	
4621.584271	0.006079	
4621.585928	-0.011742	
4621.587512	-0.020875	
4621.589164	-0.010760	
4621.590756	-0.025733	
4621.592387	-0.030667	
4621.594002	-0.019183	
4621.595621	-0.003436	
4621.597282	-0.014055	
4621.598878	-0.002510	
4621.600526	0.001076	
4621.602116	-0.009466	
4621.603776	-0.022905	
4621.605357	-0.010389	
4621.607063	-0.024722	
4621.608614	-0.026957	
4621.610326	-0.019606	
4621.611867	-0.003859	
4621.613574	-0.016161	
4621.615115	-0.004282	
4621.616832	0.001176	
4621.618343	-0.005990	
4621.620084	-0.026321	
4621.621571	-0.020017	
4621.623347	-0.022993	
4621.624825	-0.028146	
4621.626619	-0.019783	
4621.628098	-0.002735	
4621.629886	-0.005684	
4621.631364	-0.007352	
4621.633127	0.003879	
4621.634633	0.002268	
4621.636204	-0.016371	
4621.637746	-0.017950	
4621.639241	-0.008266	
4621.640879	-0.024174	
4621.642373	-0.021648	
4621.644007	-0.010204	
4621.645533	0.002518	
4621.647168	-0.007944	
4621.648665	0.004600	
4621.650307	0.006437	
4621.651794	0.001414	
4621.653508	-0.012935	
4621.654994	-0.006965	
4621.656700	-0.010755	
4621.658181	-0.018760	
4621.659889	-0.014784	
4621.661367	-0.000943	
4621.663047	-0.002046	
4621.664564	-0.002441	
4621.666266	0.008343	
4621.667804	0.008315	
4621.669495	-0.010558	
4621.671029	-0.017193	
4621.672723	-0.008057	
4621.674275	-0.021467	
4621.675944	-0.018014	
4621.677516	-0.004532	
4621.679169	0.003855	
4621.680766	-0.012778	
4621.682390	0.008286	
4621.684004	0.005338	
4621.685628	-0.004117	
4621.687268	-0.017354	
4621.688878	-0.009406	
4621.690520	-0.021157	
4621.692112	-0.024154	
4621.693776	-0.013257	
4621.695331	0.000947	
4621.697026	-0.011195	
4621.698561	-0.003150	
4621.700259	0.000214	
4621.701805	-0.003541	
4621.703495	-0.020999	
4621.704996	-0.012999	
4621.706734	-0.020826	
4621.708219	-0.025326	
4621.709989	-0.023247	
4621.711467	-0.009555	
4621.713255	-0.009511	
4621.714735	-0.009221	
4621.716483	-0.000040	
4621.717978	-0.000250	
4621.719703	-0.026413	
4621.721215	-0.024593	
4621.722956	-0.016133	
4621.724480	-0.028669	
4621.726190	-0.025882	
4621.727722	-0.011086	
4621.729413	-0.004157	
4621.730971	-0.010482	
4621.732637	0.001297	
4621.734208	0.001684	
4621.735867	-0.005426	
4621.737463	-0.022724	
4621.739101	-0.007380	
4621.740699	-0.022784	
4621.742213	-0.024077	
4621.743835	-0.011372	
4621.745326	0.003509	
4621.746982	-0.006606	
4621.748470	0.003380	
4621.750105	0.010728	
4621.751588	0.005321	
4621.753232	-0.009120	
4621.754712	-0.006357	
4621.756303	-0.009285	
4621.757819	-0.018788	
4621.759365	-0.013889	
4621.760954	0.000999	
4621.762541	0.014168	
4621.764137	0.002365	
4621.765694	0.015062	
4621.767326	0.015271	
4621.768832	0.006389	
4621.770516	-0.008081	
4621.771993	0.003811	
4621.773716	-0.010872	
4621.775272	-0.014514	
4621.776950	-0.011424	
4621.778500	0.007239	
4621.780196	-0.000181	
4621.781728	0.007694	
4621.783456	0.013680	
4621.784934	0.006780	
4621.786709	-0.010884	
4621.788186	-0.011372	
4621.789964	-0.013394	
4621.791445	-0.019412	
4621.793216	-0.015590	
4621.794702	-0.003718	
4621.796475	-0.000753	
4621.797971	-0.001998	
4621.799729	0.006172	
4621.801245	0.001696	
4621.802966	-0.013660	
4621.804490	-0.019783	
4621.806197	-0.013003	
4621.807742	-0.022381	
4621.809437	-0.016238	
4621.810993	-0.008250	
4621.812674	-0.002840	
4621.814236	-0.015964	
4621.815901	0.001104	
4621.817484	0.004327	
4621.819129	-0.009035	
4621.820730	-0.021048	
4621.822349	-0.012609	
4621.823981	-0.023618	
4621.825612	-0.025600	
4621.827248	-0.013801	
4621.828847	-0.000403	
4621.830491	-0.008778	
4621.832083	0.001035	
4621.833780	-0.002796	
4621.835346	-0.009233	
4621.837034	-0.021491	
4621.838581	-0.012049	
4621.840267	-0.024307	
4621.841821	-0.027364	
4621.843506	-0.012653	
4621.845033	-0.003267	
4621.846793	-0.012701	
4621.848270	-0.000117	
4621.850053	0.003102	
4621.851535	-0.000713	
4621.853311	-0.018683	
4621.854792	-0.016520	
4621.856408	-0.015187	
4621.857930	-0.026506	
4621.859481	-0.023247	
4621.861061	-0.008919	
4621.862550	0.003090	
4621.864207	-0.009293	
4621.865695	0.001906	
4621.867332	0.005326	
4621.868848	-0.002570	
4621.870514	-0.021813	
4621.871988	-0.009293	
4621.873704	-0.019038	
4621.875198	-0.019654	
4621.876918	-0.012629	
4621.878399	0.004822	
4621.880127	-0.001664	
4621.881611	-0.003295	
4621.883308	0.011320	
4621.884788	0.006776	
4621.886553	-0.012560	
4621.888032	-0.009466	
4621.889779	-0.004689	
4621.891280	-0.016516	
4621.893013	-0.015231	
4621.894550	-0.000459	
4621.896274	0.005233	
4621.897796	-0.001849	
4621.899496	0.004121	
4621.901036	0.010740	
4621.902743	-0.002014	
4621.904295	-0.011239	
4621.905982	-0.005624	
4621.907550	-0.017084	
4621.909213	-0.019638	
4621.910809	-0.008673	
4621.912459	0.005289	
4621.914054	-0.006195	
4621.915689	0.003710	
4621.917304	0.004471	
4621.918913	-0.001652	
4621.920576	-0.017104	
4621.922154	-0.009245	
4621.923831	-0.020548	
4621.925419	-0.022216	
4621.927065	-0.017797	
4621.928637	0.000955	
4621.930309	-0.005047	
4621.931856	-0.002755	
4621.933538	0.008476	
4621.935061	-0.002562	
4621.936790	-0.017652	
4621.938273	-0.017422	
4621.940036	-0.010731	
4621.941522	-0.014989	
4621.943283	-0.017926	
4621.944764	-0.003355	
4621.946531	-0.001329	
4621.948019	-0.004419	
4621.949804	0.005749	
4621.951292	0.001676	
4621.953024	-0.011436	
4621.954535	-0.016161	
4621.956273	-0.007964	
4621.957795	-0.016689	
4621.959502	-0.018083	
4621.961042	-0.004209	
4621.962561	0.005245	
4621.964134	-0.004616	
4621.965636	0.004492	
4621.967279	0.009281	
4621.968766	0.003025	
4621.970378	-0.016685	
4621.971855	-0.002973	
4621.973473	-0.015477	
4621.974961	-0.021970	
4621.976584	-0.019046	
4621.978093	-0.010236	
4621.979770	0.003050	
4621.981264	-0.003863	
4621.982921	0.004842	
4621.984441	0.004258	
4621.986069	-0.009011	
4621.987620	-0.024778	
4621.989211	-0.012254	
4621.990799	-0.022840	
4621.992472	-0.022442	
4621.994077	-0.007726	
4621.995713	0.000451	
4621.997322	-0.007509	
4621.998952	0.004596	
4622.000573	0.002755	
4622.002176	-0.003218	
4622.003823	-0.016689	
4622.005403	-0.009539	
4622.007079	-0.019058	
4622.008632	-0.025870	
4622.010322	-0.016879	
4622.011857	-0.000528	
4622.013562	-0.005398	
4622.015106	-0.000681	
4622.016808	0.005906	
4622.018307	-0.004040	
4622.020087	-0.018969	
4622.021562	-0.009849	
4622.023331	-0.019920	
4622.024815	-0.023852	
4622.026568	-0.018441	
4622.028053	-0.003593	
4622.029805	-0.001748	
4622.031302	-0.003074	
4622.033041	0.002075	
4622.034551	0.003573	
4622.036277	-0.014067	
4622.037795	-0.016774	
4622.039501	-0.011336	
4622.041030	-0.021966	
4622.042737	-0.017704	
4622.044285	-0.005478	
4622.045968	0.004802	
4622.047532	-0.004532	
4622.049183	0.002510	
4622.050786	0.005499	
4622.052430	-0.008105	
4622.054028	-0.020979	
4622.055657	-0.009978	
4622.057255	-0.023590	
4622.058873	-0.020685	
4622.060548	-0.013406	
4622.062139	0.000097	
4622.063796	-0.008109	
4622.065382	-0.000052	
4622.067048	0.007412	
4622.068618	-0.000423	
4622.070280	-0.016532	
4622.071771	-0.009825	
4622.073402	-0.017402	
4622.074893	-0.021982	
4622.076532	-0.016637	
4622.078009	0.001007	
4622.079596	0.000266	
4622.081109	-0.007025	
4622.082647	0.004564	
4622.084221	0.008653	
4622.085814	-0.009217	
4622.087414	-0.020460	
4622.088971	-0.007339	
4622.090593	-0.018321	
4622.092090	-0.021713	
4622.093779	-0.013172	
4622.095256	0.001426	
4622.096981	-0.007392	
4622.098454	-0.000262	
4622.100153	0.006031	
4622.101664	-0.001104	
4622.103395	-0.012415	
4622.104879	-0.011823	
4622.106647	-0.015783	
4622.108141	-0.024037	
4622.109928	-0.022019	
4622.111411	-0.004524	
4622.113195	0.000943	
4622.114675	-0.007259	
4622.116427	0.003404	
4622.117923	0.000745	
4622.119680	-0.015557	
4622.121202	-0.017680	
4622.122946	-0.007319	
4622.124456	-0.020468	
4622.126158	-0.018176	
4622.127697	-0.008302	
4622.129371	0.002699	
4622.130921	-0.005482	
4622.132592	0.003283	
4622.134154	0.007537	
4622.135798	-0.003915	
4622.137399	-0.018506	
4622.139028	-0.010969	
4622.140641	-0.023006	
4622.142266	-0.024186	
4622.143884	-0.010272	
4622.145480	-0.000556	
4622.147149	-0.007057	
4622.148723	0.001076	
4622.150398	0.006441	
4622.151963	-0.001700	
4622.153650	-0.019360	
4622.155211	-0.010046	
4622.156912	-0.014764	
4622.158485	-0.021434	
4622.160204	-0.013785	
4622.161747	-0.001039	
4622.163473	-0.004189	
4622.164979	-0.004032	
4622.166732	0.006691	
4622.168216	0.003110	
4622.169972	-0.014047	
4622.171461	-0.013003	
4622.173247	-0.015203	
4622.174724	-0.020029	
4622.176493	-0.020601	
4622.178004	-0.008862	
4622.179496	-0.002115	
4622.181068	-0.010727	
4622.182600	0.010127	
4622.184238	-0.002526	
4622.185727	-0.010981	
4622.187347	-0.016834	
4622.188859	-0.007086	
4622.190508	-0.021116	
4622.191990	-0.020492	
4622.193644	-0.018707	
4622.195113	0.000862	
4622.196813	-0.009446	
4622.198289	-0.001301	
4622.199980	0.011682	
4622.201459	0.002155	
4622.203167	-0.012455	
4622.204650	-0.015783	
4622.206305	-0.011110	
4622.207828	-0.017402	
4622.209576	-0.020371	
4622.211098	-0.010506	
4622.212818	-0.000503	
4622.214351	-0.013032	
4622.216053	0.009221	
4622.217606	0.005475	
4622.219287	-0.008943	
4622.220850	-0.016858	
4622.222505	-0.009225	
4622.224100	-0.023279	
4622.225748	-0.022869	
4622.227352	-0.015593	
4622.228999	-0.000793	
4622.230594	-0.008532	
4622.232200	-0.001257	
4622.233864	0.006679	
4622.235452	-0.002973	
4622.237115	-0.022921	
4622.238706	-0.012105	
4622.240365	-0.020540	
4622.241953	-0.022897	
4622.243650	-0.019686	
4622.245217	-0.005112	
4622.246918	-0.006860	
4622.248450	0.001692	
4622.250150	0.005265	
4622.251664	-0.002300	
4622.253401	-0.017346	
4622.254887	-0.013261	
4622.256667	-0.016923	
4622.258157	-0.023622	
4622.259941	-0.019851	
4622.261416	-0.002010	
4622.263182	0.003775	
4622.264657	-0.002844	
4622.266404	0.006695	
4622.267903	0.005193	
4622.269626	-0.010768	
4622.271147	-0.013857	
4622.272862	-0.006675	
4622.274400	-0.023626	
4622.276126	-0.019718	
4622.277663	-0.008955	
4622.279351	0.004629	
4622.280897	-0.006965	
4622.282572	0.005531	
4622.284143	0.010147	
4622.285813	-0.000141	
4622.287424	-0.018675	
4622.288924	-0.003895	
4622.290571	-0.021165	
4622.292086	-0.020557	
4622.293720	-0.016294	
4622.295197	0.004935	
4622.296834	-0.001257	
4622.298313	-0.001120	
4622.299947	0.007642	
4622.301450	0.003295	
4622.303125	-0.011195	
4622.304632	-0.015368	
4622.306301	-0.006498	
4622.307802	-0.018889	
4622.309435	-0.022301	
4622.310978	-0.008866	
4622.312604	0.003601	
4622.314188	-0.006276	
4622.315758	0.001479	
4622.317368	0.006893	
4622.318984	-0.000596	
4622.320600	-0.015557	
4622.322212	-0.008048	
4622.323873	-0.019352	
4622.325478	-0.021261	
4622.327122	-0.013712	
4622.328721	-0.002252	
4622.330398	-0.004435	
4622.331962	-0.003416	
4622.333661	0.006216	
4622.335210	0.000125	
4622.336903	-0.017402	
4622.338456	-0.013869	
4622.340145	-0.014599	
4622.341673	-0.020657	
4622.343403	-0.021946	
4622.344897	-0.006808	
4622.346655	-0.004757	
4622.348143	-0.004870	
4622.349922	-0.000451	
4622.351399	0.003972	
4622.353184	-0.014010	
4622.354668	-0.017193	
4622.356437	-0.016717	
4622.357933	-0.017781	
4622.359688	-0.024279	
4622.361190	-0.013108	
4622.362909	-0.000246	
4622.364429	-0.009116	
4622.366132	0.004331	
4622.367670	0.009318	
4622.369346	-0.009660	
4622.370893	-0.013877	
4622.372544	-0.009893	
4622.374117	-0.019582	
4622.375756	-0.019376	
4622.377334	-0.009281	
4622.378977	0.000492	
4622.380581	-0.002767	
4622.382213	0.003771	
4622.383877	0.006409	
4622.385471	0.001595	
4622.387132	-0.012580	
4622.388715	-0.006441	
4622.390388	-0.016129	
4622.391971	-0.017608	
4622.393627	-0.013068	
4622.395115	0.005700	
4622.396660	-0.000870	
4622.398161	-0.000177	
4622.399767	0.007674	
4622.401276	0.006635	
4622.402848	-0.008802	
4622.404381	-0.018345	
4622.405917	-0.005349	
4622.407526	-0.024085	
4622.409019	-0.018844	
4622.410646	-0.013575	
4622.412189	0.002675	
4622.413846	-0.008197	
4622.415331	0.000012	
4622.417047	0.007553	
4622.418522	-0.002723	
4622.420259	-0.016101	
4622.421730	-0.014671	
4622.423446	-0.020593	
4622.424925	-0.025596	
4622.426639	-0.020528	
4622.428121	-0.002759	
4622.429879	-0.000709	
4622.431367	-0.008298	
4622.433155	0.002429	
4622.434641	0.001934	
4622.436388	-0.008314	
4622.437885	-0.023114	
4622.439637	-0.015388	
4622.441145	-0.018309	
4622.442868	-0.022595	
4622.444389	-0.009551	
4622.446098	0.002703	
4622.447657	-0.006792	
4622.449339	0.004878	
4622.450894	0.007110	
4622.452558	-0.010365	
4622.454123	-0.022627	
4622.455798	-0.006123	
4622.457381	-0.022667	
4622.459007	-0.025741	
4622.460626	-0.010498	
4622.462246	0.004258	
4622.463881	-0.005100	
4622.465482	0.003992	
4622.467142	0.008705	
4622.468733	-0.003077	
4622.470400	-0.018643	
4622.471971	-0.010961	
4622.473660	-0.018047	
4622.475233	-0.025644	
4622.476941	-0.025390	
4622.478496	-0.000902	
4622.480175	-0.002594	
4622.481723	0.003271	
4622.483438	0.004198	
4622.484968	0.003388	
4622.486733	-0.016266	
4622.488222	-0.007686	
4622.489989	-0.018361	
4622.491469	-0.020552	
4622.493244	-0.021068	
4622.494730	-0.003617	
4622.496487	0.000355	
4622.497975	0.000326	
4622.499722	0.006216	
4622.501218	0.002095	
4622.502973	-0.007924	
4622.504501	-0.020125	
4622.505988	-0.010610	
4622.507582	-0.020693	
4622.509071	-0.025435	
4622.510681	-0.013418	
4622.512196	-0.000310	
4622.513860	-0.010260	
4622.515338	-0.001990	
4622.516966	0.012919	
4622.518441	-0.000165	
4622.520094	-0.025616	
4622.521575	-0.016161	
4622.523289	-0.014010	
4622.524774	-0.019416	
4622.526484	-0.021024	
4622.527969	-0.009120	
4622.529642	-0.001317	
4622.531160	-0.015444	
4622.532794	0.001499	
4622.534339	0.004770	
4622.535971	-0.010377	
4622.537524	-0.027336	
4622.539177	-0.016447	
4622.540758	-0.024597	
4622.542404	-0.025491	
4622.543988	-0.017447	
4622.545615	-0.005551	
4622.547233	-0.011694	
4622.548834	-0.000334	
4622.550510	0.001426	
4622.552104	-0.003629	
4622.553753	-0.017575	
4622.555353	-0.016290	
4622.557024	-0.020013	
4622.558615	-0.024790	
4622.560322	-0.017547	
4622.561877	-0.002510	
4622.563590	-0.001563	
4622.565128	-0.001454	
4622.566820	0.005007	
4622.568351	0.003843	
4622.570052	-0.012359	
4622.571541	-0.006852	
4622.573311	-0.012745	
4622.574792	-0.020037	
4622.576564	-0.010961	
4622.578052	-0.003791	
4622.579826	-0.001378	
4622.581312	-0.007239	
4622.583040	0.009890	
4622.584541	0.004979	
4622.586283	-0.001164	
4622.587804	-0.016234	
4622.589544	-0.012943	
4622.591071	-0.019868	
4622.592790	-0.016617	
4622.594331	-0.004673	
4622.596019	0.001930	
4622.597581	-0.005233	
4622.599244	0.012669	
4622.600812	0.008617	
4622.602490	-0.000701	
4622.604072	-0.019618	
4622.605731	-0.008991	
4622.607315	-0.016911	
4622.608962	-0.018591	
4622.610588	-0.006570	
4622.612213	0.006284	
4622.613864	-0.004838	
4622.615358	0.004472	
4622.617000	0.002034	
4622.618468	0.003714	
4622.620083	-0.013044	
4622.621567	-0.009511	
4622.623211	-0.016645	
4622.624717	-0.025398	
4622.626313	-0.020323	
4622.627841	-0.004064	
4622.629400	0.006107	
4622.630954	-0.010949	
4622.632563	0.003352	
4622.634136	0.003223	
4622.635722	-0.005358	
4622.637306	-0.018204	
4622.638853	-0.012186	
4622.640513	-0.021406	
4622.642006	-0.023582	
4622.643728	-0.015074	
4622.645307	-0.001897	
4622.646992	-0.002832	
4622.648552	-0.002602	
4622.650247	0.003408	
4622.651813	0.003227	
4622.653507	-0.014715	
4622.655072	-0.015674	
4622.656798	-0.012891	
4622.658325	-0.027530	
4622.660061	-0.023155	
4622.661545	-0.003436	
4622.663326	-0.007569	
4622.664801	-0.010945	
4622.666576	0.003331	
4622.668065	0.005821	
4622.669819	-0.012677	
4622.671310	-0.019549	
4622.673092	-0.014413	
4622.674577	-0.020250	
4622.676340	-0.023779	
4622.677842	-0.006840	
4622.679575	0.002780	
4622.681092	-0.010276	
4622.682819	0.002872	
4622.684361	0.002824	
4622.686052	-0.009152	
4622.687593	-0.022611	
4622.689291	-0.004717	
4622.690845	-0.020194	
4622.692517	-0.023493	
4622.694097	-0.014236	
4622.695769	0.001636	
4622.697371	-0.006635	
4622.699001	0.000939	
4622.700612	0.007883	
4622.702235	-0.001261	
4622.703857	-0.014808	
4622.705463	-0.011465	
4622.707105	-0.021370	
4622.708701	-0.018373	
4622.710375	-0.013289	
4622.711942	0.003009	
4622.713630	-0.003275	
4622.715174	0.002566	
4622.716884	0.004029	
4622.718430	0.004339	
4622.720106	-0.015074	
4622.721646	-0.014055	
4622.723384	-0.014256	
4622.724878	-0.018027	
4622.726447	-0.018965	
4622.727949	-0.006026	
4622.729531	0.004786	
4622.731057	-0.003513	
4622.732596	0.003589	
4622.734200	0.005346	
4622.735693	-0.003859	
4622.737338	-0.016581	
4622.738841	-0.009571	
4622.740505	-0.028823	
4622.741981	-0.023739	
4622.743702	-0.010824	
4622.745183	-0.001937	
4622.746910	-0.001301	
4622.748382	-0.001801	
4622.750084	0.006216	
4622.751566	0.002490	
4622.753261	-0.014574	
4622.754750	-0.012613	
4622.756514	-0.011501	
4622.758004	-0.021592	
4622.759804	-0.022224	
4622.761283	-0.012927	
4622.763049	0.000975	
4622.764541	-0.007432	
4622.766249	0.002216	
4622.767766	0.006699	
4622.769484	-0.010784	
4622.771022	-0.019896	
4622.772742	-0.008157	
4622.774290	-0.021471	
4622.775979	-0.020750	
4622.777534	-0.010510	
4622.779220	-0.001974	
4622.780779	-0.004939	
4622.782417	0.005418	
4622.784008	0.009112	
4622.785633	-0.002900	
4622.787244	-0.017422	
4622.788870	-0.010115	
4622.790484	-0.018494	
4622.792075	-0.024633	
4622.793712	-0.018393	
4622.795309	-0.002123	
4622.797010	-0.008427	
4622.798576	-0.001704	
4622.800270	0.005128	
4622.801817	-0.003464	
4622.803529	-0.020593	
4622.805076	-0.014127	
4622.806770	-0.013789	
4622.808312	-0.024424	
4622.810051	-0.015936	
4622.811532	-0.003875	
4622.813316	-0.008165	
4622.814793	-0.000971	
4622.816563	0.012637	
4622.818049	0.001632	
4622.819815	-0.016520	
4622.821300	-0.022329	
4622.823078	-0.011626	
4622.824561	-0.024262	
4622.826333	-0.022220	
4622.827840	-0.007968	
4622.829575	0.002868	
4622.831096	-0.003779	
4622.832798	0.005511	
4622.834341	0.014127	
4622.835860	-0.008214	
4622.837484	-0.023034	
4622.838972	-0.009628	
4622.840613	-0.023090	
4622.842128	-0.022546	
4622.843769	-0.016222	
4622.845245	0.003166	
4622.846881	0.001901	
4622.848357	-0.002308	
4622.849990	0.000109	
4622.851473	0.003743	
4622.853160	-0.016298	
4622.854659	-0.019392	
4622.856347	-0.009176	
4622.857835	-0.022027	
4622.859507	-0.018929	
4622.861031	-0.014780	
4622.862666	-0.000870	
4622.864218	-0.012254	
4622.865894	0.003940	
4622.867458	0.008073	
4622.869128	-0.008729	
4622.870718	-0.022276	
4622.872367	-0.008963	
4622.873968	-0.021511	
4622.875617	-0.026071	
4622.877216	-0.013922	
4622.878848	0.000262	
4622.880473	-0.000665	
4622.882057	0.005700	
4622.883714	0.004935	
4622.885291	0.001624	
4622.886961	-0.016065	
4622.888517	-0.011440	
4622.890218	-0.017032	
4622.891776	-0.022176	
4622.893474	-0.021092	
4622.895033	-0.003162	
4622.896744	-0.002949	
4622.898257	-0.002566	
4622.900005	0.004270	
4622.901480	0.005748	
4622.903244	-0.007331	
