time (s)	magX	magY	magZ
4098.383787	463.062531	312.916412	-594.798401
4098.387119	469.491516	304.675629	-621.040344
4098.390452	475.745209	295.265930	-647.340698
4098.394726	487.609589	274.167145	-698.480408
4098.397970	491.759216	262.010529	-724.021057
4098.401304	495.558167	248.918777	-750.379883
4098.404648	498.714203	236.469910	-776.621887
4098.407985	500.526001	222.092346	-801.987183
4098.410866	503.039185	207.071869	-826.884827
4098.414207	502.746918	191.291641	-851.724121
4098.417570	503.039185	174.751602	-876.095886
4098.420900	502.630035	158.211578	-899.473938
4098.424247	501.168915	140.444183	-922.676758
4098.427120	498.947998	122.501457	-945.704285
4098.430452	495.616577	103.682053	-967.095276
4098.433785	492.168335	85.622444	-988.077148
4098.437124	488.194031	66.043251	-1007.656372
4098.440447	483.109283	46.171829	-1027.761597
4098.443786	476.388062	25.657511	-1046.288696
4098.447113	470.309784	4.850964	-1063.296265
4098.450448	462.711853	-17.475161	-1079.894775
4098.453781	455.347717	-38.047924	-1095.149048
4098.457109	446.873199	-60.666275	-1108.357666
4098.460452	438.573944	-82.349503	-1120.455811
4098.463777	429.105804	-104.617180	-1132.787842
4098.467122	418.527161	-127.586212	-1142.255981
4098.470446	407.948578	-151.022797	-1150.555176
4098.473781	397.662201	-173.699600	-1157.627075
4098.477114	385.914673	-197.428406	-1163.062622
4098.480444	373.582703	-220.572754	-1167.270508
4098.483779	361.133850	-243.775558	-1169.666870
4098.487105	347.632965	-266.335480	-1170.718872
4098.490441	334.015198	-289.246063	-1168.439453
4098.493777	321.157227	-311.864410	-1164.991211
4098.497109	306.838104	-333.430756	-1160.549316
4098.500451	292.752777	-354.938629	-1154.997070
4098.505087	263.062531	-394.915253	-1137.112793
4098.507972	248.275848	-414.026886	-1125.715942
4098.511307	234.015198	-432.495605	-1113.617798
4098.514648	219.812958	-449.386322	-1099.824585
4098.517973	204.675629	-466.160156	-1085.271729
4098.520888	190.882523	-483.226196	-1069.024048
4098.524222	175.628296	-497.369965	-1052.074829
4098.527574	161.659851	-509.994171	-1033.196899
4098.530865	147.866745	-522.326111	-1013.793091
4098.534200	134.132080	-532.437195	-993.629456
4098.537106	120.046761	-543.015747	-973.348877
4098.540442	107.013443	-552.016357	-953.477478
4098.543775	93.746346	-560.198730	-932.261841
4098.547132	81.005257	-567.504395	-910.987732
4098.550438	69.725304	-573.465820	-888.778503
4098.553775	57.568676	-578.959656	-867.095276
4098.557104	47.282291	-583.576843	-844.769104
4098.560432	36.002338	-587.375793	-823.728821
4098.563774	26.066628	-590.064270	-801.636475
4098.567104	16.656927	-591.934509	-780.537720
4098.570433	7.305669	-593.395691	-759.497375
4098.573769	-2.630041	-594.798401	-738.457031
4098.577104	-9.585038	-595.265930	-718.877869
4098.580436	-17.825832	-594.739929	-698.363525
4098.583762	-24.722383	-594.447693	-678.842773
4098.587171	-31.502045	-592.928101	-659.146667
4098.590471	-38.106369	-591.759216	-639.801270
4098.593768	-43.717125	-590.239624	-620.923401
4098.597108	-49.444767	-587.901855	-602.162476
4098.600431	-54.646408	-585.037964	-583.635254
4098.603767	-59.964931	-582.466431	-566.043213
4098.607096	-63.997662	-579.661011	-547.632996
4098.610433	-68.030396	-575.920532	-529.982483
4098.613760	-72.355347	-571.887756	-513.325562
4098.618393	-80.187019	-563.822327	-478.842773
4098.621304	-82.817062	-560.257141	-462.302734
4098.624637	-85.973114	-556.107544	-445.762726
4098.628015	-88.720047	-551.081238	-430.099335
4098.631363	-92.051437	-546.347168	-414.962006
4098.634223	-94.272354	-541.496155	-398.655762
4098.637520	-96.668610	-535.593201	-384.278198
4098.640857	-99.006424	-531.560486	-369.725311
4098.644192	-100.409111	-525.540649	-355.055511
4098.647097	-102.863823	-519.929871	-341.145538
4098.650428	-104.617180	-515.137329	-327.819977
4098.653757	-106.253647	-509.117462	-314.377533
4098.657092	-107.656334	-503.740509	-301.285797
4098.660428	-108.825241	-498.305084	-288.836945
4098.663757	-110.870834	-492.285217	-277.732330
4098.667099	-111.163071	-486.499115	-266.861481
4098.670426	-112.390411	-481.239044	-255.990646
4098.673758	-114.202225	-474.517822	-244.360016
4098.677102	-114.845123	-469.433075	-234.132080
4098.680426	-115.663353	-463.296326	-225.131516
4098.683759	-116.832260	-457.568695	-216.247803
4098.687110	-117.358269	-452.425476	-207.188766
4098.690422	-118.001160	-446.873199	-199.707764
4098.693753	-119.286964	-441.496185	-191.876099
4098.697089	-120.689651	-436.586823	-183.693741
4098.700423	-120.864990	-431.677399	-176.680298
4098.703753	-121.332550	-426.475769	-170.835770
4098.707114	-121.917007	-421.741669	-163.179428
4098.710419	-122.033897	-416.773804	-156.867325
4098.713753	-122.384575	-412.098175	-151.373474
4098.717091	-122.618355	-407.422546	-145.587372
4098.720428	-122.618355	-402.980713	-140.677963
4098.723752	-123.436584	-398.831085	-135.417877
4098.728488	-122.852135	-391.291656	-125.715958
4098.731308	-123.319695	-387.083588	-121.858559
4098.734674	-123.670364	-382.875519	-117.358269
4098.738043	-123.144363	-379.661011	-112.916420
4098.741276	-123.144363	-375.803619	-109.175919
4098.744180	-123.085915	-371.712433	-104.850960
4098.747509	-122.092346	-368.381073	-100.935127
4098.750864	-122.443024	-364.757446	-97.837517
4098.754173	-121.566330	-361.250732	-93.980125
4098.757510	-121.157219	-357.334900	-89.888954
4098.760420	-121.624779	-353.652832	-86.090004
4098.763753	-120.923439	-349.912323	-83.109299
4098.767081	-119.696083	-347.574524	-80.070129
4098.770412	-118.059608	-344.301575	-76.797195
4098.773749	-118.994736	-340.093506	-73.232033
4098.777084	-118.059608	-337.989471	-70.543541
4098.780433	-117.884277	-334.891876	-67.855057
4098.783748	-117.475166	-331.502045	-64.582115
4098.787076	-117.475166	-328.404449	-61.893631
4098.790411	-116.656921	-325.482178	-58.854473
4098.793763	-116.130913	-322.676788	-55.406197
4098.797076	-116.481590	-319.403870	-53.477497
4098.800415	-116.540039	-316.715363	-50.789009
4098.803747	-116.072479	-314.260681	-47.925190
4098.807080	-115.546463	-310.929260	-45.353596
4098.810411	-115.721802	-308.825256	-43.249561
4098.813750	-115.604912	-306.078308	-40.561073
4098.817078	-115.312683	-303.915833	-39.099941
4098.820412	-115.078903	-301.285797	-37.697254
4098.823765	-115.020454	-299.123322	-36.119228
4098.827080	-114.728226	-296.785492	-33.898308
4098.830408	-114.903572	-295.090576	-32.203392
4098.833746	-115.488014	-292.986572	-29.865574
4098.838429	-115.721802	-289.421387	-27.761543
4098.841397	-115.429565	-287.726471	-26.475746
4098.844648	-115.838692	-286.382233	-25.540621
4098.847940	-115.780243	-284.395111	-23.845703
4098.851250	-115.838692	-283.109283	-23.495031
4098.854169	-116.014030	-282.583282	-23.202805
4098.857501	-116.247810	-280.771484	-22.559906
4098.860830	-115.838692	-279.894806	-21.624781
4098.864168	-116.423141	-278.784332	-21.040327
4098.867534	-116.832260	-278.258331	-20.280537
4098.870406	-116.656921	-277.381653	-20.631210
4098.873735	-117.592049	-276.271179	-19.520748
4098.877084	-117.592049	-275.978973	-19.403856
4098.880413	-118.176506	-274.985382	-19.462303
4098.883738	-117.767380	-274.985382	-19.286966
4098.887075	-117.475166	-273.582703	-18.293396
4098.890407	-118.118057	-273.407349	-18.936295
4098.893735	-118.351837	-273.173584	-18.234951
4098.897074	-118.351837	-272.004669	-17.533606
4098.900407	-119.286964	-272.355347	-17.708942
4098.903734	-118.994736	-271.011108	-17.884277
4098.907068	-118.994736	-270.601990	-16.949154
4098.910422	-119.403862	-270.426666	-16.130919
4098.913737	-119.403862	-270.017517	-16.481590
4098.917071	-119.812981	-269.959106	-16.832262
4098.920401	-120.222092	-269.257751	-16.540035
4098.923734	-120.397423	-268.731750	-15.955583
4098.927064	-120.280540	-268.907074	-14.669784
4098.930394	-120.923439	-268.381073	-14.962010
4098.933732	-121.274117	-268.322601	-15.078900
4098.937064	-121.507896	-268.088837	-15.020455
4098.940399	-122.150787	-267.971954	-14.494448
4098.943726	-122.150787	-267.913513	-14.611338
4098.947060	-123.027466	-267.679718	-14.260666
4098.951264	-123.436584	-267.971954	-14.436002
4098.954611	-123.670364	-267.621277	-14.786674
4098.957916	-125.306831	-267.971954	-14.494448
4098.961261	-125.482178	-267.971954	-14.494448
4098.964599	-125.774399	-267.971954	-14.786674
4098.967495	-126.767967	-268.205750	-15.488018
4098.970863	-127.410873	-268.731750	-15.663354
4098.974180	-128.112213	-269.257751	-15.546463
4098.977514	-129.339569	-269.725311	-16.656927
4098.980395	-130.157806	-270.251312	-17.066044
4098.983732	-130.333130	-270.660431	-17.708942
4098.987061	-131.034485	-271.186462	-17.358271
4098.990392	-132.554062	-272.881378	-19.520748
4098.993731	-133.430740	-273.524261	-20.163647
4098.997088	-134.541199	-275.219177	-21.800117
4099.000396	-135.184097	-275.745178	-22.326126
4099.003727	-136.528351	-277.323212	-23.611923
4099.007060	-137.814148	-277.849213	-25.599066
4099.010408	-139.099945	-279.427246	-27.703098
4099.013726	-140.561081	-281.355927	-28.404442
4099.017053	-141.554642	-282.466400	-30.917591
4099.020391	-142.022202	-283.752197	-31.969610
4099.023720	-143.191116	-285.447083	-33.372299
4099.027060	-144.535370	-287.726471	-34.833431
4099.030395	-145.470490	-289.246063	-36.528347
4099.033726	-146.814728	-290.648743	-38.924606
4099.037059	-148.158966	-291.817627	-40.093510
4099.040410	-149.503220	-294.623016	-42.080654
4099.043723	-150.555237	-296.142609	-43.775570
4099.047054	-151.782578	-297.545288	-45.996494
4099.050411	-153.302155	-299.707764	-47.632961
4099.053734	-154.237289	-301.285797	-49.152542
4099.057051	-155.289307	-303.740509	-52.425480
4099.061675	-157.977798	-307.422577	-56.282879
4099.064602	-159.614258	-309.175934	-58.270020
4099.067923	-160.958511	-311.396851	-60.841614
4099.071258	-162.594971	-313.617767	-63.062538
4099.074684	-164.289886	-315.546478	-65.225014
4099.077516	-165.926361	-317.299805	-67.036819
4099.080832	-167.621277	-319.403870	-70.601990
4099.084177	-168.965515	-321.507874	-72.822914
4099.087477	-170.718872	-322.852142	-75.043831
4099.090809	-173.056702	-324.956146	-77.440094
4099.093715	-174.576263	-328.053772	-79.836349
4099.097051	-176.212738	-330.157806	-83.869080
4099.100386	-178.375214	-332.495605	-85.680893
4099.103719	-180.479248	-335.300995	-89.888954
4099.107052	-182.524841	-337.405029	-92.928108
4099.110380	-184.687317	-340.853302	-96.551720
4099.113711	-187.200470	-342.665100	-100.058449
4099.117042	-189.129166	-345.528931	-104.091179
4099.120383	-191.466980	-348.568085	-108.591461
4099.123713	-194.155472	-351.315033	-112.857971
4099.127050	-196.610168	-354.471069	-117.241379
4099.130376	-198.831100	-357.159576	-121.566330
4099.133713	-201.753357	-361.016937	-127.060196
4099.137048	-204.558731	-364.348328	-131.911163
4099.140402	-207.130341	-367.679718	-137.638809
4099.143721	-210.111053	-370.543549	-144.243134
4099.147041	-213.325546	-374.050262	-148.801880
4099.150377	-216.189362	-378.082977	-155.347748
4099.153710	-218.994736	-381.706604	-162.419647
4099.157045	-221.975449	-385.797791	-168.673294
4099.160376	-224.605484	-388.836945	-175.160736
4099.163709	-228.112213	-393.337219	-182.583282
4099.167039	-231.092926	-397.369965	-190.064285
4099.170405	-233.430740	-401.052002	-196.201050
4099.174559	-239.450623	-409.117462	-212.331970
4099.177906	-242.489761	-413.033295	-220.748093
4099.181243	-245.762711	-416.598450	-228.229111
4099.184664	-248.977203	-420.806549	-237.054352
4099.187986	-252.191711	-424.839264	-246.171829
4099.190804	-255.698425	-428.112213	-254.763290
4099.194130	-259.146698	-432.670959	-263.296326
4099.197464	-262.244293	-435.943878	-271.829346
4099.200799	-265.341888	-439.625916	-281.063690
4099.203706	-268.848633	-443.424896	-290.414948
4099.207036	-271.887787	-446.931610	-300.000000
4099.210374	-275.862061	-451.081238	-310.286377
4099.213704	-279.310333	-454.938660	-320.572754
4099.217033	-282.641724	-457.860901	-330.742249
4099.220374	-286.557587	-461.192261	-341.379303
4099.223707	-290.239624	-464.874359	-352.074829
4099.227040	-294.155457	-467.913483	-362.770325
4099.230372	-298.012848	-470.894196	-374.693146
4099.233704	-302.396240	-474.751617	-385.447083
4099.237037	-306.195221	-478.316772	-397.837524
4099.240392	-309.935699	-481.472839	-410.461700
4099.243709	-313.559326	-484.395081	-423.202789
4099.247038	-317.767395	-487.609589	-436.236084
4099.250365	-321.274109	-489.830505	-449.386322
4099.253701	-326.066650	-491.817657	-463.822327
4099.257074	-330.625366	-495.265900	-478.082977
4099.260364	-333.781403	-496.610168	-492.928131
4099.263705	-338.223267	-498.538879	-508.123932
4099.267032	-342.139099	-500.292206	-524.663940
4099.270384	-345.704285	-502.220917	-540.385742
4099.273695	-349.795441	-503.156036	-556.691956
4099.277033	-353.477509	-504.383423	-573.407349
4099.280367	-357.451782	-505.260071	-590.765625
4099.285053	-364.815918	-506.779663	-626.241943
4099.287978	-368.030396	-506.662750	-644.418457
4099.291329	-370.952667	-506.312073	-663.296326
4099.294630	-374.342499	-505.902954	-681.706604
4099.297882	-376.914093	-505.260071	-701.110474
4099.300826	-379.602570	-503.974304	-720.105225
4099.304123	-381.531250	-502.337830	-738.632385
4099.307456	-383.927551	-500.409119	-758.094666
4099.310781	-385.856232	-498.421967	-778.433655
4099.314115	-388.077148	-495.149048	-797.779053
4099.317025	-389.713623	-491.934540	-817.299866
4099.320359	-390.356506	-488.194031	-836.703674
4099.323691	-391.350067	-484.102875	-855.698364
4099.327024	-392.518982	-479.602570	-875.569824
4099.330363	-393.044983	-473.115173	-893.570984
4099.333696	-393.921692	-468.322601	-912.507324
4099.337024	-393.629456	-462.945648	-930.800720
4099.340361	-393.746338	-456.867310	-949.035645
4099.343724	-393.804779	-449.795441	-964.932800
4099.347026	-393.395691	-442.665100	-982.407959
4099.350354	-393.278778	-434.658112	-999.298645
4099.353690	-391.759216	-426.826416	-1015.955566
4099.357047	-391.291656	-417.650513	-1032.437134
4099.360355	-390.122711	-408.299255	-1048.568115
4099.363692	-388.836945	-398.889526	-1063.354736
4099.367021	-387.142029	-389.538300	-1078.901245
4099.370359	-385.914673	-378.199890	-1093.395752
4099.373686	-382.641724	-367.212158	-1107.247314
4099.377025	-381.239044	-355.289307	-1120.163574
4099.380356	-378.024567	-343.074219	-1133.723022
4099.383691	-375.511414	-330.625366	-1146.522461
4099.387014	-372.238434	-317.299805	-1159.438843
4099.390352	-368.790161	-302.922272	-1169.608398
4099.393686	-364.582123	-288.778503	-1180.303955
4099.397934	-355.756866	-259.848053	-1200.292236
4099.401306	-351.198120	-243.717117	-1209.468140
4099.404531	-346.171844	-228.229111	-1216.949219
4099.407871	-339.976624	-211.221497	-1224.897705
4099.411224	-333.956757	-194.330795	-1230.859131
4099.414116	-327.410858	-177.147858	-1237.989502
4099.417441	-320.280518	-159.964935	-1243.775513
4099.420775	-312.974854	-141.145523	-1247.866699
4099.424132	-305.201630	-123.027466	-1252.250122
4099.427017	-297.253052	-104.967857	-1256.224487
4099.430373	-289.246063	-85.680893	-1257.919312
4099.433697	-281.063690	-67.036819	-1259.263672
4099.437036	-272.355347	-48.042080	-1260.257202
4099.440351	-262.887207	-28.872004	-1260.374023
4099.443692	-253.711273	-10.870836	-1258.620605
4099.447010	-244.535355	9.351256	-1257.218018
4099.450343	-235.417892	27.936878	-1254.704834
4099.453685	-224.780823	46.464054	-1251.490356
4099.457016	-215.137344	65.049675	-1247.457642
4099.460345	-205.902985	83.284630	-1243.424927
4099.463682	-196.025711	101.227356	-1238.106323
4099.467012	-186.090012	119.170082	-1231.619019
4099.470342	-176.271194	137.112793	-1224.839355
4099.473698	-166.744583	154.061951	-1218.234863
4099.477008	-156.925781	170.835770	-1209.994141
4099.480344	-147.866745	186.908249	-1201.987183
4099.483673	-138.983047	203.798935	-1193.512573
4099.487010	-129.514908	219.520752	-1183.518433
4099.490344	-120.338989	235.008759	-1174.459351
4099.493678	-111.221504	249.210983	-1164.932861
4099.497012	-102.746925	263.588562	-1153.828125
4099.500344	-94.330803	277.673859	-1143.424927
4099.503670	-86.031563	291.993011	-1131.969604
4099.507955	-69.374634	319.053192	-1108.474487
4099.511235	-61.718292	331.560486	-1096.902344
4099.514522	-54.003506	343.191132	-1084.219727
4099.517873	-46.171829	355.639984	-1071.712524
4099.521215	-38.164814	367.855042	-1058.094727
4099.524093	-31.209818	378.550568	-1045.470581
4099.527448	-23.962595	389.246063	-1032.203369
4099.530791	-16.949154	399.532440	-1018.059631
4099.534127	-9.760374	409.935699	-1004.617187
4099.537011	-2.688486	420.338959	-990.882507
4099.540359	5.143191	429.748688	-976.154297
4099.543677	11.981297	437.814148	-962.127380
4099.547000	17.767387	446.697845	-948.451233
4099.550346	25.599066	454.237274	-933.839905
4099.553698	32.261837	462.361206	-919.812988
4099.557007	38.807713	469.491516	-904.850952
4099.560341	44.827587	475.862061	-890.239624
4099.563666	51.315022	484.278198	-875.394531
4099.567005	57.159554	489.538300	-861.835205
4099.570333	63.237869	494.915253	-847.632996
4099.573663	69.549973	500.116882	-831.911194
4099.577007	74.810051	505.026306	-817.358276
4099.580338	80.303917	509.585052	-802.980713
4099.583667	85.856224	513.325562	-788.252502
4099.586999	91.174751	516.189392	-774.225586
4099.590334	95.908829	519.579163	-760.198730
4099.593662	100.642899	522.209229	-746.054932
4099.597036	105.493866	524.254822	-732.787842
4099.600334	110.286377	526.534180	-719.871399
4099.603668	114.085327	528.813538	-707.247192
4099.607001	117.942726	530.099365	-694.564575
4099.610334	121.975456	530.742249	-681.531311
4099.613663	125.540611	531.385132	-669.842224
4099.618267	132.028061	533.430725	-645.645813
4099.621217	135.125656	533.722961	-634.716553
4099.624516	137.872589	533.781433	-621.683228
4099.627871	140.151947	533.138489	-611.630615
4099.631194	142.489761	533.313843	-599.766235
4099.634105	144.418472	532.787842	-588.603149
4099.637449	146.347168	531.618958	-578.550598
4099.640851	148.860306	530.566956	-568.030396
4099.644086	150.613678	530.157776	-557.860901
4099.647423	152.367035	529.573364	-547.574524
4099.650330	154.178848	528.346008	-537.229675
4099.653662	155.523087	526.826416	-527.293945
4099.656991	156.633545	525.423706	-517.767395
4099.660332	157.977798	524.196411	-508.357666
4099.663657	159.029800	522.384521	-499.064880
4099.666992	160.257156	520.572754	-490.239624
4099.670325	161.659851	518.702515	-481.998840
4099.673659	162.653427	517.299866	-471.303314
4099.676989	163.413208	515.078857	-462.653412
4099.680326	164.640564	513.150208	-453.652802
4099.683675	165.575684	511.163055	-444.886017
4099.686994	166.744583	508.591461	-436.762146
4099.690328	167.445938	506.487427	-428.579773
4099.693652	168.556396	503.857361	-420.631226
4099.696984	169.433075	501.519592	-411.513763
4099.700388	169.491531	498.947998	-403.623627
4099.703658	170.543533	496.434845	-396.025696
4099.706991	171.946228	493.687927	-388.369385
4099.710327	172.413788	490.824066	-379.836334
4099.713662	173.232025	488.135590	-372.764465
4099.716984	174.225601	485.739319	-365.575684
4099.720327	174.634720	483.226196	-359.088257
4099.723656	175.219162	479.894775	-352.016357
4099.727018	176.329636	477.381653	-330.274689
4099.731165	176.563416	471.537109	-332.437195
4099.734532	177.556976	468.497955	-326.125061
4099.737877	177.790756	466.335480	-319.754517
4099.741239	178.316772	463.120972	-313.617767
4099.744136	177.849213	460.783142	-309.409729
4099.747430	178.784332	458.386902	-303.857391
4099.750778	178.433670	455.172394	-297.954407
4099.754065	178.725891	452.717682	-293.454132
4099.757417	178.959671	450.204559	-288.194031
4099.760316	179.602570	447.165405	-283.401520
4099.763646	178.784332	445.119812	-278.433655
4099.766979	179.719467	442.665100	-274.225586
4099.770348	179.661011	440.385712	-270.543549
4099.773652	179.485672	438.515472	-265.400360
4099.776980	179.310349	436.002350	-262.478088
4099.780316	178.959671	433.898315	-259.322021
4099.783645	179.193451	431.969604	-254.938629
4099.786978	178.959671	429.807129	-251.782578
4099.790314	179.135010	427.703094	-247.632950
4099.793649	178.609009	425.189911	-244.360016
4099.796981	178.550552	423.611938	-240.911743
4099.800312	178.492111	421.566345	-238.106369
4099.803650	178.199890	418.702515	-235.008759
4099.807046	178.492111	416.423126	-231.443604
4099.810321	178.199890	414.962006	-228.813553
4099.813663	177.381653	412.916412	-225.774414
4099.816975	177.907654	411.338379	-223.319702
4099.820310	177.849213	408.942139	-219.579193
4099.823647	177.556976	406.896545	-217.182922
4099.826978	177.907654	404.967834	-214.494446
4099.830311	176.914078	402.980713	-211.805969
4099.833642	177.556976	400.993591	-209.175919
4099.836975	177.556976	398.772644	-205.552322
4099.841658	178.550552	395.791931	-200.701355
4099.844558	177.615433	393.746338	-198.188202
4099.847929	177.790756	391.876099	-194.915253
4099.851261	178.667450	390.181183	-193.103439
4099.854568	178.433670	387.726471	-190.005844
4099.857420	178.316772	386.557587	-188.252487
4099.860732	178.725891	384.979523	-186.499115
4099.864071	178.959671	383.459961	-183.752197
4099.867403	179.076569	381.823486	-182.524841
4099.870301	179.368790	379.777893	-180.654587
4099.873634	178.959671	378.725891	-178.433670
4099.876967	179.602570	377.147858	-177.147858
4099.880306	180.128571	375.452942	-174.693161
4099.883635	179.836349	374.342499	-173.407364
4099.886990	180.596130	373.465790	-171.946228
4099.890301	180.888367	372.939789	-170.017532
4099.893638	181.355927	371.478668	-169.666870
4099.896971	180.946808	370.894226	-169.140854
4099.900302	181.765045	370.192871	-168.673294
4099.903636	181.706604	368.965515	-167.504379
4099.906987	182.232620	368.088837	-166.569260
4099.910314	182.057266	366.744598	-166.160141
4099.913637	183.401520	366.335480	-165.809464
4099.916963	183.459961	365.867920	-165.283463
4099.920302	183.459961	365.049683	-165.283463
4099.923637	184.044418	364.523682	-164.640564
4099.926964	184.453537	363.646973	-164.348343
4099.930331	184.336655	363.120972	-163.822327
4099.933628	184.804214	363.062531	-163.647003
4099.936968	185.330215	361.952057	-162.419647
4099.940301	185.797775	362.536530	-162.478073
4099.943640	185.914673	362.361206	-162.536530
4099.946964	186.791351	361.601410	-162.361191
4099.951163	187.317352	360.900055	-162.945633
4099.954551	187.960251	361.016937	-162.887207
4099.957916	188.953827	360.315613	-162.244293
4099.961254	189.421387	359.731140	-162.419647
4099.964484	190.064285	359.555817	-162.302750
4099.967389	190.531845	359.380493	-161.952072
4099.970719	191.233200	358.737579	-162.244293
4099.974085	191.934540	358.737579	-163.179428
4099.977380	192.752777	358.328461	-163.179428
4099.980288	193.395676	358.036224	-163.179428
4099.983626	194.739914	357.743988	-163.237869
4099.986962	195.441254	357.919342	-163.120987
4099.990291	196.376389	357.685577	-163.120987
4099.993628	197.077728	357.334900	-163.647003
4099.996957	198.071304	357.276428	-164.289886
4100.000292	198.947983	357.042664	-164.757462
4100.003641	199.941559	357.451782	-164.582123
4100.007003	200.409119	357.159576	-165.575684
4100.010290	201.519592	357.451782	-166.043243
4100.013621	202.396255	357.334900	-168.205719
4100.016966	203.857391	357.510223	-168.907074
4100.020296	204.734070	358.386902	-170.192871
4100.023624	206.136749	358.386902	-171.069550
4100.026957	207.130341	358.854462	-172.063126
4100.030286	207.948563	359.029816	-172.939804
4100.033625	209.468155	360.549377	-174.985382
4100.036960	210.753937	360.315613	-176.446518
4100.040291	212.098190	360.666260	-177.206314
4100.043624	213.033325	361.309174	-179.018112
4100.046953	214.085342	362.419617	-180.362350
4100.050290	216.072464	363.120972	-182.992401
4100.053620	216.832260	364.231445	-184.862656
4100.056953	218.176514	364.757446	-186.382233
4100.061230	221.040314	366.218597	-191.057861
4100.064561	222.150772	367.562805	-193.512573
4100.067889	223.962585	367.679718	-195.032150
4100.071157	224.897720	368.614838	-197.954422
4100.074465	226.475739	370.543549	-200.701355
4100.077380	228.229111	371.186462	-202.337814
4100.080708	229.398010	372.238434	-205.552322
4100.084048	230.625366	372.472229	-207.071869
4100.087378	232.437180	373.933350	-210.286377
4100.090307	234.132080	374.985382	-212.448853
4100.093615	236.177689	376.154297	-215.546463
4100.096951	237.697250	376.446533	-218.118042
4100.100277	239.041489	377.966095	-221.391006
4100.103623	240.561081	378.842773	-224.079483
4100.106959	242.898895	379.602570	-227.293991
4100.110278	244.476913	380.479248	-229.690247
4100.113619	246.464066	381.414368	-232.320282
4100.116950	248.626541	382.057281	-236.002319
4100.120276	250.613663	383.109283	-238.340164
4100.123619	252.834610	383.752197	-242.489761
4100.126943	254.880188	384.336639	-244.944473
4100.130277	257.334900	385.563995	-247.574524
4100.133628	259.263580	386.849792	-251.431915
4100.136944	261.309174	387.258911	-255.698425
4100.140281	263.062531	388.369385	-258.153137
4100.143612	265.400360	389.070740	-261.133850
4100.146946	267.036804	390.122711	-265.575684
4100.150274	268.907074	391.466980	-270.251312
4100.153609	271.361786	392.168335	-273.407349
4100.156943	273.816498	393.161896	-276.797211
4100.160274	276.680298	393.687897	-280.713043
4100.163612	278.375214	394.856812	-285.739319
4100.166939	280.654602	395.499695	-290.648743
4100.171218	285.447083	398.129761	-300.642883
4100.174504	288.135590	399.006439	-304.850952
4100.177806	290.707184	399.941559	-310.520172
4100.181124	292.869659	400.876678	-315.838684
4100.184482	294.915253	402.220917	-322.092346
4100.187357	297.603760	403.798950	-327.761566
4100.190703	300.409119	404.617157	-332.904755
4100.194066	302.863800	405.493866	-338.866150
4100.197381	305.084747	406.019867	-344.827576
4100.200731	307.539429	407.364136	-350.847473
4100.203641	310.286377	407.364136	-357.568665
4100.206934	312.448853	408.649933	-364.114532
4100.210273	315.546478	409.059052	-370.718872
4100.213638	318.351837	409.877258	-377.440094
4100.216939	320.222107	411.104645	-385.154877
4100.220276	323.085907	411.104645	-391.642303
4100.223608	325.540619	411.747498	-398.480408
4100.226936	328.404449	412.331970	-405.493866
4100.230270	331.502045	412.507294	-412.098175
4100.233598	334.248962	412.916412	-419.345428
4100.236939	336.528351	412.741089	-426.943298
4100.240265	339.450623	413.325562	-434.132111
4100.243605	341.613098	412.741089	-442.080627
4100.246932	344.769135	412.682617	-448.509644
4100.250273	347.632965	411.922852	-455.990662
4100.253598	350.730560	412.215088	-464.172974
4100.256958	352.717712	412.156616	-470.835785
4100.260269	355.639984	411.455292	-479.894775
4100.263604	358.503784	410.987701	-487.492706
4100.266933	361.367645	410.753967	-494.798370
4100.270266	364.056122	409.877258	-503.039185
4100.273594	367.095245	408.591461	-510.637054
4100.276939	369.666870	407.948578	-518.994751
4100.280266	371.829346	407.013458	-527.177124
4100.284866	377.440094	404.091156	-545.119812
4100.287784	379.953247	403.389832	-553.360596
4100.291138	383.167755	402.045593	-562.711853
4100.294465	384.628876	400.058472	-571.069519
4100.297874	387.668030	398.772644	-580.771484
4100.300746	389.070740	396.610168	-589.421387
4100.304043	391.466980	394.681488	-600.058472
4100.307412	394.213928	392.402100	-610.695496
4100.310691	396.727051	390.473419	-620.105225
4100.313595	398.831085	388.310944	-630.333130
4100.316926	400.116882	385.680878	-640.736389
4100.320261	402.863831	382.992401	-650.496765
4100.323593	404.909424	379.777893	-662.068970
4100.326927	406.545868	376.738739	-672.706055
4100.330264	408.065460	373.641144	-683.635254
4100.333597	409.818848	370.309753	-694.564575
4100.336922	412.098175	366.978394	-705.610779
4100.340257	412.974884	362.770325	-716.247803
4100.343610	414.143738	358.854462	-727.060181
4100.346923	415.429596	354.880188	-738.457031
4100.350255	416.656921	350.672119	-749.853882
4100.353589	418.468719	345.587372	-760.140259
4100.356919	419.871429	340.970184	-771.946228
4100.360257	420.455872	336.645233	-783.576843
4100.363588	421.274078	331.034485	-795.090576
4100.366923	422.676788	326.300415	-806.779663
4100.370255	423.319672	320.163666	-818.001160
4100.373636	424.430176	314.903564	-829.281128
4100.376924	425.365295	309.351257	-840.268799
4100.380250	425.306854	303.156036	-851.490417
4100.383591	426.300415	297.136200	-862.478088
4100.386944	426.592651	290.824066	-873.231995
4100.390257	426.709503	283.927551	-885.096436
4100.394874	427.001770	270.368195	-905.669189
4100.397808	426.943298	264.114532	-916.890747
4100.401122	426.826416	256.867340	-927.293945
4100.404542	426.358856	249.620102	-937.931030
4100.407844	426.300415	242.489761	-948.392761
4100.410729	425.014587	234.599640	-958.036255
4100.414009	424.839264	227.352432	-969.023987
4100.417345	423.845734	219.871429	-979.076599
4100.420671	423.319672	212.215088	-989.772034
4100.423585	422.676788	203.506729	-998.947998
4100.426916	421.098755	195.207474	-1009.760376
4100.430264	419.228516	186.674469	-1019.871399
4100.433582	417.708923	177.966110	-1030.216187
4100.436914	416.072449	169.082397	-1039.801270
4100.440245	413.851562	159.848053	-1049.912354
4100.443579	411.864410	150.730560	-1059.497314
4100.446914	409.877258	141.613083	-1070.368164
4100.450246	406.253662	132.378723	-1080.303955
4100.453579	404.383423	122.910583	-1089.479858
4100.456919	401.227325	112.448860	-1098.421997
4100.460261	398.772644	102.922272	-1107.890137
4100.463630	395.382812	92.285217	-1117.358276
4100.466924	392.226776	82.349503	-1126.475708
4100.470246	388.953827	72.706017	-1135.768555
4100.473583	384.804199	62.419636	-1144.126221
4100.476908	381.180603	51.782585	-1152.133301
4100.480244	377.030975	40.911751	-1160.023437
4100.483576	372.589142	30.625364	-1169.491455
4100.486913	368.731750	20.046755	-1176.972534
4100.490276	364.465240	9.351256	-1184.044434
4100.493577	360.198700	-1.928697	-1191.233154
4100.496907	355.230865	-13.150205	-1197.194580
4100.500241	350.672119	-23.319696	-1204.032715
4100.504448	341.671539	-44.652252	-1216.656982
4100.507797	336.469910	-55.055523	-1221.624756
4100.511167	331.560486	-66.452370	-1227.060181
4100.514503	326.709534	-77.030975	-1232.203369
4100.517752	321.683228	-87.843361	-1236.820557
4100.520663	317.007599	-98.129745	-1240.502686
4100.524003	311.455292	-108.533028	-1245.821167
4100.527332	306.721222	-118.644073	-1249.035645
4100.530660	301.753357	-129.164230	-1252.250122
4100.533598	295.908844	-139.392166	-1256.692017
4100.536902	291.233215	-149.620102	-1259.322021
4100.540241	286.148437	-159.088257	-1260.724731
4100.543569	280.420807	-168.731735	-1263.822388
4100.546906	275.336060	-179.076569	-1264.932861
4100.550233	269.783752	-188.369370	-1267.913574
4100.553568	264.699005	-198.071304	-1269.257690
4100.556899	259.088257	-207.656342	-1270.660400
4100.560234	253.009933	-217.182922	-1271.127930
4100.563579	247.340729	-225.073059	-1271.186401
4100.566904	241.846878	-233.430740	-1270.718872
4100.570240	236.820572	-241.613098	-1271.537109
4100.573568	230.976028	-250.672119	-1273.056641
4100.576922	225.306839	-259.263580	-1274.634766
4100.580235	220.163651	-268.322601	-1274.927002
4100.583568	213.617783	-277.557007	-1275.745239
4100.586900	208.299225	-285.563995	-1273.991821
4100.590237	202.571609	-293.044983	-1272.589111
4100.593564	196.259491	-300.876678	-1271.303345
4100.596906	190.414963	-308.240784	-1268.030396
4100.600231	184.161301	-316.423157	-1266.803101
4100.603567	177.966110	-323.904144	-1265.634155
4100.606899	172.004669	-332.203400	-1264.231445
4100.611605	159.731155	-348.275848	-1261.835205
4100.614529	154.061951	-356.165985	-1260.549316
4100.617822	148.158966	-364.289886	-1258.270020
4100.621161	142.255981	-372.004669	-1256.282959
4100.624415	135.827011	-378.550568	-1250.555176
4100.627741	130.099350	-385.914673	-1246.873169
4100.630654	123.787262	-392.577423	-1242.080688
4100.633994	117.825829	-399.415527	-1237.171265
4100.637317	111.981293	-405.610748	-1232.729492
4100.640651	105.727646	-411.864410	-1229.222656
4100.643563	100.701347	-418.001160	-1224.839355
4100.646891	95.207481	-425.131500	-1221.683228
4100.650233	89.888954	-431.735840	-1217.884277
4100.653563	83.985970	-437.288147	-1213.500854
4100.656912	79.602570	-443.249573	-1209.643433
4100.660237	74.342491	-448.451172	-1204.675659
4100.663562	70.075974	-453.302155	-1199.941528
4100.666891	65.341911	-457.860901	-1194.915283
4100.670222	60.607834	-462.478058	-1189.304565
4100.673563	55.464642	-465.984833	-1183.810669
4100.676890	50.789009	-470.426666	-1179.485718
4100.680226	46.054939	-475.043823	-1173.933350
4100.683559	42.022209	-479.836365	-1169.374634
4100.686888	37.697254	-483.810608	-1165.166626
4100.690226	33.196960	-487.668030	-1161.601440
4100.693558	29.456457	-491.408539	-1158.211670
4100.696890	25.365284	-495.207489	-1152.016357
4100.700221	20.689655	-498.012878	-1148.568115
4100.703553	17.182934	-500.759796	-1143.483398
4100.706897	13.033314	-504.383423	-1138.398560
4100.710221	9.000585	-506.896545	-1133.021606
4100.713555	4.850964	-509.351257	-1128.112183
4100.716888	1.110462	-511.922852	-1123.085937
4100.721144	-7.422560	-517.241394	-1113.091797
4100.724490	-11.338399	-520.455872	-1108.591431
4100.727751	-15.546463	-523.261230	-1104.558716
4100.731066	-19.579193	-525.715942	-1100.876709
4100.734407	-23.670368	-528.696655	-1096.025757
4100.737314	-27.293980	-530.742249	-1091.174805
4100.740650	-31.209818	-533.313843	-1086.031494
4100.744030	-34.599651	-535.593201	-1079.427246
4100.747336	-38.515488	-537.229675	-1074.050293
4100.750665	-42.314438	-539.684387	-1067.855103
4100.753546	-45.938049	-541.613098	-1062.945679
4100.756882	-49.912331	-543.600220	-1057.744019
4100.760236	-53.535946	-545.528931	-1052.483887
4100.763557	-57.101112	-548.568115	-1047.691406
4100.766878	-61.075394	-549.970764	-1043.191162
4100.770211	-63.530098	-551.782532	-1037.463501
4100.773546	-67.387489	-553.945068	-1032.378784
4100.776882	-70.543541	-555.756836	-1027.118652
4100.780214	-74.167160	-556.691956	-1022.852112
4100.783546	-76.914085	-558.679138	-1016.773804
4100.786913	-79.076561	-559.438965	-1011.922852
4100.790216	-82.407951	-560.900085	-1007.013428
4100.793561	-85.739334	-561.776733	-1001.285828
4100.796881	-88.252487	-563.062500	-997.545349
4100.800210	-90.298065	-564.406799	-993.337280
4100.803546	-94.213905	-565.283447	-990.298096
4100.806880	-95.850380	-566.803040	-987.258911
4100.810209	-98.772644	-567.913513	-982.466431
4100.813548	-100.818237	-568.497925	-979.953308
4100.816881	-103.039154	-569.374634	-975.978943
4100.820209	-105.026306	-570.134399	-972.881348
4100.823540	-106.779655	-570.543518	-969.725342
4100.826883	-108.474579	-570.835754	-965.049622
4100.830238	-110.695503	-571.361755	-962.478088
4100.834505	-115.312683	-571.069519	-956.984253
4100.837740	-117.124489	-572.121582	-954.880127
4100.841061	-119.579193	-572.472229	-952.893066
4100.844394	-121.917007	-572.706055	-950.613708
4100.847753	-123.962593	-573.407349	-949.035645
4100.850633	-126.183525	-573.465820	-947.165405
4100.853991	-127.761543	-573.465820	-944.827576
4100.857315	-129.807129	-573.816467	-942.606628
4100.860655	-131.969604	-573.524231	-939.158325
4100.863534	-134.073639	-573.524231	-937.580383
4100.866872	-135.593231	-573.816467	-935.593201
4100.870211	-137.989487	-573.699585	-933.313843
4100.873572	-139.859741	-574.225586	-931.560547
4100.876873	-142.314438	-573.699585	-929.456421
4100.880204	-143.834015	-574.342468	-927.352417
4100.883535	-145.821152	-575.043823	-925.832825
4100.886868	-147.866745	-575.452942	-924.196350
4100.890202	-150.438339	-575.569824	-921.741699
4100.893533	-152.250153	-575.569824	-920.572754
4100.896872	-153.535934	-575.394470	-918.527222
4100.900199	-155.230850	-575.336060	-915.780273
4100.903534	-157.393341	-574.751587	-914.435974
4100.906874	-159.731155	-575.336060	-912.974854
4100.910201	-160.724716	-574.868469	-910.695435
4100.913529	-162.711853	-576.037415	-908.533020
4100.916892	-164.348343	-575.511414	-906.604309
4100.920200	-165.751022	-575.978943	-905.961426
4100.923539	-167.679718	-575.803589	-905.318542
4100.926867	-168.790192	-576.388062	-904.441833
4100.930231	-170.192871	-575.745178	-902.980713
4100.933530	-171.420212	-575.628296	-902.571594
4100.936868	-172.706024	-574.926941	-902.337830
4100.940201	-173.933380	-575.102295	-901.168945
4100.944385	-177.030975	-574.284058	-901.636475
4100.947714	-177.440094	-573.816467	-900.759766
4100.951061	-178.842789	-573.758057	-901.811768
4100.954423	-180.128571	-573.232056	-902.513123
4100.957323	-181.297485	-572.939819	-902.279358
4100.960704	-182.583282	-572.589111	-902.396301
4100.963975	-184.044418	-572.413757	-905.026367
4100.967308	-185.096436	-572.063110	-905.026367
4100.970628	-186.206894	-572.004639	-906.779663
4100.973523	-186.732895	-571.653992	-907.831665
4100.976862	-188.194031	-570.835754	-909.351257
4100.980190	-189.421387	-570.192871	-911.338440
4100.983529	-190.765625	-569.140869	-912.215027
4100.986863	-191.350098	-568.497925	-913.910034
4100.990194	-193.103439	-567.913513	-914.962036
4100.993530	-194.213913	-567.095276	-917.007629
4100.996855	-195.616608	-566.510803	-919.520752
4101.000194	-197.136169	-566.335510	-920.338989
4101.003560	-198.012848	-565.400391	-922.735229
4101.006857	-198.772644	-564.699036	-924.371704
4101.010194	-200.175339	-564.582092	-926.008240
4101.013526	-200.526001	-563.705444	-928.755066
4101.016858	-202.571609	-563.413208	-929.514893
4101.020187	-203.272934	-562.770325	-931.735779
4101.023521	-204.091171	-561.659851	-932.729431
4101.026858	-205.026291	-560.958496	-934.424316
4101.030251	-206.428986	-560.023376	-936.995911
4101.033521	-207.364105	-559.964966	-938.749329
4101.036851	-208.883698	-558.562256	-940.619568
4101.040187	-210.227936	-558.328491	-942.548157
4101.043526	-210.052612	-557.510254	-945.704285
4101.046891	-211.221497	-556.516663	-946.230347
4101.051498	-213.559311	-555.230835	-952.659241
4101.054417	-213.617783	-554.821716	-954.587952
4101.057758	-214.962006	-553.185303	-956.575134
4101.061108	-215.663361	-552.308594	-959.263611
4101.064440	-216.130920	-551.548828	-962.068970
4101.067301	-217.007584	-550.847412	-965.166565
4101.070611	-217.416718	-549.737000	-967.913513
4101.073942	-217.942719	-548.684998	-970.777344
4101.077281	-218.410278	-548.451172	-973.816467
4101.080608	-219.286972	-546.990051	-977.790710
4101.083514	-220.338989	-545.821167	-981.881897
4101.086850	-220.631226	-544.184692	-985.388672
4101.090217	-221.098785	-543.191101	-987.668030
4101.093518	-221.332550	-542.022217	-992.518982
4101.096855	-221.215652	-540.502625	-996.084106
4101.100180	-222.209244	-539.275269	-1000.233765
4101.103517	-222.618347	-537.171265	-1004.383362
4101.106851	-222.910568	-535.710083	-1008.065430
4101.110184	-222.735245	-533.898315	-1012.624146
4101.113509	-223.553467	-532.144897	-1017.416687
4101.116847	-224.021027	-530.508484	-1022.033875
4101.120184	-224.430161	-528.755066	-1026.709595
4101.123551	-225.248383	-527.235535	-1031.326660
4101.126851	-224.605484	-525.189941	-1036.119263
4101.130178	-225.774414	-523.553467	-1040.619507
4101.133547	-225.715942	-521.098755	-1045.762695
4101.136850	-225.832840	-518.877869	-1050.029175
4101.140185	-225.774414	-516.715393	-1054.120361
4101.143518	-226.008179	-514.377563	-1058.036255
4101.146842	-226.651077	-512.156616	-1063.354736
4101.150178	-226.943298	-509.760376	-1067.913574
4101.153507	-227.001770	-507.656342	-1071.946289
4101.156841	-227.235535	-505.552307	-1076.680298
4101.160178	-227.586197	-503.272949	-1082.115723
4101.164380	-227.936890	-499.357086	-1091.116333
4101.167710	-228.170654	-496.551697	-1095.032104
4101.171100	-228.462891	-493.863251	-1100.000000
4101.174453	-228.696686	-491.583862	-1103.623535
4101.177310	-228.404449	-488.486237	-1108.357666
4101.180596	-228.696686	-486.323792	-1112.273560
4101.183955	-229.047348	-483.752197	-1116.773804
4101.187268	-227.878433	-481.180573	-1122.326050
4101.190599	-227.819992	-477.732330	-1125.891357
4101.193510	-227.469330	-474.517822	-1131.034424
4101.196840	-227.235535	-471.712433	-1135.242554
4101.200170	-227.118637	-469.257751	-1139.976562
4101.203503	-226.592636	-465.867889	-1144.710693
4101.206839	-225.949738	-462.770325	-1150.146118
4101.210168	-225.423721	-459.906494	-1154.471069
4101.213505	-225.073059	-456.341309	-1158.796021
4101.216836	-224.021027	-452.834595	-1164.348267
4101.220188	-222.910568	-449.561646	-1168.439453
4101.223499	-222.150772	-445.996460	-1172.939819
4101.226899	-221.624786	-442.372894	-1178.550537
4101.230167	-220.806549	-438.983063	-1183.518433
4101.233507	-220.163651	-434.891907	-1188.194092
4101.236835	-218.644073	-431.034485	-1193.278809
4101.240170	-217.708939	-426.767975	-1197.720581
4101.243498	-216.832260	-422.735260	-1202.337891
4101.246834	-215.955597	-418.001160	-1207.188843
4101.250164	-214.669769	-413.734680	-1211.455200
4101.253506	-213.734650	-409.701904	-1216.306152
4101.256829	-212.799530	-404.850952	-1221.040283
4101.260173	-211.981293	-400.000000	-1224.546997
4101.263535	-210.111053	-395.382812	-1229.631836
4101.266831	-209.643478	-390.298096	-1234.541260
4101.270175	-207.773239	-384.979523	-1238.983032
4101.274368	-205.143188	-375.336060	-1247.399170
4101.277748	-204.383392	-370.075989	-1250.555176
4101.281093	-203.389832	-364.874329	-1255.114014
4101.284368	-201.285797	-359.672699	-1258.912964
4101.287665	-200.116898	-354.178833	-1262.828735
4101.290586	-198.889542	-348.801880	-1267.036865
4101.293926	-196.902390	-343.366455	-1270.660400
4101.297255	-195.791931	-338.398590	-1273.641113
4101.300604	-194.564575	-333.138519	-1277.907715
4101.303494	-192.402100	-327.177094	-1280.654663
4101.306851	-190.590302	-322.442993	-1284.044434
4101.310160	-188.720047	-316.715363	-1287.317383
4101.313501	-187.200470	-311.163055	-1290.181152
4101.316825	-186.031555	-305.435425	-1293.571045
4101.320159	-183.985977	-299.941559	-1296.084106
4101.323489	-181.765045	-293.629456	-1299.181763
4101.326823	-180.070145	-288.720032	-1300.935181
4101.330157	-177.381653	-282.407959	-1302.922241
4101.333494	-176.095856	-277.147858	-1305.493774
4101.336829	-173.290482	-270.835754	-1307.597900
4101.340157	-171.069550	-264.699005	-1310.870850
4101.343497	-168.965515	-258.445374	-1313.851562
4101.346831	-166.335480	-252.483917	-1315.488037
4101.350197	-163.939209	-246.171829	-1317.884277
4101.353488	-161.192291	-240.970184	-1320.923462
4101.356826	-159.205139	-234.833435	-1322.442993
4101.360159	-156.458206	-228.170654	-1324.137939
4101.363485	-153.828171	-222.559906	-1326.417236
4101.366824	-150.730560	-215.429565	-1329.631836
4101.370155	-147.457626	-208.240799	-1330.391602
4101.373484	-144.827576	-202.045578	-1331.326660
4101.376821	-141.671539	-194.330795	-1332.086426
4101.380155	-138.807709	-187.668030	-1334.015137
4101.384460	-133.372299	-173.173584	-1336.177612
4101.387748	-130.625366	-166.393921	-1336.469971
4101.391042	-127.293983	-159.263580	-1337.755737
4101.394376	-125.073051	-152.367035	-1337.580444
4101.397669	-121.917007	-145.002930	-1337.989502
4101.400588	-118.819405	-137.463470	-1338.164795
4101.403909	-116.189362	-130.274689	-1338.047852
4101.407238	-112.857971	-122.969017	-1336.820557
4101.410578	-110.111046	-115.546463	-1337.521973
4101.413487	-106.896553	-107.539452	-1336.937378
4101.416816	-104.617180	-100.759796	-1336.586792
4101.420153	-101.578018	-93.687904	-1337.054321
4101.423481	-98.129745	-86.323784	-1335.417847
4101.426829	-95.499710	-79.135010	-1335.008789
4101.430154	-92.518997	-71.887787	-1334.015137
4101.433480	-89.070717	-64.523674	-1333.080078
4101.436852	-85.914673	-56.984222	-1332.495605
4101.440150	-82.641731	-50.029224	-1331.969604
4101.443481	-80.128578	-43.191116	-1330.508545
4101.446816	-76.738754	-36.528347	-1328.813599
4101.450151	-73.290474	-28.988895	-1327.352417
4101.453481	-70.485100	-21.917007	-1326.125000
4101.456815	-66.978378	-14.845119	-1323.787231
4101.460145	-63.413208	-8.533022	-1322.326050
4101.463478	-60.900055	-1.811806	-1320.748169
4101.466807	-56.808884	6.019871	-1319.520752
4101.470140	-53.652836	12.390414	-1318.001221
4101.473483	-50.438339	18.877850	-1315.604858
4101.476815	-47.574516	25.832848	-1312.916504
4101.480164	-44.360023	32.554062	-1310.637085
4101.483475	-40.444183	39.859730	-1308.825195
4101.486815	-37.346581	45.938049	-1306.019897
4101.490138	-33.489189	52.191700	-1303.857422
4101.494399	-26.651081	65.517242	-1298.071289
4101.497664	-23.436586	72.180008	-1295.733398
4101.500988	-19.345411	78.959671	-1292.343628
4101.504336	-16.247808	85.564003	-1289.538330
4101.507679	-12.507306	92.577438	-1286.089966
4101.510577	-8.883694	98.831093	-1283.109253
4101.513899	-5.902981	105.318520	-1279.953247
4101.517252	-1.870251	112.156631	-1276.621826
4101.520590	2.337814	118.644073	-1272.706055
4101.523511	5.727644	125.014618	-1269.316162
4101.526821	8.942139	131.502045	-1265.809448
4101.530146	12.273524	137.814148	-1261.835205
4101.533472	15.371127	144.769150	-1258.211670
4101.536808	18.760958	151.373474	-1254.178833
4101.540137	21.917007	157.627121	-1250.029175
4101.543472	24.663939	163.705429	-1246.347168
4101.546803	28.053770	170.251312	-1241.846802
4101.550135	31.092926	176.212738	-1237.697266
4101.553474	34.541206	183.050842	-1233.080078
4101.556800	37.346581	188.544708	-1229.924072
4101.560140	40.677963	194.681473	-1224.897705
4101.563467	43.834015	200.818222	-1220.046753
4101.566831	46.697838	206.253647	-1216.364624
4101.570135	49.561657	211.689072	-1212.098267
4101.573471	52.425480	217.007584	-1207.480957
4101.576801	55.581535	221.858566	-1203.623535
4101.580131	58.620689	228.287552	-1199.064819
4101.583469	61.718292	233.430740	-1194.739868
4101.586801	63.880772	237.989471	-1190.999390
4101.590132	67.329048	242.431335	-1186.265381
4101.593467	70.309761	246.756287	-1182.232544
4101.596806	73.173584	251.081223	-1178.433716
4101.600179	75.862068	256.049072	-1174.225586
4101.604746	81.180595	265.108124	-1165.750977
4101.607648	84.044418	269.374634	-1161.426025
4101.611010	87.434250	273.582703	-1156.575073
4101.614328	90.414963	277.557007	-1152.250122
4101.617668	93.103447	280.771484	-1148.568115
4101.620589	95.791939	285.037994	-1143.249634
4101.623912	98.480423	289.070740	-1139.567505
4101.627262	101.402687	293.571014	-1134.541260
4101.630560	103.740501	297.486847	-1129.631836
4101.633902	106.545876	302.045593	-1125.423706
4101.636792	109.292816	305.961426	-1121.683228
4101.640133	111.981293	309.760376	-1116.598511
4101.643459	114.786674	313.617767	-1112.565674
4101.646799	117.650497	317.241394	-1106.954956
4101.650133	120.397423	320.923462	-1102.630005
4101.653482	122.910583	324.956146	-1098.012817
4101.656795	125.306831	328.521332	-1093.220337
4101.660128	127.878441	331.969604	-1087.434326
4101.663460	129.865570	335.300995	-1084.336670
4101.666791	132.437164	338.398590	-1078.725952
4101.670148	135.300995	342.256012	-1074.284058
4101.673458	137.405029	346.230255	-1069.725342
4101.676792	140.151947	349.094116	-1064.932861
4101.680119	142.139099	352.425476	-1060.783203
4101.683461	144.067795	355.347748	-1056.399780
4101.686787	146.347168	358.153137	-1051.782593
4101.690150	148.568100	361.542969	-1047.808228
4101.693456	150.613678	364.582123	-1042.606689
4101.696798	152.542374	368.088837	-1037.521973
4101.700123	154.587967	370.368195	-1033.839844
4101.703457	156.575104	373.290466	-1029.222656
4101.706792	158.386917	375.452942	-1025.482178
4101.710122	160.198715	378.667450	-1021.040344
4101.713483	161.835175	380.245483	-1016.949158
4101.718082	166.043243	385.213318	-1008.474548
4101.721000	167.621277	387.375793	-1005.084717
4101.724399	169.549973	389.070740	-1000.993530
4101.727742	171.420212	391.174744	-996.727112
4101.731070	173.407364	393.571014	-993.161865
4101.733886	174.985382	395.265930	-989.187622
4101.737213	177.206314	397.136200	-985.680847
4101.740545	178.901230	398.947968	-981.180542
4101.743875	180.245468	401.052002	-978.258301
4101.747211	182.349503	402.805389	-974.693176
4101.750118	183.869095	404.558746	-971.537109
4101.753450	185.973114	405.669220	-968.264221
4101.756782	187.843369	407.247223	-964.815918
4101.760118	189.129166	408.532990	-960.783203
4101.763452	190.765625	409.468140	-958.386902
4101.766789	192.752777	411.163055	-955.230896
4101.770131	194.272354	412.039764	-951.841064
4101.773446	195.733490	413.734680	-948.392761
4101.776782	197.545288	415.371124	-945.295166
4101.780112	199.123322	416.189392	-941.788391
4101.783464	200.584457	417.358246	-938.223267
4101.786788	201.870255	418.877838	-935.184082
4101.790111	203.740509	420.163635	-931.794250
4101.793451	205.084747	421.098755	-928.229126
4101.796779	207.247238	422.618347	-924.722412
4101.800141	208.240799	423.962585	-921.975403
4101.803443	209.994156	424.956177	-919.111633
4101.806780	211.396835	425.891296	-916.189392
4101.810112	212.741089	427.235565	-913.150208
4101.813449	214.026886	428.229095	-909.468201
4101.816779	215.780228	429.164215	-906.896606
4101.820109	216.364700	430.333130	-903.214478
4101.823444	217.708939	431.385132	-900.993530
4101.826777	218.702515	432.144928	-897.779053
4101.830977	221.215652	434.132111	-892.635925
4101.834400	222.033905	434.774963	-890.239624
4101.837706	223.845703	435.710083	-887.141968
4101.841039	225.131516	436.177673	-885.505554
4101.844323	225.715942	435.651672	-882.232544
4101.847202	226.826401	437.346588	-880.596191
4101.850527	228.345993	437.814148	-879.719421
4101.853862	229.573349	438.632385	-876.680298
4101.857197	230.976028	439.099945	-874.342529
4101.860098	232.028061	439.275269	-871.712524
4101.863437	233.021622	439.742859	-870.368164
4101.866773	234.015198	440.093506	-868.965515
4101.870105	235.359436	440.151978	-866.919922
4101.873439	236.236115	440.794861	-864.874390
4101.876770	237.229675	440.268860	-862.887207
4101.880128	238.398605	441.145508	-860.958496
4101.883435	238.749268	440.794861	-859.497375
4101.886792	240.035065	441.203979	-858.211609
4101.890105	241.320877	440.970184	-857.217957
4101.893440	242.314438	441.437775	-855.289246
4101.896771	242.840439	441.496185	-854.003540
4101.900111	244.769150	441.262451	-853.302185
4101.903437	245.353607	441.554626	-851.490417
4101.906766	246.639389	441.203979	-851.022827
4101.910108	248.158981	441.379303	-849.620178
4101.913439	248.509644	441.437775	-847.925171
4101.916768	249.795441	441.320862	-846.288696
4101.920097	250.613663	441.554626	-844.535339
4101.923467	251.665680	441.379303	-843.950928
4101.926766	252.776154	441.496185	-843.600281
4101.930098	253.302170	441.028656	-841.496155
4101.933433	254.763290	440.970184	-840.970215
4101.936763	255.289322	440.970184	-840.210449
4101.941039	257.627136	440.619507	-838.223267
4101.944342	258.036224	440.327301	-836.937439
4101.947655	258.796021	440.736389	-836.645203
4101.950947	259.789581	440.327301	-836.002319
4101.954277	260.666260	440.268860	-834.950378
4101.957624	261.309174	440.385712	-834.365845
4101.960521	261.835205	440.327301	-834.424316
4101.963857	262.711853	439.859711	-833.898254
4101.967238	263.880768	440.268860	-833.372314
4101.970540	264.465240	439.450592	-832.437134
4101.973425	265.166565	438.983063	-831.502075
4101.976774	265.984802	439.275269	-831.852722
4101.980105	266.744598	438.924591	-831.268311
4101.983431	266.978394	438.632385	-830.450073
4101.986758	268.088837	438.223267	-830.274658
4101.990096	268.965515	437.755676	-830.450073
4101.993426	269.666870	436.879028	-830.800720
4101.996765	270.309753	436.586823	-830.333130
4102.000096	271.127991	436.528351	-830.800720
4102.003425	271.537109	435.534760	-830.859192
4102.006760	272.764465	434.774963	-831.385132
4102.010094	273.173584	434.833435	-831.618958
4102.013422	273.874939	433.839844	-831.735779
4102.016761	274.868500	432.963196	-832.144897
4102.020091	275.862061	432.495605	-833.021667
4102.023422	276.504974	431.969604	-833.489258
4102.026752	277.264771	431.209808	-834.365845
4102.030089	277.732330	430.625336	-834.833435
4102.033421	277.966095	430.216278	-835.534790
4102.036750	279.368774	428.988892	-837.171265
4102.040095	279.777893	428.053772	-838.047913
4102.043417	280.771484	427.703094	-838.223267
4102.046757	280.771484	426.300415	-839.684387
4102.050119	281.765045	426.183502	-840.268799
4102.054685	283.927551	424.430176	-841.963745
4102.057595	284.219757	423.319672	-842.782043
4102.060934	284.687317	422.209229	-844.067749
4102.064293	285.447083	421.507874	-844.885986
4102.067626	286.323792	420.280548	-846.464050
4102.070605	286.966675	420.105225	-847.106934
4102.073870	287.609589	419.053162	-848.217407
4102.077248	288.427826	418.293396	-848.860352
4102.080513	288.836945	417.299835	-850.672119
4102.083861	289.479828	417.358246	-851.139648
4102.086755	290.005859	415.838684	-853.302185
4102.090084	290.765656	415.429596	-853.711304
4102.093418	291.174744	413.851562	-855.581543
4102.096748	291.408539	413.150208	-857.159546
4102.100083	291.876099	412.624207	-858.328430
4102.103411	292.577423	411.279968	-860.549377
4102.106741	292.402100	410.403259	-861.426086
4102.110082	293.571014	409.234375	-863.062561
4102.113439	294.155457	408.591461	-864.757446
4102.116747	294.447693	407.539459	-866.335510
4102.120085	294.330811	406.487427	-868.381042
4102.123408	294.798370	404.909424	-869.959045
4102.126746	295.850372	404.500305	-872.296875
4102.130084	295.791931	402.746918	-874.342529
4102.133416	296.493256	401.928711	-876.797180
4102.136749	297.077728	400.818237	-878.199890
4102.140080	297.369965	399.707764	-879.602539
4102.143467	298.246643	398.188171	-881.940369
4102.146754	298.714203	396.434845	-884.862610
4102.150074	298.363525	395.499695	-887.200439
4102.153415	299.357117	393.512573	-889.012268
4102.156768	299.357117	392.285217	-892.226807
4102.160074	300.526001	389.947388	-893.629456
4102.163405	300.584473	388.895386	-896.668640
4102.168045	301.344238	385.914673	-902.162476
4102.170965	302.220917	384.102875	-904.617187
4102.174295	302.922272	383.050842	-907.071899
4102.177666	303.156036	380.771484	-908.825195
4102.181001	303.331360	379.076538	-912.390442
4102.183913	303.214508	377.381653	-914.611328
4102.187167	304.091156	375.511414	-917.182922
4102.190501	304.324951	374.225586	-920.105164
4102.193842	304.675629	371.770874	-922.735229
4102.196734	305.201630	370.894226	-924.839294
4102.200066	304.617187	368.497955	-928.345947
4102.203405	305.493866	367.329041	-931.034485
4102.206743	306.078308	365.400360	-933.313843
4102.210067	306.428986	363.296326	-936.002319
4102.213410	306.312103	361.133850	-938.924622
4102.216740	305.844543	359.029816	-941.730042
4102.220072	306.428986	357.334900	-944.944458
4102.223403	306.312103	355.172424	-947.749878
4102.226733	306.779663	353.828156	-950.379822
4102.230072	306.487427	351.724152	-953.068359
4102.233398	306.370544	349.737000	-956.633545
4102.236734	306.136749	347.866760	-958.971436
4102.240072	306.253662	345.938049	-961.601440
4102.243433	306.604309	343.950928	-965.400330
4102.246733	306.604309	341.496216	-967.679687
4102.250068	307.071869	340.093506	-971.303345
4102.253401	306.545868	337.580383	-973.290466
4102.256742	306.604309	335.067200	-977.790710
4102.260072	306.955017	333.138519	-979.661011
4102.263396	306.428986	331.092926	-983.284668
4102.266740	306.662781	328.988892	-985.739319
4102.270070	306.370544	327.001770	-989.421387
4102.273401	306.019867	324.547058	-993.161865
4102.277601	305.610748	319.228516	-999.824646
4102.280942	306.078308	317.358276	-1003.214478
4102.284328	305.669189	315.020477	-1005.201599
4102.287681	305.552307	312.215088	-1009.526611
4102.290542	305.376984	309.643494	-1012.448853
4102.293818	305.084747	307.364105	-1017.007629
4102.297151	304.967865	304.441864	-1020.163635
4102.300506	304.909424	302.279388	-1023.728821
4102.303817	304.909424	299.298645	-1026.826416
4102.306733	304.558716	296.376404	-1030.391602
4102.310060	304.441864	293.337219	-1032.437134
4102.313401	304.032745	290.414948	-1036.703735
4102.316725	303.506744	287.492706	-1041.145508
4102.320057	303.682068	284.921112	-1043.658691
4102.323391	302.688477	281.940399	-1047.165405
4102.326724	303.039185	278.667450	-1051.607178
4102.330066	302.630035	276.271179	-1054.587891
4102.333391	301.987152	272.589142	-1058.445312
4102.336719	301.402679	269.959106	-1061.952148
4102.340072	301.285797	266.919922	-1066.218506
4102.343396	300.350677	264.114532	-1068.556396
4102.346726	299.123322	261.075409	-1072.472168
4102.350055	299.181763	258.211578	-1076.154297
4102.353394	298.655762	255.172424	-1080.888428
4102.356721	297.486847	252.250153	-1083.810669
4102.360063	296.727051	248.977203	-1086.849731
4102.363392	296.259491	246.054932	-1089.596802
4102.366758	295.967255	242.898895	-1093.921631
4102.370055	295.441284	239.976624	-1097.194580
4102.373396	294.330811	236.879013	-1100.000000
4102.376721	293.512573	234.190536	-1103.331421
4102.380056	292.928131	231.034500	-1106.896606
4102.383392	291.876099	228.112213	-1110.286377
4102.387595	290.356506	221.741669	-1117.592041
4102.390995	289.070740	218.994736	-1120.572754
4102.394309	288.427826	215.371124	-1123.670410
4102.397644	287.551147	212.039734	-1127.469360
4102.400895	287.083588	208.825256	-1130.742310
4102.403806	285.563995	205.786087	-1133.723022
4102.407144	284.979523	202.162476	-1137.229736
4102.410513	283.985962	198.597305	-1141.145508
4102.413804	282.583282	195.265930	-1144.827515
4102.416720	281.765045	191.817657	-1147.866699
4102.420054	281.239044	188.310928	-1150.905884
4102.423388	279.719482	184.745758	-1154.062012
4102.426717	278.959686	180.654587	-1157.802490
4102.430049	278.141418	176.914078	-1161.309204
4102.433383	276.329651	173.056702	-1163.237915
4102.436719	275.745178	169.608414	-1167.270508
4102.440050	274.634705	166.452377	-1169.725342
4102.443410	272.998230	162.828751	-1173.115112
4102.446719	272.004669	158.503799	-1176.855713
4102.450050	270.777313	154.646408	-1179.953247
4102.453416	269.491516	151.315018	-1182.758667
4102.456711	268.848633	146.873169	-1186.499146
4102.460053	267.855042	143.424896	-1189.771973
4102.463388	266.160126	139.801285	-1192.577515
4102.466715	264.523682	136.002335	-1196.551758
4102.470049	263.413208	132.320282	-1197.954346
4102.473377	262.536530	128.287552	-1200.409180
4102.476716	260.783173	124.722382	-1205.084717
4102.480043	259.205139	120.981888	-1207.364136
4102.483384	258.620697	116.832260	-1210.052612
4102.486709	256.750427	112.857971	-1212.331909
4102.490047	255.055527	109.468147	-1216.189331
4102.493377	253.828171	105.026306	-1218.001221
4102.497663	250.789017	98.012856	-1223.845703
4102.500961	248.977203	94.681473	-1226.768066
4102.504311	247.457626	91.174751	-1228.930420
4102.507555	245.821167	87.960258	-1231.969604
4102.510885	244.710678	84.044418	-1234.716553
4102.513801	242.548233	81.005257	-1236.937378
4102.517135	241.554642	77.089424	-1240.853271
4102.520466	239.450623	73.173584	-1242.197510
4102.523796	238.690826	69.549973	-1245.528931
4102.526707	237.229675	66.160141	-1247.866699
4102.530041	235.184097	62.419636	-1250.146118
4102.533374	233.430740	59.029804	-1252.834595
4102.536710	232.144958	55.055523	-1255.406250
4102.540059	229.514908	51.198132	-1258.211670
4102.543415	227.936890	47.106953	-1259.906494
4102.546714	225.774414	43.892460	-1262.828735
4102.550036	224.313263	40.677963	-1264.874390
4102.553374	222.150772	36.937462	-1266.276978
4102.556707	221.157211	33.255405	-1269.316162
4102.560037	218.410278	29.339567	-1270.952759
4102.563374	216.423157	25.949738	-1273.465820
4102.566699	215.429565	22.209234	-1276.154297
4102.570041	214.260681	18.234951	-1277.907715
4102.573369	211.981293	14.494448	-1279.368774
4102.576700	210.578613	10.520164	-1281.180542
4102.580038	208.942123	7.305669	-1283.810669
4102.583403	206.779663	3.506721	-1285.856201
4102.586706	204.967850	-0.993571	-1287.141968
4102.590036	202.980713	-4.909410	-1288.953735
4102.593367	201.227356	-8.591467	-1290.707153
4102.596699	199.240204	-12.215078	-1292.869629
4102.600031	197.837524	-15.838690	-1294.506226
4102.603365	195.499710	-19.286966	-1295.791870
4102.607627	191.759201	-26.008183	-1299.824585
4102.610911	189.772064	-30.099356	-1301.227417
4102.614219	188.135590	-33.430744	-1302.922241
4102.617540	186.616013	-36.703682	-1303.506714
4102.620913	184.336655	-40.210403	-1305.669189
4102.623788	182.583282	-43.600235	-1306.487427
4102.627167	180.128571	-47.282291	-1308.182373
4102.630474	178.082993	-50.263004	-1309.643433
4102.633819	176.037415	-53.477497	-1312.331909
4102.637150	174.517822	-56.575100	-1312.624146
4102.640037	172.355347	-59.906490	-1313.559326
4102.643360	170.601990	-63.354759	-1314.903564
4102.646691	168.848618	-66.393921	-1316.481567
4102.650027	166.393921	-69.257744	-1317.533569
4102.653365	164.874344	-72.413788	-1319.286987
4102.656700	162.419647	-75.745178	-1319.871460
4102.660030	161.016953	-78.316772	-1320.689697
4102.663362	159.088257	-81.648163	-1322.559937
4102.666690	156.516663	-84.219757	-1322.793701
4102.670059	154.587967	-87.843361	-1324.254761
4102.673362	152.659256	-90.531853	-1324.897705
4102.676696	150.555237	-93.512566	-1325.715942
4102.680029	149.094086	-96.551720	-1327.235474
4102.683354	146.522491	-99.240204	-1328.287476
4102.686690	144.710693	-102.454712	-1328.872070
4102.690021	142.781998	-105.026306	-1329.339600
4102.693356	140.619522	-108.065460	-1331.092896
4102.696695	139.041489	-110.637054	-1331.385132
4102.700019	137.346573	-113.500885	-1333.430786
4102.703376	134.833435	-116.423141	-1333.080078
4102.706698	133.255417	-119.462296	-1333.898315
4102.710020	131.034485	-122.326126	-1333.956665
4102.713384	129.047348	-125.306831	-1335.184082
4102.718003	125.599060	-130.508469	-1335.710205
4102.720891	124.254822	-133.372299	-1336.703735
4102.724222	121.975456	-136.060791	-1336.762085
4102.727553	120.046761	-138.573929	-1337.814087
4102.730962	118.176506	-141.087082	-1337.931030
4102.733818	116.130913	-143.541794	-1338.983032
4102.737182	114.611343	-145.821152	-1338.573975
4102.740443	113.091751	-148.568100	-1339.392212
4102.743779	111.046173	-151.256577	-1340.444214
4102.747105	109.117470	-153.360611	-1340.502686
4102.750014	107.539452	-156.165985	-1341.963745
4102.753349	105.961433	-157.802444	-1341.613159
4102.756689	104.266510	-160.140259	-1341.905273
4102.760017	102.454712	-162.244293	-1342.197510
4102.763355	100.642899	-164.523666	-1343.015747
4102.766682	98.655754	-166.861481	-1342.723511
4102.770013	96.668610	-168.614838	-1343.191162
4102.773342	95.499710	-171.011108	-1342.431396
4102.776686	93.512566	-172.472244	-1343.307983
4102.780011	92.109879	-174.342484	-1343.658691
4102.783344	90.181175	-175.920517	-1343.541870
4102.786681	87.960258	-178.725891	-1343.717041
4102.790010	86.674461	-180.829926	-1344.009277
4102.793342	84.979546	-182.466400	-1343.366455
4102.796692	83.284630	-184.161301	-1343.658691
4102.800049	81.472816	-185.797775	-1344.593750
4102.803343	79.485680	-187.434250	-1345.295166
4102.806681	77.966103	-189.187607	-1345.704224
4102.810011	76.446518	-190.940979	-1344.769043
4102.813343	74.400940	-192.811234	-1344.885986
4102.816680	73.348923	-194.213913	-1346.113403
4102.820012	71.654007	-195.090591	-1345.002930
4102.823346	69.842194	-197.077728	-1346.113403
4102.826675	68.147285	-198.597305	-1345.470581
4102.830882	65.458801	-201.461121	-1345.996460
4102.834210	63.646992	-203.506729	-1346.522461
4102.837595	62.478085	-204.792526	-1346.990112
4102.840938	60.958504	-206.019882	-1345.879639
4102.843831	59.029804	-207.013443	-1345.821167
4102.847094	57.919346	-208.591461	-1346.405640
4102.850449	55.698425	-210.111053	-1345.528931
4102.853777	55.055523	-211.338394	-1345.470581
4102.857101	53.477497	-212.741089	-1346.054932
4102.860429	51.841026	-213.500885	-1345.587402
4102.863335	50.789009	-215.371124	-1346.230347
4102.866669	49.736996	-216.014023	-1345.879639
4102.870008	48.568089	-217.241379	-1344.944458
4102.873335	47.223846	-218.234940	-1345.061401
4102.876671	45.470486	-219.637634	-1344.710693
4102.880009	44.067799	-220.338989	-1345.587402
4102.883341	42.665108	-221.215652	-1344.652222
4102.886681	41.613094	-222.501465	-1345.937988
4102.890003	40.444183	-223.962585	-1345.353638
4102.893342	39.567505	-224.488586	-1345.470581
4102.896667	38.281708	-225.423721	-1345.178223
4102.900036	36.703682	-226.651077	-1345.704224
4102.903341	35.534775	-226.241974	-1345.412109
4102.906674	34.599651	-227.293991	-1345.119873
4102.910000	33.489189	-228.579788	-1345.704224
4102.913337	31.969610	-229.047348	-1345.528931
4102.916671	30.859146	-229.748672	-1345.061401
4102.920006	29.748684	-229.573349	-1345.645752
4102.923335	28.579777	-230.040909	-1344.769043
4102.926675	27.527761	-230.450027	-1345.236694
4102.930027	26.183519	-231.151367	-1344.769043
4102.933338	25.248394	-231.151367	-1344.827515
4102.936666	24.079485	-231.151367	-1344.885986
4102.940884	22.384571	-232.495621	-1344.944458
4102.944206	20.748100	-232.963181	-1345.528931
4102.947616	19.988310	-232.787842	-1344.944458
4102.950910	19.053185	-233.313843	-1344.535400
4102.953794	18.059614	-234.015198	-1345.645752
4102.957084	17.241379	-233.722977	-1345.178223
4102.960432	16.014027	-233.839874	-1345.178223
4102.963753	15.429573	-233.781403	-1345.704224
4102.967085	14.260666	-234.482758	-1345.412109
4102.969994	13.442431	-234.132080	-1345.002930
4102.973344	13.033314	-234.541199	-1345.704224
4102.976665	12.156633	-234.424301	-1345.295166
4102.979995	11.455289	-234.424301	-1345.762695
4102.983327	10.403274	-234.365875	-1345.002930
4102.986658	9.818819	-234.482758	-1345.119873
4102.989990	9.059030	-233.722977	-1345.470581
4102.993327	8.474577	-234.248978	-1345.470581
4102.996660	7.130333	-234.015198	-1345.470581
4102.999997	6.136762	-233.781403	-1345.996460
4103.003341	5.902981	-233.606079	-1345.002930
4103.006659	5.786090	-233.664520	-1345.119873
4103.009990	4.149620	-233.664520	-1345.061401
4103.013326	4.208066	-233.255417	-1345.528931
4103.016668	3.506721	-232.670944	-1345.821167
4103.019991	2.571596	-232.437180	-1346.580933
4103.023327	2.337814	-232.495621	-1346.113403
4103.026652	1.578025	-231.969620	-1346.054932
4103.029994	0.935126	-231.385162	-1345.762695
4103.033315	0.058445	-231.092926	-1346.113403
4103.036659	-0.818235	-230.859131	-1346.873169
4103.039992	-1.227352	-230.742264	-1346.171875
4103.043323	-1.870251	-229.924011	-1346.522461
4103.046673	-2.746932	-229.222687	-1347.106934
4103.051336	-3.798948	-228.112213	-1346.639404
4103.054263	-3.623612	-227.293991	-1347.808228
4103.057585	-4.850964	-226.417297	-1347.632935
4103.060940	-5.026300	-225.248383	-1347.340820
4103.064169	-5.727644	-224.663956	-1347.749878
4103.067074	-6.078317	-223.787262	-1347.340820
4103.070412	-6.078317	-223.670364	-1347.340820
4103.073739	-6.838106	-221.917007	-1348.042114
4103.077096	-6.662770	-221.507889	-1347.983643
4103.080407	-7.422560	-220.280533	-1347.282349
4103.083315	-7.714787	-219.345398	-1348.217407
4103.086651	-8.299240	-218.702515	-1348.977173
4103.090013	-8.591467	-217.182922	-1347.632935
4103.093319	-8.357686	-216.656921	-1349.094116
4103.096651	-9.000585	-215.254242	-1348.743408
4103.099986	-9.000585	-213.968445	-1349.035645
4103.103311	-9.234365	-213.091751	-1349.970825
4103.106645	-9.585038	-212.507294	-1349.094116
4103.109982	-10.286383	-211.163071	-1349.035645
4103.113312	-9.935710	-210.111053	-1348.217407
4103.116640	-9.935710	-209.292816	-1350.321533
4103.120017	-10.052601	-207.890137	-1349.561646
4103.123312	-9.935710	-206.721207	-1350.379883
4103.126648	-10.461719	-205.961426	-1349.853882
4103.129975	-10.929281	-204.266495	-1350.087646
4103.133334	-11.104617	-203.214508	-1350.438354
4103.136645	-10.753945	-201.928680	-1350.146118
4103.139978	-10.637054	-201.168915	-1350.613647
4103.143310	-10.286383	-199.123322	-1350.029175
4103.146646	-10.578609	-198.246628	-1350.730591
4103.149973	-10.578609	-196.902390	-1351.724121
4103.153312	-9.994155	-195.791931	-1350.788940
4103.156645	-10.227938	-193.746353	-1351.315063
4103.159982	-10.461719	-192.577438	-1350.379883
4103.164265	-10.286383	-189.772064	-1351.490356
4103.167575	-10.929281	-188.427811	-1351.022827
4103.170828	-10.111046	-186.791351	-1352.191772
4103.174163	-10.578609	-185.447113	-1351.315063
4103.177502	-10.403274	-183.985977	-1352.133301
4103.180395	-9.818819	-181.940384	-1353.126831
4103.183733	-9.292811	-180.070145	-1352.191772
4103.187065	-9.000585	-177.732330	-1352.659180
4103.190422	-9.117476	-177.323196	-1352.250122
4103.193306	-8.883694	-175.277618	-1352.542358
4103.196633	-8.416131	-173.115128	-1352.600830
4103.200005	-8.416131	-171.887787	-1352.542358
4103.203305	-7.773232	-169.491531	-1351.841064
4103.206652	-7.773232	-167.679718	-1352.074829
4103.209971	-7.773232	-166.335480	-1353.302246
4103.213305	-7.597896	-164.406769	-1353.243774
4103.216633	-6.838106	-162.653427	-1352.483887
4103.219971	-6.487434	-160.666275	-1352.250122
4103.223301	-6.487434	-158.562241	-1353.009888
4103.226641	-5.902981	-156.516663	-1352.600830
4103.229974	-5.552309	-154.704865	-1352.133301
4103.233299	-5.318527	-152.717712	-1352.717651
4103.236639	-4.850964	-151.373474	-1352.659180
4103.239969	-4.149620	-148.918762	-1352.425537
4103.243329	-3.798948	-147.106964	-1352.367065
4103.246635	-3.331385	-145.178253	-1353.243774
4103.249967	-3.214494	-142.723541	-1352.483887
4103.253296	-2.746932	-140.677963	-1352.600830
4103.256636	-2.279369	-138.690826	-1352.133301
4103.259969	-1.519579	-136.703674	-1351.899414
4103.263305	-1.168907	-134.307419	-1352.308594
4103.266630	-0.116891	-132.144943	-1352.016357
4103.269966	0.000000	-130.040909	-1351.490356
4103.274231	1.694915	-126.125076	-1350.964355
4103.277475	2.104033	-124.079491	-1350.788940
4103.280827	2.630041	-122.443024	-1350.672119
4103.284150	3.214494	-120.105209	-1351.022827
4103.287538	4.383401	-117.708946	-1351.431885
4103.290386	5.143191	-115.546463	-1350.613647
4103.293750	5.902981	-112.916420	-1350.204590
4103.297084	6.136762	-111.163071	-1350.087646
4103.300410	7.013443	-109.059021	-1349.853882
4103.303306	7.539450	-107.071892	-1349.327881
4103.306630	8.123904	-104.792526	-1348.918701
4103.309964	8.649913	-101.987144	-1349.620117
4103.313292	9.468147	-99.649330	-1348.275879
4103.316633	9.760374	-97.136177	-1347.574463
4103.319957	10.520164	-95.149033	-1347.574463
4103.323297	11.221508	-92.752777	-1347.048462
4103.326627	12.273524	-90.298065	-1346.580933
4103.329996	12.624197	-87.960258	-1346.814697
4103.333292	13.793103	-85.505554	-1346.522461
4103.336622	14.202221	-82.817062	-1345.353638
4103.339956	15.254237	-80.362358	-1345.470581
4103.343287	16.072474	-77.849213	-1344.652222
4103.346624	17.066044	-75.511398	-1343.600220
4103.349955	17.708942	-73.173584	-1343.600220
4103.353292	18.760958	-70.017532	-1343.892456
4103.356624	19.111629	-68.088837	-1342.489868
4103.359955	20.105202	-66.101692	-1341.613159
4103.363292	20.338982	-63.354759	-1341.496216
4103.366627	21.683226	-60.841614	-1340.444214
4103.369952	22.969025	-57.802456	-1340.911743
4103.373319	23.611923	-55.347752	-1339.333740
4103.376636	24.430157	-53.009933	-1338.632446
4103.379968	24.897720	-50.321449	-1337.872559
4103.384557	27.293980	-45.938049	-1338.106323
4103.387476	27.936878	-43.366451	-1337.346558
4103.390801	28.872004	-41.028641	-1335.359497
4103.394159	30.274693	-38.281708	-1334.716553
4103.397507	31.502045	-35.943893	-1334.132080
4103.400397	32.729401	-33.372299	-1333.138550
4103.403735	32.963181	-30.566919	-1333.196899
4103.407105	34.716541	-28.170660	-1331.911133
4103.410396	35.242550	-26.241964	-1332.086426
4103.413716	36.294563	-23.787258	-1331.151367
4103.416641	37.463470	-20.806547	-1329.982422
4103.419947	38.281708	-18.118059	-1329.339600
4103.423285	38.983051	-15.604909	-1327.820068
4103.426615	39.976620	-13.500876	-1327.118652
4103.429950	40.794857	-11.104617	-1326.592651
4103.433279	41.905319	-8.708358	-1326.183472
4103.436618	43.775570	-5.961426	-1325.248413
4103.439952	44.301579	-3.974284	-1324.546997
4103.443279	45.412041	-1.461134	-1323.144287
4103.446614	46.230274	1.636470	-1323.670410
4103.449948	47.165401	5.026300	-1321.624756
4103.453276	48.158970	7.130333	-1321.624756
4103.456611	49.561657	9.585038	-1319.871460
4103.459973	50.555229	12.156633	-1319.696045
4103.463284	51.373463	14.845119	-1317.708984
4103.466662	51.957916	17.358271	-1317.475098
4103.469955	53.945057	19.170076	-1316.072510
4103.473276	54.178841	22.209234	-1315.020508
4103.476609	55.055523	24.956165	-1314.494385
4103.479948	55.990646	26.826418	-1312.974854
4103.483282	56.984222	29.748684	-1311.279907
4103.486615	58.445351	32.437172	-1310.987793
4103.489946	59.906490	35.008766	-1309.643433
4103.493280	61.426067	37.112801	-1308.357666
4103.497479	62.945644	42.022209	-1306.136841
4103.500838	64.056107	44.476913	-1305.786133
4103.504227	65.283463	46.990063	-1303.682007
4103.507528	66.627708	49.269432	-1303.565063
4103.510395	68.205727	52.074806	-1301.636475
4103.513754	68.205727	54.178841	-1300.467529
4103.517031	69.549973	56.575100	-1299.240234
4103.520363	70.660431	59.205143	-1298.831055
4103.523706	72.238457	61.893631	-1296.843872
4103.526605	73.056694	64.056107	-1296.025757
4103.529937	73.991814	66.627708	-1294.681396
4103.533269	75.160721	68.556396	-1293.921631
4103.536605	76.563416	70.660431	-1292.752686
4103.539938	77.966103	72.998253	-1291.876099
4103.543271	79.193459	75.102280	-1290.239624
4103.546619	80.537697	77.966103	-1289.362915
4103.549934	81.239037	80.362358	-1288.310913
4103.553274	82.466393	82.057281	-1286.966675
4103.556604	83.284630	85.037987	-1286.031494
4103.559935	84.570427	87.200470	-1284.278198
4103.563263	85.914673	88.895378	-1282.700195
4103.566604	86.966690	91.466980	-1281.414429
4103.569933	87.726471	94.155464	-1280.362305
4103.573281	89.362946	96.259499	-1279.018066
4103.576608	90.531853	97.603737	-1277.031006
4103.579932	91.876099	100.233780	-1276.271118
4103.583264	92.752777	102.863823	-1275.102295
4103.586601	93.337234	104.383400	-1274.342529
4103.589969	95.441261	106.662773	-1272.413818
4103.593272	96.201050	108.825241	-1271.770874
4103.596616	97.545296	110.929283	-1270.134399
4103.599936	98.246643	113.033318	-1269.140869
4103.603267	99.473991	115.078903	-1266.861450
4103.607940	101.578018	119.345413	-1263.763916
4103.610809	102.396263	122.150787	-1263.471680
4103.614201	103.682053	123.611923	-1261.192383
4103.617520	104.032730	125.949738	-1260.958496
4103.620863	105.669197	127.819992	-1258.737549
4103.623684	106.779655	130.274689	-1257.627075
4103.627040	107.597900	131.852722	-1256.692017
4103.630355	109.000587	134.073639	-1254.471069
4103.633726	110.403275	135.534775	-1254.062012
4103.637019	111.572182	137.814148	-1251.665649
4103.639929	112.507309	139.918167	-1251.022827
4103.643258	113.267097	141.846878	-1250.496826
4103.646592	114.260658	143.483337	-1248.275879
4103.649929	115.020454	145.119812	-1246.814697
4103.653259	116.364693	147.106964	-1245.295166
4103.656590	117.650497	149.094086	-1243.950928
4103.659930	118.644073	151.081238	-1242.255981
4103.663263	120.163643	152.834595	-1241.496216
4103.666587	120.864990	154.880188	-1240.327271
4103.669922	121.741676	156.575104	-1238.924561
4103.673264	122.852135	158.445358	-1237.989502
4103.676628	123.728813	159.672699	-1236.879028
4103.679921	124.371704	161.309174	-1234.482788
4103.683260	126.300407	163.296326	-1233.313843
4103.686588	127.001747	164.699005	-1232.203369
4103.689925	127.819992	166.627701	-1230.625366
4103.693250	129.398010	168.147278	-1229.281128
4103.696590	130.099350	169.783752	-1227.235474
4103.699925	131.502045	171.244888	-1226.943359
4103.703252	132.203384	172.530685	-1225.306763
4103.706591	133.255417	174.868500	-1224.079468
4103.709922	133.956757	175.920517	-1222.033936
4103.713253	134.716537	177.673874	-1221.507935
4103.716594	136.352997	179.251892	-1220.455811
4103.720800	138.573929	182.466400	-1217.416626
4103.724170	139.099945	183.343079	-1215.838745
4103.727518	139.859741	185.797775	-1215.195801
4103.730770	141.087082	186.908249	-1214.319092
4103.734102	141.846878	188.252487	-1212.974854
4103.737002	142.665115	189.479843	-1211.864380
4103.740345	143.834015	190.707184	-1210.286377
4103.743681	144.710693	191.992981	-1208.942139
4103.747009	146.171829	193.512573	-1207.948608
4103.749935	146.990067	194.915253	-1207.071899
4103.753251	148.100525	196.317947	-1206.312134
4103.756578	148.509644	197.486847	-1204.149658
4103.759917	149.503220	198.655762	-1203.214478
4103.763251	150.730560	200.233795	-1201.753296
4103.766581	151.315018	201.578018	-1200.759766
4103.769914	152.600815	202.922272	-1199.766235
4103.773261	152.951492	203.798935	-1198.714111
4103.776584	154.120392	204.792526	-1197.603760
4103.779947	155.230850	205.844543	-1196.434937
4103.783249	156.341324	207.364105	-1195.850342
4103.786584	156.925781	208.533020	-1194.330811
4103.789909	157.977798	209.409714	-1193.571045
4103.793250	158.912918	211.046173	-1192.051392
4103.796575	159.146698	212.156631	-1190.940918
4103.799916	159.906479	212.974854	-1190.181152
4103.803246	161.192291	214.436005	-1189.421387
4103.806575	162.068970	215.078903	-1188.252441
4103.809912	163.004089	216.423157	-1187.258911
4103.813240	163.880783	217.241379	-1185.505615
4103.816597	164.582123	218.410278	-1184.453613
4103.819915	165.283463	219.403870	-1183.752197
4103.823241	166.277023	219.579193	-1182.407959
4103.827504	167.212158	222.033905	-1181.472778
4103.830834	168.556396	223.202805	-1180.245483
4103.834122	169.199295	223.728821	-1179.018066
4103.837431	170.134430	224.605484	-1178.433716
4103.840777	170.601990	224.897720	-1178.199829
4103.843665	171.128006	225.715942	-1176.855713
4103.846998	172.121567	226.826401	-1175.160645
4103.850332	173.056702	227.001770	-1174.634766
4103.853679	173.290482	228.112213	-1173.465820
4103.857034	174.284042	229.047348	-1172.472168
4103.859943	174.926941	229.690247	-1171.011108
4103.863234	176.037415	230.099365	-1171.186401
4103.866578	176.154297	230.683807	-1169.900635
4103.869910	177.206314	231.560486	-1169.959106
4103.873235	178.024536	232.378723	-1169.257690
4103.876574	178.492111	232.846283	-1168.322632
4103.879908	179.310349	233.255417	-1166.919922
4103.883241	180.070145	234.248978	-1166.978394
4103.886570	180.537704	234.482758	-1166.160156
4103.889903	181.239044	234.716537	-1164.932861
4103.893235	181.765045	235.885452	-1164.056152
4103.896568	182.641739	236.294556	-1162.711914
4103.899903	183.401520	236.879013	-1162.478027
4103.903270	183.284622	237.697250	-1162.068970
4103.906567	184.044418	238.106369	-1160.958496
4103.909901	184.862656	238.573929	-1160.490845
4103.913238	185.973114	238.807724	-1159.848022
4103.916569	185.973114	239.509064	-1159.789551
4103.919903	186.791351	239.859726	-1159.205200
4103.923230	187.434250	239.625961	-1158.328491
4103.926569	187.960251	240.268845	-1158.328491
4103.929898	188.544708	240.677979	-1156.867310
4103.933232	189.070709	240.911743	-1156.341309
4103.936565	189.888947	241.496201	-1156.166016
4103.940828	191.350098	242.080658	-1154.646362
4103.944083	190.940979	242.197540	-1154.062012
4103.947427	192.226761	242.197540	-1153.419067
4103.950747	193.220337	243.132660	-1153.243774
4103.954096	193.103439	243.775558	-1152.483887
4103.956989	193.921692	243.892456	-1152.483887
4103.960343	193.863235	243.834015	-1152.483887
4103.963701	194.681473	243.483353	-1151.957886
4103.967009	195.324371	243.717117	-1151.724121
4103.969922	196.084167	243.717117	-1151.198120
4103.973230	196.025711	244.360016	-1150.847412
4103.976596	196.727066	244.126251	-1149.736938
4103.979892	197.311508	243.775558	-1150.204590
4103.983224	198.012848	244.067795	-1150.263062
4103.986567	197.779068	244.126251	-1149.853882
4103.989918	198.480408	243.834015	-1149.503174
4103.993225	199.006424	243.950912	-1148.509644
4103.996561	200.058441	244.301575	-1149.970825
4103.999896	199.824661	244.243118	-1149.795410
4104.003228	200.701355	244.360016	-1148.568115
4104.006562	201.227356	244.126251	-1148.568115
4104.009887	201.636475	243.892456	-1148.451172
4104.013221	202.396255	244.301575	-1147.808228
4104.016553	202.746933	244.243118	-1148.684937
4104.019908	202.513153	243.717117	-1147.983643
4104.023226	203.097610	244.126251	-1147.983643
4104.026555	203.915833	243.483353	-1148.334351
4104.029887	203.915833	243.600220	-1148.392822
4104.033225	204.324966	243.541794	-1147.749878
4104.036558	205.143188	244.067795	-1148.158936
4104.039907	205.260086	243.307999	-1147.691406
4104.043219	205.260086	243.132660	-1147.749878
4104.046555	206.078308	243.132660	-1147.340820
4104.050774	206.838104	242.431335	-1147.223877
4104.054072	206.545883	242.255997	-1147.866699
4104.057396	207.130341	241.613098	-1147.632935
4104.060749	207.013443	241.496201	-1147.866699
4104.064161	207.831665	241.729980	-1147.749878
4104.067004	208.123901	241.788437	-1147.749878
4104.070329	208.182358	241.028641	-1147.925171
4104.073707	208.942123	240.619522	-1147.574463
4104.076989	208.883698	240.619522	-1147.048462
4104.080305	209.117477	240.502625	-1148.100586
4104.083218	209.351257	239.918182	-1147.925171
4104.086548	209.760376	240.385742	-1149.094116
4104.089884	210.344833	239.509064	-1149.327881
4104.093219	210.052612	239.275284	-1149.269409
4104.096548	210.286377	238.749268	-1149.094116
4104.099880	211.163071	238.515503	-1149.620117
4104.103216	211.163071	238.457031	-1149.970825
4104.106569	211.572174	237.463470	-1150.438354
4104.109882	212.156631	236.995911	-1149.795410
4104.113217	212.273529	236.586792	-1150.788940
4104.116544	212.156631	236.294556	-1150.730591
4104.119885	212.098190	235.593231	-1150.788940
4104.123213	212.390427	234.950333	-1151.665649
4104.126548	212.916428	234.307434	-1151.957886
4104.129882	212.799530	233.898300	-1152.483887
4104.133235	212.974854	233.430740	-1153.068359
4104.136584	213.091751	232.787842	-1153.419067
4104.139883	213.267090	231.911163	-1154.412598
4104.143213	213.442413	231.443604	-1154.062012
4104.146543	213.793106	230.450027	-1155.347778
4104.149893	213.968445	230.040909	-1155.055542
4104.153214	213.734650	229.690247	-1156.458130
4104.156540	213.676208	229.222687	-1156.049072
4104.161203	213.851547	228.112213	-1157.393311
4104.164116	213.734650	227.352432	-1157.276489
4104.167415	213.851547	226.884872	-1157.685547
4104.170847	214.377548	226.125076	-1158.796021
4104.174150	214.319107	225.832840	-1158.386841
4104.176993	214.260681	224.956161	-1159.964966
4104.180330	214.377548	223.728821	-1160.140259
4104.183642	214.085342	223.144363	-1159.906494
4104.186968	214.552902	222.969025	-1161.133911
4104.190297	215.312668	222.033905	-1162.302734
4104.193231	215.020462	221.040314	-1162.828735
4104.196542	214.728241	219.988327	-1163.237915
4104.199868	214.669769	219.579193	-1163.997681
4104.203203	214.786667	219.228531	-1164.815918
4104.206546	214.786667	218.001175	-1164.582153
4104.209871	214.728241	217.124481	-1165.400269
4104.213207	214.728241	215.955597	-1166.569214
4104.216542	214.669769	215.663361	-1167.212158
4104.219874	214.202209	214.669769	-1168.030396
4104.223224	215.020462	214.026886	-1168.614868
4104.226539	214.552902	212.857986	-1169.374634
4104.229919	214.436005	211.747528	-1170.075928
4104.233208	214.377548	210.987732	-1170.835815
4104.236543	214.786667	210.169479	-1171.069580
4104.239867	214.260681	209.117477	-1172.939819
4104.243201	214.202209	208.182358	-1173.231934
4104.246538	214.026886	207.130341	-1173.582764
4104.249863	214.319107	206.195206	-1174.284058
4104.253198	214.202209	205.084747	-1175.569824
4104.256536	214.260681	204.091171	-1176.154297
4104.259871	214.026886	203.331375	-1176.914062
4104.263200	213.734650	202.337814	-1177.849243
4104.266561	214.202209	200.759796	-1178.316772
4104.269870	213.383987	200.000000	-1179.310303
4104.274071	213.208649	197.954422	-1181.531250
4104.277449	213.442413	197.077728	-1181.297485
4104.280818	213.559311	195.675034	-1183.343018
4104.284141	214.085342	194.856812	-1183.810669
4104.287380	213.383987	194.155472	-1184.628906
4104.290296	213.383987	193.161896	-1184.395142
4104.293622	212.741089	192.051437	-1185.447144
4104.296949	212.624191	190.648743	-1186.966675
4104.300293	211.981293	189.362946	-1188.018677
4104.303624	212.039734	188.310928	-1188.778442
4104.306531	211.922867	187.492691	-1189.012207
4104.309858	211.630630	186.732895	-1189.538330
4104.313197	211.689072	185.447113	-1191.583862
4104.316528	211.630630	183.810638	-1192.460571
4104.319858	210.870834	183.284622	-1191.934570
4104.323210	210.929276	181.823486	-1193.278809
4104.326541	210.403275	180.713028	-1195.967285
4104.329861	209.994156	179.602570	-1196.142578
4104.333196	209.526581	178.550552	-1196.610107
4104.336522	209.818817	177.556976	-1197.662109
4104.339861	209.585052	175.569839	-1199.006470
4104.343196	209.585052	174.517822	-1199.415527
4104.346523	208.883698	173.290482	-1199.590820
4104.349859	208.766800	172.530685	-1200.876709
4104.353219	208.007004	170.952652	-1201.168945
4104.356521	207.422562	169.549973	-1202.162476
4104.359861	207.071869	168.439514	-1203.039185
4104.363185	207.071869	166.919937	-1204.558716
4104.366524	207.364105	165.984802	-1205.260132
4104.369854	206.779663	164.699005	-1206.604248
4104.373186	206.487442	163.296326	-1207.013428
4104.376517	206.370544	162.068970	-1208.591431
4104.379853	205.961426	160.724716	-1209.584961
4104.384129	205.026291	158.737579	-1210.169556
4104.387476	204.675629	156.984222	-1212.624146
4104.390698	203.915833	156.165985	-1213.793091
4104.394030	203.448273	154.821747	-1214.377563
4104.397396	203.272934	154.003494	-1214.494385
4104.400280	203.156036	152.717712	-1215.429565
4104.403613	203.097610	151.139694	-1217.066040
4104.406967	202.396255	150.029221	-1217.182861
4104.410305	201.928680	148.509644	-1218.527222
4104.413654	201.461121	146.873169	-1220.397461
4104.416526	200.818222	146.288712	-1220.631226
4104.419861	200.876694	144.476913	-1221.624756
4104.423181	200.175339	143.541794	-1222.559937
4104.426514	199.473984	141.905319	-1223.611938
4104.429852	198.597305	140.327301	-1225.306763
4104.433225	198.421982	139.450607	-1225.599121
4104.436517	198.188202	138.047928	-1227.060181
4104.439873	197.837524	136.645233	-1226.709595
4104.443187	197.428406	135.008759	-1227.995361
4104.446517	196.668610	133.839859	-1228.988892
4104.449844	196.317947	132.729401	-1230.040894
4104.453181	196.376389	131.092926	-1231.502075
4104.456515	195.324371	130.216248	-1232.963135
4104.459846	194.681473	128.988892	-1232.437134
4104.463184	194.447693	127.586212	-1233.255371
4104.466513	194.330795	126.125076	-1234.599731
4104.469843	193.278793	124.722382	-1235.885376
4104.473175	193.220337	123.378143	-1237.463501
4104.476530	193.045013	121.800110	-1238.281738
4104.479840	192.577438	120.572769	-1239.684448
4104.483226	191.583878	119.345413	-1239.684448
4104.486508	191.350098	117.592049	-1241.262451
4104.489842	190.999420	116.481590	-1241.320923
4104.493179	190.414963	114.611343	-1242.197510
4104.497358	189.421387	112.390411	-1244.360107
4104.500715	189.012283	110.870834	-1245.412109
4104.504047	188.603149	109.877266	-1246.171875
4104.507387	187.551147	108.649910	-1247.925171
4104.510711	187.258911	107.188774	-1248.334351
4104.513622	186.265335	106.253647	-1249.211060
4104.516964	186.031555	104.792526	-1249.853882
4104.520306	185.330215	103.565170	-1250.613647
4104.523597	184.804214	101.870255	-1251.022827
4104.526509	184.102875	100.876678	-1252.191772
4104.529839	183.693741	98.772644	-1253.886597
4104.533176	182.933960	97.954407	-1254.354248
4104.536505	182.349503	97.019287	-1255.055542
4104.539838	181.823486	95.265923	-1255.523071
4104.543172	181.297485	93.337234	-1257.276489
4104.546502	180.537704	92.109879	-1257.510132
4104.549838	180.187027	90.473404	-1258.445312
4104.553171	179.661011	89.538284	-1260.198730
4104.556505	179.310349	88.603157	-1260.374023
4104.559834	177.966110	87.434250	-1261.016968
4104.563191	177.498550	85.680893	-1262.185913
4104.566496	177.381653	83.810638	-1262.711914
4104.569833	176.388077	83.401520	-1264.348267
4104.573168	175.511398	82.232613	-1264.874390
4104.576504	174.751602	80.362358	-1265.867920
4104.579849	174.225601	78.959671	-1267.036865
4104.583171	173.758041	77.790764	-1267.387451
4104.586502	173.115128	76.504967	-1268.848633
4104.589832	172.063126	75.511398	-1269.257690
4104.593169	171.946228	73.874924	-1269.900635
4104.596499	171.244888	72.822914	-1270.952759
4104.599829	170.835770	71.361771	-1271.712524
4104.603169	170.426651	69.900642	-1272.647583
4104.607370	169.023972	67.621269	-1273.348877
4104.610704	168.264175	66.218582	-1274.751587
4104.614045	168.088837	64.991234	-1275.043823
4104.617428	166.803040	64.173004	-1275.453003
4104.620753	166.452377	63.471649	-1277.147827
4104.623693	165.575684	61.484509	-1276.855713
4104.626928	164.406769	60.607834	-1278.842773
4104.630271	164.056107	58.912914	-1278.959717
4104.633588	163.880783	57.627117	-1279.953247
4104.636494	163.296326	56.107540	-1280.362305
4104.639826	162.185852	54.997082	-1280.713013
4104.643161	161.309174	53.828167	-1281.122070
4104.646493	160.315613	52.951492	-1282.700195
4104.649848	160.140259	51.373463	-1283.343018
4104.653162	159.497375	50.905903	-1283.284668
4104.656492	158.854477	49.210987	-1284.044434
4104.659829	158.679138	47.925190	-1285.330200
4104.663158	157.451782	46.873173	-1285.856201
4104.666492	156.925781	45.879601	-1286.966675
4104.669829	156.224426	44.593803	-1287.083496
4104.673152	155.698425	43.892460	-1288.310913
4104.676490	155.113968	42.489773	-1287.960205
4104.679885	154.471069	40.444183	-1288.953735
4104.683171	153.945068	40.151958	-1289.947388
4104.686493	152.659256	38.573933	-1290.239624
4104.689827	152.425476	38.457043	-1291.876099
4104.693190	151.607254	36.762127	-1291.992920
4104.696490	150.438339	36.060783	-1292.694336
4104.699826	150.496780	34.365868	-1292.986572
4104.703153	148.977203	33.255405	-1293.161865
4104.706494	149.269440	32.144947	-1293.921631
4104.709822	148.743423	30.976036	-1294.097046
4104.713148	147.632965	30.216248	-1294.973633
4104.717384	145.470490	28.170660	-1295.850342
4104.720693	145.353592	27.060200	-1297.019287
4104.724088	144.535370	26.300409	-1296.785522
4104.727463	144.476913	25.306839	-1297.720581
4104.730697	143.132675	24.079485	-1298.480469
4104.733584	142.723541	23.144360	-1299.824585
4104.736950	141.729980	22.209234	-1300.116943
4104.740250	141.788422	20.981882	-1300.935181
4104.743576	140.911743	19.871420	-1300.526001
4104.746907	140.268845	19.053185	-1300.876709
4104.749816	139.859741	18.293396	-1302.513184
4104.753154	138.924606	17.358271	-1302.396240
4104.756480	138.106369	16.540035	-1301.344238
4104.759812	137.054367	15.663354	-1301.987183
4104.763150	136.937469	14.728229	-1302.805420
4104.766483	136.411453	14.202221	-1303.682007
4104.769824	136.528351	12.799533	-1304.967896
4104.773152	135.359436	12.215078	-1305.552246
4104.776485	135.125656	11.396844	-1304.149658
4104.779842	134.365875	10.695500	-1305.552246
4104.783152	133.489197	8.942139	-1307.247314
4104.786485	133.138519	8.649913	-1307.597900
4104.789814	132.144943	7.714787	-1307.130371
4104.793142	131.618942	6.370543	-1307.656372
4104.796480	130.859146	5.610754	-1307.247314
4104.799815	129.924026	4.441847	-1308.416138
4104.803145	130.040909	4.441847	-1308.532959
4104.806478	129.398010	3.389831	-1309.526611
4104.809816	128.930450	2.805377	-1309.818848
4104.813146	127.527763	2.162478	-1309.584961
4104.816473	127.761543	0.409117	-1309.877319
4104.819811	127.177086	-0.175336	-1310.695435
4104.823160	126.417305	-0.876680	-1311.279907
4104.827397	124.663940	-3.097604	-1311.747559
4104.830732	124.079491	-3.097604	-1312.448853
4104.834021	123.787262	-4.091175	-1312.858032
4104.837321	123.378143	-4.675628	-1313.617798
4104.840655	123.319695	-6.312099	-1313.968506
4104.843571	122.033897	-6.487434	-1314.085327
4104.846917	121.800110	-7.305669	-1314.085327
4104.850230	120.455872	-7.656341	-1314.435913
4104.853570	120.455872	-7.656341	-1314.786743
4104.856478	119.520744	-8.065459	-1314.669800
4104.859809	118.877853	-8.942139	-1315.721802
4104.863139	118.468735	-9.701928	-1316.014038
4104.866492	118.468735	-10.286383	-1316.656982
4104.869808	117.767380	-10.695500	-1316.773804
4104.873156	117.241379	-11.163063	-1315.955566
4104.876472	116.423141	-11.864407	-1317.241333
4104.879803	115.721802	-12.507306	-1317.182861
4104.883135	114.962006	-12.974869	-1317.942749
4104.886469	114.319107	-13.383986	-1317.825806
4104.889799	113.968445	-13.968439	-1318.176514
4104.893134	113.267097	-14.377557	-1318.234863
4104.896468	112.857971	-14.552893	-1317.299805
4104.899799	112.331978	-15.195791	-1317.942749
4104.903140	111.981293	-15.195791	-1318.468750
4104.906470	111.572182	-16.189363	-1319.170044
4104.909840	110.987724	-16.423145	-1319.228516
4104.913130	111.046173	-17.182934	-1319.228516
4104.916471	110.461723	-16.949154	-1319.754517
4104.919804	109.935715	-17.767387	-1320.222046
4104.923134	109.292816	-18.176504	-1319.403809
4104.926468	108.883690	-18.702513	-1320.105225
4104.929800	108.299240	-18.410286	-1320.981934
4104.933132	107.773232	-19.228521	-1321.390991
4104.937400	106.779655	-19.988310	-1321.858643
4104.940653	106.604324	-20.631210	-1321.683228
4104.943976	106.253647	-21.157219	-1322.209229
4104.947314	105.552307	-21.215664	-1321.624756
4104.950669	104.850960	-21.683226	-1322.384521
4104.953576	104.734077	-21.683226	-1323.085937
4104.956878	104.324959	-21.507891	-1322.852173
4104.960253	103.623619	-22.267679	-1322.968994
4104.963581	103.156052	-22.443016	-1323.904175
4104.966914	103.389832	-23.319696	-1323.436523
4104.969798	102.863823	-22.910578	-1324.079468
4104.973128	102.571594	-23.553476	-1324.196289
4104.976464	101.753365	-23.319696	-1323.728882
4104.979800	101.694916	-23.436586	-1323.962646
4104.983130	100.993576	-23.787258	-1323.962646
4104.986460	100.701347	-23.319696	-1323.904175
4104.989794	100.935127	-23.904150	-1323.904175
4104.993128	100.292229	-23.611923	-1323.845703
4104.996488	100.000000	-24.254822	-1323.787231
4104.999793	99.766220	-24.605494	-1323.904175
4105.003123	99.181763	-24.839275	-1324.546997
4105.006458	99.123314	-24.430157	-1325.306763
4105.009793	99.006424	-24.430157	-1324.546997
4105.013127	97.954407	-24.605494	-1325.365234
4105.016454	97.895966	-24.780828	-1325.423706
4105.019787	97.545296	-24.722383	-1325.131470
4105.023126	96.785507	-25.131502	-1325.131470
4105.026454	97.486847	-24.956165	-1325.540649
4105.029793	97.428406	-24.722383	-1324.839355
4105.033136	96.493279	-24.663939	-1324.663940
4105.036469	96.610168	-25.073057	-1325.189941
4105.039811	96.025719	-24.722383	-1325.482178
4105.043125	95.850380	-24.021040	-1324.313232
4105.046458	94.915253	-24.430157	-1325.072998
4105.050633	94.506142	-24.254822	-1325.423706
4105.053964	94.739922	-24.547049	-1324.839355
4105.057318	94.623032	-24.079485	-1324.839355
4105.060669	93.980125	-24.137930	-1325.189941
4105.063574	93.804794	-23.962595	-1324.839355
4105.066902	93.512566	-23.904150	-1325.131470
4105.070235	93.454124	-23.611923	-1325.072998
4105.073552	92.986557	-23.904150	-1325.423706
4105.076879	92.928108	-23.495031	-1325.014648
4105.079786	92.460548	-23.611923	-1324.839355
4105.083128	92.460548	-23.670368	-1326.066650
4105.086447	92.402107	-23.378141	-1325.599121
4105.089779	92.109879	-22.969025	-1325.365234
4105.093115	92.226768	-23.202805	-1324.839355
4105.096446	91.992989	-22.676798	-1326.008179
4105.099776	91.291641	-22.618351	-1325.306763
4105.103119	91.700760	-22.209234	-1324.663940
4105.106452	91.642311	-22.150789	-1325.365234
4105.109782	91.408531	-22.443016	-1324.780884
4105.113138	90.882523	-21.683226	-1325.423706
4105.116450	91.466980	-20.572765	-1325.423706
4105.119775	90.414963	-20.572765	-1325.657471
4105.123118	90.882523	-20.748100	-1325.072998
4105.126446	90.824081	-20.163647	-1324.897705
4105.129787	90.414963	-19.871420	-1324.663940
4105.133112	90.298065	-20.046755	-1325.072998
