time (s)	det(V)
4098.382869	-1.626595	
4098.384432	-1.626664	
4098.386102	-1.626579	
4098.387673	-1.626660	
4098.389332	-1.626479	
4098.390943	-1.626724	
4098.392580	-1.626559	
4098.394198	-1.626668	
4098.395728	-1.626547	
4098.397370	-1.626680	
4098.398866	-1.626599	
4098.400510	-1.626612	
4098.402001	-1.626688	
4098.403654	-1.626603	
4098.405137	-1.626644	
4098.406757	-1.626656	
4098.408240	-1.626644	
4098.409859	-1.626624	
4098.411365	-1.626660	
4098.413022	-1.626571	
4098.414560	-1.626656	
4098.416180	-1.626583	
4098.417762	-1.626628	
4098.419341	-1.626346	
4098.420954	-1.626342	
4098.422513	-1.626273	
4098.424153	-1.626342	
4098.425659	-1.626293	
4098.427355	-1.626322	
4098.428955	-1.626193	
4098.430630	-1.626318	
4098.432234	-1.626128	
4098.433935	-1.626221	
4098.435503	-1.626104	
4098.437202	-1.626273	
4098.438757	-1.626072	
4098.440477	-1.626152	
4098.442034	-1.626144	
4098.443715	-1.626120	
4098.445255	-1.626148	
4098.446994	-1.626189	
4098.448497	-1.626120	
4098.450258	-1.626116	
4098.451739	-1.626108	
4098.453507	-1.626060	
4098.454984	-1.626088	
4098.456749	-1.626072	
4098.458232	-1.626084	
4098.460009	-1.625987	
4098.461509	-1.626060	
4098.463263	-1.602708	
4098.464769	-1.326659	
4098.466506	-1.023967	
4098.468023	-0.746492	
4098.469744	-0.448416	
4098.471282	-0.161963	
4098.473011	0.152802	
4098.474568	0.415779	
4098.476284	0.725235	
4098.477836	0.987208	
4098.479528	1.409195	
4098.481103	1.626898	
4098.482787	1.629238	
4098.484365	1.629041	
4098.486041	1.629250	
4098.487635	1.629105	
4098.489305	1.629133	
4098.490896	1.629161	
4098.492537	1.629270	
4098.494147	1.629141	
4098.495795	1.629222	
4098.497432	1.629153	
4098.499031	1.629250	
4098.500711	1.629141	
4098.502299	1.629186	
4098.503974	1.629121	
4098.505456	1.629174	
4098.507018	1.629133	
4098.508526	1.629085	
4098.510155	1.629162	
4098.511649	1.629190	
4098.513258	1.629258	
4098.514781	1.629161	
4098.516343	1.629178	
4098.517894	1.629125	
4098.519407	1.629230	
4098.521022	1.629218	
4098.522618	1.629310	
4098.524235	1.629153	
4098.525782	1.629250	
4098.527429	1.629105	
4098.528913	1.629198	
4098.530621	1.629121	
4098.532092	1.629315	
4098.533827	1.629206	
4098.535300	1.629234	
4098.537018	1.629194	
4098.538544	1.629250	
4098.540284	1.629242	
4098.541771	1.629331	
4098.543557	1.629218	
4098.545051	1.629214	
4098.546836	1.629226	
4098.548311	1.629230	
4098.550106	1.629286	
4098.551588	1.629246	
4098.553356	1.629258	
4098.554835	1.629278	
4098.556571	1.629294	
4098.558078	1.629166	
4098.559835	1.629335	
4098.561354	1.629210	
4098.563064	1.629222	
4098.564602	1.629202	
4098.566324	1.629387	
4098.567868	1.629145	
4098.569559	1.629242	
4098.571114	1.629133	
4098.572783	1.629194	
4098.574373	1.629226	
4098.576050	1.629278	
4098.577636	1.629161	
4098.579298	1.629351	
4098.580900	1.629161	
4098.582547	1.629250	
4098.584161	1.629234	
4098.585768	1.629290	
4098.587421	1.629190	
4098.589027	1.629238	
4098.590679	1.629258	
4098.592292	1.629270	
4098.593949	1.629109	
4098.595529	1.629278	
4098.597223	1.629242	
4098.598793	1.629218	
4098.600500	1.629250	
4098.602053	1.629226	
4098.603761	1.629214	
4098.605321	1.629153	
4098.607011	1.629169	
4098.608568	1.629250	
4098.610303	1.629161	
4098.611806	1.629198	
4098.613564	1.629133	
4098.615045	1.629170	
4098.616828	1.629153	
4098.618325	1.629145	
4098.619857	1.629190	
4098.621401	1.629121	
4098.622963	1.629210	
4098.624534	1.629150	
4098.626030	1.629214	
4098.627684	1.629182	
4098.629176	1.629105	
4098.630816	1.629178	
4098.632342	1.629178	
4098.633979	1.629146	
4098.635455	1.629214	
4098.637170	1.629101	
4098.638654	1.629129	
4098.640363	1.629149	
4098.641856	1.629053	
4098.643585	1.629149	
4098.645074	1.629089	
4098.646780	1.629166	
4098.648262	1.629105	
4098.650052	1.629202	
4098.651535	1.629194	
4098.653278	1.629182	
4098.654786	1.629041	
4098.656544	1.629145	
4098.658053	1.629109	
4098.659803	1.629194	
4098.661320	1.629089	
4098.663040	1.629113	
4098.664577	1.629101	
4098.666294	1.629170	
4098.667846	1.629125	
4098.669543	1.629129	
4098.671117	1.629133	
4098.672809	1.629202	
4098.674372	1.629145	
4098.676049	1.629089	
4098.677624	1.629121	
4098.679284	1.629186	
4098.680888	1.628436	
4098.682529	1.590526	
4098.684148	1.498088	
4098.685789	1.430847	
4098.687406	1.371852	
4098.689028	1.326337	
4098.690686	1.254008	
4098.692291	1.197330	
4098.693962	1.148071	
4098.695532	1.098946	
4098.697223	1.038034	
4098.698792	0.989633	
4098.700504	0.957411	
4098.702069	0.921970	
4098.703743	0.871072	
4098.705296	0.842378	
4098.707013	0.797148	
4098.708528	0.745344	
4098.710262	0.714237	
4098.711744	0.675308	
4098.713545	0.642380	
4098.715027	0.606649	
4098.716807	0.596755	
4098.718300	0.561350	
4098.720079	0.539517	
4098.721553	0.532443	
4098.723342	0.496716	
4098.724825	0.472220	
4098.726586	0.450793	
4098.728124	0.435824	
4098.729605	0.408657	
4098.731186	0.389434	
4098.732667	0.384596	
4098.734323	0.384930	
4098.735815	0.367999	
4098.737457	0.354899	
4098.738982	0.352836	
4098.740620	0.326435	
4098.742103	0.308658	
4098.743752	0.308553	
4098.745232	0.292633	
4098.746934	0.269482	
4098.748421	0.259843	
4098.750124	0.266155	
4098.751614	0.261309	
4098.753329	0.251677	
4098.754806	0.255577	
4098.756470	0.242924	
4098.757987	0.234509	
4098.759641	0.227701	
4098.761183	0.209690	
4098.762887	0.203064	
4098.764441	0.199370	
4098.766144	0.203962	
4098.767723	0.206810	
4098.769399	0.204433	
4098.770979	0.201352	
4098.772652	0.197754	
4098.774234	0.195676	
4098.775883	0.186044	
4098.777485	0.179578	
4098.779104	0.162172	
4098.780733	0.154111	
4098.782328	0.160081	
4098.783991	0.166640	
4098.785593	0.146442	
4098.787253	0.159816	
4098.788856	0.162889	
4098.790549	0.147493	
4098.792119	0.127452	
4098.793837	0.127694	
4098.795394	0.128491	
4098.797118	0.127057	
4098.798670	0.126481	
4098.800379	0.115315	
4098.801944	0.110078	
4098.803657	0.115814	
4098.805186	0.112459	
4098.806935	0.118143	
4098.808425	0.094239	
4098.810204	0.094867	
4098.811696	0.083725	
4098.813465	0.069319	
4098.814958	0.076377	
4098.816757	0.077489	
4098.818237	0.066636	
4098.820030	0.064574	
4098.821510	0.076554	
4098.823277	0.066415	
4098.824780	0.052598	
4098.826537	0.039788	
4098.828043	0.043272	
4098.829772	0.023437	
4098.831302	0.008016	
4098.833030	0.018925	
4098.834559	0.022631	
4098.836263	0.011739	
4098.837819	0.013487	
4098.839343	0.019896	
4098.840951	0.003988	
4098.842448	-0.006361	
4098.844066	-0.001116	
4098.845583	-0.012584	
4098.847230	-0.023260	
4098.848707	-0.023751	
4098.850327	-0.010748	
4098.851801	-0.007722	
4098.853428	-0.014405	
4098.854919	-0.008415	
4098.856621	-0.010252	
4098.858109	-0.025322	
4098.859798	-0.031377	
4098.861328	-0.027441	
4098.862978	-0.035026	
4098.864527	-0.042446	
4098.866142	-0.036480	
4098.867716	-0.027086	
4098.869301	-0.036509	
4098.870887	-0.027731	
4098.872526	-0.021987	
4098.874122	-0.034051	
4098.875754	-0.038954	
4098.877388	-0.036827	
4098.878989	-0.041838	
4098.880665	-0.047397	
4098.882262	-0.037862	
4098.883935	-0.032666	
4098.885533	-0.040364	
4098.887197	-0.026442	
4098.888770	-0.021133	
4098.890472	-0.023042	
4098.892025	-0.034120	
4098.893737	-0.012286	
4098.895285	-0.021620	
4098.896987	-0.032807	
4098.898516	-0.026788	
4098.900247	-0.013398	
4098.901741	-0.015142	
4098.903518	-0.010602	
4098.905003	-0.000983	
4098.906779	0.000479	
4098.908269	-0.013072	
4098.910039	0.000161	
4098.911527	-0.005466	
4098.913305	-0.013451	
4098.914806	-0.008250	
4098.916573	0.008834	
4098.918072	0.011589	
4098.919837	0.015283	
4098.921355	0.038297	
4098.923098	0.036223	
4098.924623	0.018216	
4098.926350	0.023022	
4098.927886	0.037040	
4098.929606	0.022252	
4098.931152	0.017499	
4098.932853	0.028025	
4098.934408	0.041903	
4098.936080	0.032182	
4098.937645	0.039812	
4098.939312	0.046301	
4098.940898	0.043973	
4098.942529	0.031365	
4098.944138	0.038978	
4098.945774	0.027099	
4098.947393	0.027377	
4098.949018	0.028637	
4098.950657	0.040098	
4098.952154	0.036460	
4098.953814	0.035377	
4098.955289	0.050870	
4098.956933	0.044690	
4098.958423	0.025012	
4098.960066	0.025322	
4098.961549	0.027171	
4098.963178	0.015424	
4098.964695	0.017797	
4098.966265	0.030821	
4098.967828	0.027622	
4098.969445	0.017422	
4098.971031	0.035868	
4098.972610	0.029274	
4098.974235	0.017902	
4098.975784	0.002981	
4098.977415	0.006997	
4098.978924	-0.010607	
4098.980628	-0.016270	
4098.982237	-0.012617	
4098.983901	-0.009672	
4098.985485	-0.013044	
4098.987193	-0.010429	
4098.988751	-0.002308	
4098.990466	-0.012101	
4098.992024	-0.027276	
4098.993711	-0.024698	
4098.995268	-0.030386	
4098.996984	-0.039933	
4098.998516	-0.050447	
4099.000264	-0.040706	
4099.001761	-0.037786	
4099.003525	-0.034180	
4099.005006	-0.034269	
4099.006785	-0.033516	
4099.008262	-0.050132	
4099.010028	-0.048215	
4099.011520	-0.051103	
4099.013284	-0.062850	
4099.014776	-0.072333	
4099.016544	-0.052469	
4099.018052	-0.056533	
4099.019798	-0.060002	
4099.021309	-0.054991	
4099.023048	-0.057879	
4099.024579	-0.064924	
4099.026306	-0.071998	
4099.027845	-0.071551	
4099.029559	-0.078250	
4099.031108	-0.083394	
4099.032793	-0.077154	
4099.034355	-0.071398	
4099.036024	-0.070725	
4099.037607	-0.059925	
4099.039250	-0.059655	
4099.040861	-0.071579	
4099.042516	-0.078488	
4099.044117	-0.075930	
4099.045763	-0.079539	
4099.047377	-0.086194	
4099.048998	-0.075773	
4099.050671	-0.067422	
4099.052255	-0.074657	
4099.053940	-0.066234	
4099.055523	-0.062536	
4099.057206	-0.069819	
4099.058788	-0.078411	
4099.060463	-0.078045	
4099.061957	-0.086528	
4099.063509	-0.091306	
4099.065024	-0.092627	
4099.066671	-0.083044	
4099.068151	-0.081449	
4099.069741	-0.084675	
4099.071275	-0.079463	
4099.072827	-0.080893	
4099.074421	-0.092909	
4099.075927	-0.101941	
4099.077576	-0.098593	
4099.079144	-0.113437	
4099.080765	-0.123456	
4099.082288	-0.120209	
4099.083978	-0.115903	
4099.085453	-0.123323	
4099.087178	-0.118022	
4099.088655	-0.122606	
4099.090369	-0.131343	
4099.091851	-0.158192	
4099.093549	-0.163034	
4099.095036	-0.180396	
4099.096832	-0.187901	
4099.098312	-0.186334	
4099.100082	-0.197940	
4099.101573	-0.217493	
4099.103357	-0.223225	
4099.104836	-0.228655	
4099.106590	-0.236128	
4099.108086	-0.265116	
4099.109854	-0.275734	
4099.111368	-0.292126	
4099.113116	-0.314435	
4099.114622	-0.340635	
4099.116349	-0.352123	
4099.117875	-0.358529	
4099.119598	-0.373139	
4099.121151	-0.379359	
4099.122853	-0.400697	
4099.124415	-0.424214	
4099.126104	-0.454403	
4099.127666	-0.463382	
4099.129344	-0.504285	
4099.130924	-0.532693	
4099.132571	-0.546748	
4099.134166	-0.564521	
4099.135810	-0.594769	
4099.137428	-0.615475	
4099.139058	-0.635234	
4099.140690	-0.675211	
4099.142310	-0.713170	
4099.143957	-0.735998	
4099.145557	-0.776277	
4099.147226	-0.810744	
4099.148799	-0.834362	
4099.150506	-0.856965	
4099.152071	-0.898332	
4099.153781	-0.920737	
4099.155359	-0.950704	
4099.157064	-0.992022	
4099.158618	-1.042916	
4099.160338	-1.071255	
4099.161874	-1.113400	
4099.163620	-1.159624	
4099.165130	-1.190546	
4099.166902	-1.217761	
4099.168403	-1.252731	
4099.170164	-1.290807	
4099.171649	-1.319086	
4099.173435	-1.365460	
4099.174918	-1.412559	
4099.176556	-1.456713	
4099.178051	-1.492158	
4099.179634	-1.538496	
4099.181163	-1.584274	
4099.182674	-1.608045	
4099.184326	-1.623316	
4099.185821	-1.625995	
4099.187445	-1.626007	
4099.188969	-1.626116	
4099.190627	-1.626031	
4099.192107	-1.626064	
4099.193830	-1.626128	
4099.195306	-1.626068	
4099.197014	-1.626181	
4099.198498	-1.626044	
4099.200211	-1.626015	
4099.201695	-1.626136	
4099.203398	-1.626068	
4099.204883	-1.626011	
4099.206661	-1.626068	
4099.208149	-1.626088	
4099.209906	-1.626092	
4099.211395	-1.626068	
4099.213138	-1.626112	
4099.214655	-1.626064	
4099.216396	-1.626011	
4099.217914	-1.626148	
4099.219623	-1.626084	
4099.221167	-1.626112	
4099.222870	-1.626120	
4099.224425	-1.626156	
4099.226113	-1.626068	
4099.227678	-1.626144	
4099.229343	-1.626076	
4099.230929	-1.626201	
4099.232579	-1.626011	
4099.234176	-1.626056	
4099.235802	-1.626035	
4099.237426	-1.626193	
4099.239060	-1.626027	
4099.240680	-1.626257	
4099.242291	-1.626112	
4099.243943	-1.626249	
4099.245527	-1.626032	
4099.247207	-1.626136	
4099.248780	-1.626096	
4099.250486	-1.626088	
4099.252069	-1.626096	
4099.253758	-1.626152	
4099.255317	-1.626120	
4099.257011	-1.626209	
4099.258565	-1.626132	
4099.260287	-1.626160	
4099.261806	-1.626173	
4099.263547	-1.626261	
4099.265038	-1.626104	
4099.266826	-1.626249	
4099.268310	-1.626136	
4099.270094	-1.626189	
4099.271587	-1.626197	
4099.273368	-1.626160	
4099.274846	-1.626176	
4099.276619	-1.626080	
4099.278103	-1.626253	
4099.279840	-1.626176	
4099.281341	-1.626213	
4099.283072	-1.626205	
4099.284623	-1.626261	
4099.286123	-1.626277	
4099.287715	-1.626261	
4099.289207	-1.626229	
4099.290846	-1.626410	
4099.292362	-1.626297	
4099.294001	-1.626241	
4099.295488	-1.626346	
4099.297119	-1.626221	
4099.298612	-1.626322	
4099.300258	-1.626313	
4099.301750	-1.626237	
4099.303450	-1.626293	
4099.304946	-1.626350	
4099.306652	-1.626217	
4099.308135	-1.626237	
4099.309806	-1.626173	
4099.311309	-1.626390	
4099.312956	-1.626293	
4099.314486	-1.626346	
4099.316102	-1.626257	
4099.317665	-1.626325	
4099.319355	-1.626309	
4099.320947	-1.626354	
4099.322615	-1.626217	
4099.324199	-1.626382	
4099.325856	-1.626257	
4099.327458	-1.626293	
4099.329113	-1.626237	
4099.330740	-1.626325	
4099.332348	-1.626144	
4099.333991	-1.626394	
4099.335582	-1.626201	
4099.337253	-1.626342	
4099.338846	-1.626176	
4099.340502	-1.626281	
4099.342081	-1.626164	
4099.343796	-1.626257	
4099.345355	-1.626197	
4099.347062	-1.626269	
4099.348608	-1.626289	
4099.350332	-1.626197	
4099.351890	-1.626189	
4099.353602	-1.626313	
4099.355149	-1.626132	
4099.356887	-1.626156	
4099.358369	-1.626160	
4099.360145	-1.626273	
4099.361633	-1.626261	
4099.363417	-1.626116	
4099.364901	-1.626164	
4099.366683	-1.626273	
4099.368174	-1.626100	
4099.369972	-1.626173	
4099.371449	-1.626197	
4099.373228	-1.626124	
4099.374730	-1.626213	
4099.376483	-1.626112	
4099.377994	-1.626152	
4099.379724	-1.626092	
4099.381253	-1.626225	
4099.382988	-1.626052	
4099.384525	-1.626056	
4099.386216	-1.626140	
4099.387771	-1.626164	
4099.389476	-1.626015	
4099.391033	-1.626181	
4099.392706	-1.626100	
4099.394267	-1.626144	
4099.395942	-1.626120	
4099.397561	-1.626128	
4099.399050	-1.626177	
4099.400691	-1.626160	
4099.402212	-1.626193	
4099.403835	-1.626120	
4099.405319	-1.626148	
4099.406962	-1.626173	
4099.408460	-1.626100	
4099.410088	-1.626080	
4099.411597	-1.626160	
4099.413218	-1.626140	
4099.414723	-1.626120	
4099.416395	-1.626031	
4099.417907	-1.626209	
4099.419551	-1.626060	
4099.421097	-1.626112	
4099.422709	-1.626044	
4099.424279	-1.626152	
4099.425858	-1.626060	
4099.427473	-1.626176	
4099.429100	-1.626023	
4099.430729	-1.626092	
4099.432357	-1.626048	
4099.433992	-1.626189	
4099.435624	-1.625943	
4099.437289	-1.603900	
4099.438907	-1.433941	
4099.440578	-1.299911	
4099.442166	-1.188520	
4099.443849	-1.048165	
4099.445419	-0.926780	
4099.447102	-0.803876	
4099.448671	-0.670546	
4099.450369	-0.522779	
4099.451928	-0.404903	
4099.453636	-0.270236	
4099.455179	-0.139098	
4099.456910	-0.006091	
4099.458421	0.111528	
4099.460172	0.249607	
4099.461658	0.365884	
4099.463444	0.484700	
4099.464943	0.604192	
4099.466724	0.735016	
4099.468205	0.837979	
4099.469987	0.972050	
4099.471468	1.082410	
4099.473255	1.194965	
4099.474744	1.284728	
4099.476488	1.396441	
4099.477995	1.507152	
4099.479761	1.594425	
4099.481286	1.627260	
4099.483004	1.629182	
4099.484540	1.629194	
4099.486248	1.629266	
4099.487797	1.629109	
4099.489494	1.629254	
4099.491039	1.629121	
4099.492728	1.629206	
4099.494304	1.629125	
4099.495978	1.629166	
4099.497566	1.629113	
4099.499236	1.629178	
4099.500832	1.629000	
4099.502495	1.629258	
4099.504105	1.629166	
4099.505733	1.629202	
4099.507366	1.629037	
4099.508891	1.629073	
4099.510530	1.629161	
4099.512015	1.629153	
4099.513651	1.629061	
4099.515132	1.629057	
4099.516778	1.629198	
4099.518277	1.629133	
4099.519890	1.629206	
4099.521405	1.629162	
4099.522981	1.629186	
4099.524519	1.629157	
4099.526168	1.629230	
4099.527730	1.629077	
4099.529340	1.629170	
4099.530917	1.629117	
4099.532503	1.629153	
4099.534133	1.629125	
4099.535675	1.629186	
4099.537313	1.629089	
4099.538931	1.629206	
4099.540628	1.629158	
4099.542232	1.629294	
4099.543882	1.629202	
4099.545460	1.629242	
4099.547130	1.629149	
4099.548708	1.629246	
4099.550425	1.629222	
4099.551985	1.629198	
4099.553681	1.629069	
4099.555233	1.629194	
4099.556935	1.629242	
4099.558475	1.629315	
4099.560198	1.629214	
4099.561705	1.629149	
4099.563478	1.629202	
4099.564957	1.629222	
4099.566737	1.629145	
4099.568220	1.629230	
4099.569992	1.629258	
4099.571480	1.629250	
4099.573259	1.629226	
4099.574753	1.629145	
4099.576529	1.629125	
4099.578020	1.629141	
4099.579788	1.629117	
4099.581299	1.629166	
4099.583053	1.629246	
4099.584579	1.629145	
4099.586305	1.629194	
4099.587837	1.629218	
4099.589562	1.629250	
4099.591092	1.629218	
4099.592795	1.629254	
4099.594343	1.629158	
4099.596012	1.629226	
4099.597586	1.629190	
4099.599255	1.629319	
4099.600852	1.629097	
4099.602499	1.629274	
4099.604111	1.629097	
4099.605761	1.629238	
4099.607377	1.629194	
4099.609007	1.629246	
4099.610624	1.629121	
4099.612234	1.629290	
4099.613923	1.629129	
4099.615506	1.629214	
4099.617179	1.629182	
4099.618655	1.629174	
4099.620237	1.629210	
4099.621725	1.629149	
4099.623369	1.629198	
4099.624855	1.629186	
4099.626458	1.629141	
4099.627992	1.629125	
4099.629558	1.629258	
4099.631099	1.629081	
4099.632612	1.629206	
4099.634243	1.629174	
4099.635819	1.629069	
4099.637454	1.629178	
4099.639007	1.629303	
4099.640660	1.629178	
4099.642151	1.629190	
4099.643848	1.629161	
4099.645331	1.629153	
4099.647063	1.629206	
4099.648535	1.629177	
4099.650256	1.629186	
4099.651795	1.629218	
4099.653517	1.629258	
4099.655008	1.629194	
4099.656765	1.629149	
4099.658246	1.629242	
4099.660033	1.629198	
4099.661530	1.629121	
4099.663310	1.629174	
4099.664791	1.629226	
4099.666580	1.629234	
4099.668059	1.629093	
4099.669797	1.629149	
4099.671297	1.629234	
4099.673056	1.629250	
4099.674580	1.629145	
4099.676299	1.629210	
4099.677832	1.629246	
4099.679535	1.629234	
4099.681085	1.629166	
4099.682779	1.629182	
4099.684331	1.629125	
4099.686018	1.629282	
4099.687593	1.629129	
4099.689270	1.629242	
4099.690861	1.629065	
4099.692515	1.629194	
4099.694100	1.629073	
4099.695751	1.629202	
4099.697359	1.629129	
4099.698971	1.629186	
4099.700645	1.629053	
4099.702224	1.629311	
4099.703910	1.629141	
4099.705508	1.629282	
4099.707173	1.629174	
4099.708765	1.629214	
4099.710444	1.629153	
4099.712008	1.629145	
4099.713725	1.629101	
4099.715283	1.629145	
4099.717002	1.629214	
4099.718550	1.629258	
4099.720262	1.629145	
4099.721809	1.629174	
4099.723528	1.629178	
4099.725053	1.629186	
4099.726818	1.629065	
4099.728304	1.629117	
4099.730086	1.629145	
4099.731565	1.629073	
4099.733202	1.629182	
4099.734718	1.629093	
4099.736304	1.629222	
4099.737856	1.629186	
4099.739397	1.629278	
4099.741001	1.629069	
4099.742494	1.629149	
4099.744125	1.629190	
4099.745672	1.629117	
4099.747314	1.629113	
4099.748822	1.629194	
4099.750531	1.629149	
4099.752018	1.629085	
4099.753716	1.629149	
4099.755200	1.629061	
4099.756928	1.629109	
4099.758420	1.627675	
4099.760129	1.598522	
4099.761613	1.528196	
4099.763385	1.480488	
4099.764868	1.440572	
4099.766630	1.423137	
4099.768115	1.383708	
4099.769936	1.344685	
4099.771415	1.324903	
4099.773191	1.293490	
4099.774685	1.252485	
4099.776443	1.225020	
4099.777957	1.195589	
4099.779695	1.160374	
4099.781221	1.141920	
4099.782929	1.132478	
4099.784473	1.111603	
4099.786173	1.074204	
4099.787721	1.072331	
4099.789417	1.039826	
4099.790974	1.019270	
4099.792664	0.989605	
4099.794241	0.980582	
4099.795912	0.944814	
4099.797506	0.932286	
4099.799157	0.921603	
4099.800755	0.915460	
4099.802403	0.892740	
4099.804002	0.888869	
4099.805628	0.881211	
4099.807299	0.864304	
4099.808888	0.837834	
4099.810564	0.837480	
4099.812140	0.813060	
4099.813804	0.793841	
4099.815399	0.780721	
4099.817085	0.783557	
4099.818661	0.770485	
4099.820368	0.760889	
4099.821917	0.766569	
4099.823620	0.752675	
4099.825173	0.730878	
4099.826881	0.717851	
4099.828408	0.703337	
4099.830158	0.689810	
4099.831659	0.678039	
4099.833443	0.674421	
4099.834926	0.661901	
4099.836707	0.653808	
4099.838195	0.646143	
4099.839964	0.638187	
4099.841485	0.620204	
4099.842969	0.607450	
4099.844563	0.599897	
4099.846112	0.572283	
4099.847711	0.561910	
4099.849210	0.558253	
4099.850893	0.555074	
4099.852373	0.524721	
4099.854013	0.528596	
4099.855544	0.520677	
4099.857183	0.510594	
4099.858660	0.483338	
4099.860385	0.471636	
4099.861866	0.453774	
4099.863564	0.432094	
4099.865060	0.424235	
4099.866781	0.419819	
4099.868267	0.407992	
4099.869981	0.400612	
4099.871461	0.402752	
4099.873243	0.387794	
4099.874726	0.356897	
4099.876475	0.341549	
4099.877972	0.330270	
4099.879741	0.300497	
4099.881257	0.280863	
4099.883004	0.285197	
4099.884526	0.286933	
4099.886250	0.267630	
4099.887777	0.260777	
4099.889468	0.258461	
4099.891009	0.227084	
4099.892711	0.208067	
4099.894283	0.206786	
4099.895956	0.178386	
4099.897532	0.167103	
4099.899194	0.167280	
4099.900775	0.165890	
4099.902414	0.153870	
4099.904022	0.154587	
4099.905641	0.147275	
4099.907284	0.127807	
4099.908899	0.114992	
4099.910577	0.117973	
4099.912177	0.103202	
4099.913846	0.086178	
4099.915435	0.082383	
4099.917120	0.082665	
4099.918686	0.072856	
4099.920395	0.081082	
4099.921951	0.078303	
4099.923653	0.067668	
4099.925207	0.053138	
4099.926918	0.055744	
4099.928474	0.038910	
4099.930201	0.027211	
4099.931690	0.025084	
4099.933461	0.032980	
4099.934941	0.032625	
4099.936719	0.028927	
4099.938200	0.040662	
4099.939966	0.037189	
4099.941462	0.021890	
4099.943247	0.017624	
4099.944724	0.010844	
4099.946477	0.003831	
4099.947974	-0.008226	
4099.949716	0.007235	
4099.951229	0.014039	
4099.952786	0.004488	
4099.954393	0.007501	
4099.955875	0.017612	
4099.957536	0.009543	
4099.959022	-0.004254	
4099.960656	-0.000838	
4099.962187	-0.008141	
4099.963826	-0.016419	
4099.965297	-0.015388	
4099.966941	-0.000721	
4099.968424	-0.006973	
4099.970121	-0.001213	
4099.971608	-0.000757	
4099.973321	0.001478	
4099.974826	-0.014756	
4099.976516	-0.024025	
4099.978002	-0.022115	
4099.979660	-0.031058	
4099.981183	-0.033814	
4099.982912	-0.030055	
4099.984445	-0.030789	
4099.986141	-0.041085	
4099.987700	-0.034164	
4099.989402	-0.040916	
4099.990981	-0.052118	
4099.992676	-0.062435	
4099.994231	-0.059333	
4099.995891	-0.074862	
4099.997473	-0.088269	
4099.999119	-0.087729	
4100.000719	-0.092744	
4100.002338	-0.101796	
4100.003966	-0.099487	
4100.005578	-0.102899	
4100.007253	-0.112636	
4100.008851	-0.138828	
4100.010491	-0.145716	
4100.012087	-0.159819	
4100.013788	-0.172235	
4100.015353	-0.176988	
4100.017058	-0.175776	
4100.018605	-0.194834	
4100.020294	-0.195523	
4100.021853	-0.200957	
4100.023539	-0.221413	
4100.025083	-0.245160	
4100.026812	-0.255351	
4100.028304	-0.266824	
4100.030084	-0.288021	
4100.031562	-0.298849	
4100.033350	-0.297205	
4100.034831	-0.308388	
4100.036602	-0.324795	
4100.038093	-0.327027	
4100.039867	-0.335757	
4100.041359	-0.362903	
4100.043138	-0.378207	
4100.044638	-0.384858	
4100.046384	-0.410728	
4100.047902	-0.422341	
4100.049639	-0.421664	
4100.051168	-0.427928	
4100.052894	-0.443083	
4100.054447	-0.445887	
4100.056166	-0.457609	
4100.057707	-0.476808	
4100.059393	-0.492913	
4100.060976	-0.500978	
4100.062473	-0.514791	
4100.064114	-0.536149	
4100.065621	-0.543368	
4100.067285	-0.539424	
4100.068772	-0.551102	
4100.070414	-0.556738	
4100.071892	-0.559123	
4100.073533	-0.573137	
4100.075014	-0.595519	
4100.076658	-0.602617	
4100.078140	-0.607898	
4100.079820	-0.632172	
4100.081320	-0.637409	
4100.082997	-0.636503	
4100.084529	-0.638062	
4100.086156	-0.649748	
4100.087706	-0.650803	
4100.089330	-0.658284	
4100.090892	-0.678462	
4100.092560	-0.691473	
4100.094155	-0.693093	
4100.095801	-0.711728	
4100.097396	-0.728151	
4100.099036	-0.735535	
4100.100656	-0.730004	
4100.102282	-0.739007	
4100.103923	-0.746222	
4100.105538	-0.750154	
4100.107188	-0.768825	
4100.108791	-0.788814	
4100.110476	-0.797909	
4100.112049	-0.815735	
4100.113732	-0.836855	
4100.115293	-0.847877	
4100.116998	-0.848155	
4100.118559	-0.862580	
4100.120236	-0.875692	
4100.121785	-0.879584	
4100.123500	-0.909248	
4100.125017	-0.934308	
4100.126777	-0.949709	
4100.128256	-0.972042	
4100.130040	-1.000828	
4100.131523	-1.020140	
4100.133304	-1.032732	
4100.134790	-1.060455	
4100.136577	-1.079046	
4100.138071	-1.091276	
4100.139856	-1.119293	
4100.141340	-1.155391	
4100.143120	-1.195307	
4100.144620	-1.217822	
4100.146351	-1.251285	
4100.147870	-1.280949	
4100.149605	-1.311537	
4100.151144	-1.329317	
4100.152889	-1.370028	
4100.154424	-1.392075	
4100.156133	-1.433663	
4100.157682	-1.468238	
4100.159390	-1.516961	
4100.160947	-1.551435	
4100.162645	-1.591831	
4100.164230	-1.620005	
4100.165901	-1.625882	
4100.167476	-1.626027	
4100.169137	-1.625935	
4100.170734	-1.626148	
4100.172256	-1.626136	
4100.173905	-1.626068	
4100.175388	-1.626064	
4100.177037	-1.626160	
4100.178512	-1.626144	
4100.180156	-1.626072	
4100.181641	-1.626080	
4100.183284	-1.626072	
4100.184773	-1.626100	
4100.186385	-1.626047	
4100.187892	-1.626132	
4100.189556	-1.626052	
4100.191099	-1.626156	
4100.192728	-1.626052	
4100.194301	-1.626181	
4100.195896	-1.626060	
4100.197499	-1.626124	
4100.199087	-1.626023	
4100.200699	-1.626164	
4100.202239	-1.626048	
4100.203891	-1.626128	
4100.205510	-1.625967	
4100.207162	-1.626152	
4100.208748	-1.626060	
4100.210439	-1.626124	
4100.212009	-1.626036	
4100.213717	-1.626080	
4100.215272	-1.626048	
4100.216951	-1.626023	
4100.218504	-1.626076	
4100.220194	-1.626080	
4100.221746	-1.626156	
4100.223483	-1.626152	
4100.224979	-1.626068	
4100.226739	-1.626040	
4100.228220	-1.626140	
4100.229987	-1.626060	
4100.231478	-1.626068	
4100.233261	-1.626032	
4100.234746	-1.626104	
4100.236542	-1.626032	
4100.238016	-1.626035	
4100.239788	-1.626120	
4100.241291	-1.626116	
4100.243033	-1.626128	
4100.244545	-1.626068	
4100.246272	-1.626100	
4100.247802	-1.626092	
4100.249529	-1.626007	
4100.251066	-1.626176	
4100.252766	-1.626032	
4100.254325	-1.626189	
4100.256014	-1.626084	
4100.257587	-1.626181	
4100.259271	-1.626076	
4100.260852	-1.626084	
4100.262524	-1.626084	
4100.264129	-1.626132	
4100.265770	-1.626076	
4100.267376	-1.626205	
4100.269032	-1.626072	
4100.270636	-1.626168	
4100.272259	-1.626040	
4100.273897	-1.626168	
4100.275509	-1.626048	
4100.277170	-1.626201	
4100.278766	-1.626189	
4100.280427	-1.626189	
4100.282010	-1.626064	
4100.283695	-1.626209	
4100.285187	-1.626265	
4100.286770	-1.626173	
4100.288253	-1.626189	
4100.289890	-1.626048	
4100.291385	-1.626140	
4100.292995	-1.626193	
4100.294521	-1.626160	
4100.296066	-1.626072	
4100.297652	-1.626168	
4100.299148	-1.626161	
4100.300801	-1.626120	
4100.302370	-1.626140	
4100.304001	-1.626213	
4100.305548	-1.626108	
4100.307232	-1.626253	
4100.308708	-1.626193	
4100.310414	-1.626168	
4100.311890	-1.626128	
4100.313620	-1.626193	
4100.315163	-1.626007	
4100.316868	-1.626221	
4100.318416	-1.626136	
4100.320147	-1.626044	
4100.321652	-1.626140	
4100.323411	-1.626088	
4100.324899	-1.626156	
4100.326688	-1.626225	
4100.328169	-1.626189	
4100.329942	-1.626217	
4100.331431	-1.626185	
4100.333221	-1.626144	
4100.334714	-1.626124	
4100.336487	-1.626181	
4100.337976	-1.626217	
4100.339709	-1.626144	
4100.341220	-1.626181	
4100.342958	-1.626128	
4100.344476	-1.626173	
4100.346230	-1.626104	
4100.347762	-1.626201	
4100.349475	-1.626088	
4100.351012	-1.626168	
4100.352706	-1.626136	
4100.354261	-1.626221	
4100.355954	-1.626080	
4100.357534	-1.626253	
4100.359216	-1.626056	
4100.360802	-1.626189	
4100.362463	-1.626064	
4100.364052	-1.626164	
4100.365688	-1.626096	
4100.367289	-1.626297	
4100.368931	-1.625947	
4100.370584	-1.626164	
4100.372195	-1.626080	
4100.373865	-1.626237	
4100.375463	-1.626044	
4100.377108	-1.626144	
4100.378693	-1.626092	
4100.380369	-1.626112	
4100.381949	-1.625987	
4100.383658	-1.626189	
4100.385215	-1.626072	
4100.386910	-1.626116	
4100.388462	-1.626056	
4100.390164	-1.626168	
4100.391688	-1.626068	
4100.393430	-1.626225	
4100.394928	-1.626072	
4100.396488	-1.626148	
4100.398001	-1.626116	
4100.399574	-1.626164	
4100.401114	-1.626124	
4100.402664	-1.626052	
4100.404259	-1.626160	
4100.405752	-1.626052	
4100.407390	-1.626112	
4100.408897	-1.626088	
4100.410540	-1.626181	
4100.412031	-1.626052	
4100.413746	-1.626185	
4100.415220	-1.626056	
4100.416936	-1.626128	
4100.418408	-1.626172	
4100.420108	-1.626185	
4100.421596	-1.626160	
4100.423303	-1.626112	
4100.424783	-1.626128	
4100.426563	-1.626064	
4100.428046	-1.626132	
4100.429832	-1.626092	
4100.431322	-1.626168	
4100.433094	-1.626120	
4100.434600	-1.626160	
4100.436341	-1.626048	
4100.437851	-1.626160	
4100.439588	-1.626003	
4100.441112	-1.626100	
4100.442827	-1.626100	
4100.444384	-1.626108	
4100.446076	-1.626048	
4100.447627	-1.626108	
4100.449312	-1.626048	
4100.450878	-1.626132	
4100.452553	-1.626007	
4100.454127	-1.626148	
4100.455772	-1.626148	
4100.457375	-1.626189	
4100.458993	-1.626052	
4100.460621	-1.626164	
4100.462250	-1.626015	
4100.463892	-1.626225	
4100.465502	-1.626023	
4100.467174	-1.626132	
4100.468762	-1.625979	
4100.470436	-1.626128	
4100.472010	-1.625903	
4100.473700	-1.626084	
4100.475282	-1.626088	
4100.476958	-1.626056	
4100.478518	-1.626048	
4100.480227	-1.625971	
4100.481790	-1.626092	
4100.483496	-1.626040	
4100.485014	-1.625919	
4100.486756	-1.625512	
4100.488236	-1.585716	
4100.490017	-1.492799	
4100.491509	-1.446139	
4100.493291	-1.387486	
4100.494772	-1.316830	
4100.496555	-1.266911	
4100.498034	-1.210434	
4100.499804	-1.134601	
4100.501298	-1.075582	
4100.503055	-1.022706	
4100.504563	-0.966559	
4100.506135	-0.902440	
4100.507685	-0.856050	
4100.509190	-0.813459	
4100.510835	-0.752329	
4100.512323	-0.709867	
4100.513962	-0.661217	
4100.515485	-0.606935	
4100.517113	-0.544057	
4100.518589	-0.501602	
4100.520242	-0.453267	
4100.521725	-0.411296	
4100.523439	-0.355604	
4100.524935	-0.320195	
4100.526653	-0.266937	
4100.528142	-0.221147	
4100.529859	-0.177919	
4100.531340	-0.137849	
4100.533026	-0.078133	
4100.534538	-0.035735	
4100.536279	0.005301	
4100.537797	0.049033	
4100.539551	0.097840	
4100.541082	0.117768	
4100.542805	0.160142	
4100.544358	0.206713	
4100.546056	0.238094	
4100.547601	0.277479	
4100.549277	0.319007	
4100.550843	0.367983	
4100.552523	0.395722	
4100.554109	0.510062	
4100.555742	0.607080	
4100.557348	0.878649	
4100.559000	0.993037	
4100.560608	0.824412	
4100.562246	0.604816	
4100.563877	0.608401	
4100.565478	0.779025	
4100.567140	0.901200	
4100.568722	0.754927	
4100.570406	0.448578	
4100.572002	0.240765	
4100.573671	0.221211	
4100.575243	0.345078	
4100.576950	0.448445	
4100.578492	0.428545	
4100.580199	0.512334	
4100.581760	0.867124	
4100.583479	1.185047	
4100.585000	1.208315	
4100.586741	1.095502	
4100.588233	1.170199	
4100.590018	1.445539	
4100.591498	1.611441	
4100.593295	1.628988	
4100.594784	1.528868	
4100.596579	1.223131	
4100.598061	1.148760	
4100.599848	1.218047	
4100.601333	1.257339	
4100.603118	1.176664	
4100.604614	1.041361	
4100.606378	0.943146	
4100.607883	0.975848	
4100.609624	1.141948	
4100.611166	1.271443	
4100.612672	1.334131	
4100.614288	1.375957	
4100.615777	1.462284	
4100.617431	1.603638	
4100.618932	1.629093	
4100.620574	1.629226	
4100.622100	1.629081	
4100.623750	1.629085	
4100.625226	1.629194	
4100.626866	1.629182	
4100.628352	1.629069	
4100.629985	1.629097	
4100.631492	1.629125	
4100.633197	1.629133	
4100.634691	1.629149	
4100.636380	1.629109	
4100.637882	1.629109	
4100.639542	1.629141	
4100.641067	1.629178	
4100.642702	1.629254	
4100.644257	1.629049	
4100.645955	1.629146	
4100.647511	1.629093	
4100.649190	1.629250	
4100.650781	1.629153	
4100.652427	1.629282	
4100.654032	1.629053	
4100.655686	1.629238	
4100.657278	1.629073	
4100.658911	1.629254	
4100.660538	1.629061	
4100.662140	1.629145	
4100.663800	1.629073	
4100.665395	1.629222	
4100.667084	1.629105	
4100.668668	1.629266	
4100.670343	1.629146	
4100.671921	1.629210	
4100.673635	1.629149	
4100.675183	1.629214	
4100.676910	1.629057	
4100.678451	1.629109	
4100.680155	1.629137	
4100.681692	1.629101	
4100.683416	1.629145	
4100.684919	1.629137	
4100.686687	1.629133	
4100.688172	1.629178	
4100.689957	1.629101	
4100.691443	1.629113	
4100.693233	1.629178	
4100.694712	1.629250	
4100.696505	1.629170	
4100.697990	1.629169	
4100.699754	1.629214	
4100.701258	1.629133	
4100.703031	1.629198	
4100.704534	1.629198	
4100.706277	1.629081	
4100.707799	1.629145	
4100.709505	1.629210	
4100.711035	1.629238	
4100.712747	1.629198	
4100.714308	1.629101	
4100.716020	1.629206	
4100.717572	1.629061	
4100.719267	1.629198	
4100.720862	1.629129	
4100.722359	1.629157	
4100.723980	1.629133	
4100.725510	1.629178	
4100.727152	1.629089	
4100.728632	1.629210	
4100.730288	1.629109	
4100.731759	1.629045	
4100.733412	1.629137	
4100.734896	1.629097	
4100.736540	1.629085	
4100.738023	1.629137	
4100.739727	1.629218	
4100.741231	1.629081	
4100.742887	1.629242	
4100.744438	1.629021	
4100.746065	1.629250	
4100.747631	1.629153	
4100.749258	1.629157	
4100.750820	1.629137	
4100.752414	1.629206	
4100.754023	1.629202	
4100.755684	1.629194	
4100.757291	1.629153	
4100.758904	1.629206	
4100.760536	1.629174	
4100.762136	1.629198	
4100.763800	1.629125	
4100.765401	1.629294	
4100.767067	1.629137	
4100.768664	1.629178	
4100.770350	1.629101	
4100.771928	1.629258	
4100.773632	1.629149	
4100.775190	1.629166	
4100.776903	1.629137	
4100.778473	1.629298	
4100.780170	1.629230	
4100.781721	1.629169	
4100.783437	1.629149	
4100.784953	1.629141	
4100.786710	1.629161	
4100.788188	1.629238	
4100.789967	1.629129	
4100.791454	1.629129	
4100.793222	1.629202	
4100.794708	1.629101	
4100.796500	1.629194	
4100.797993	1.629178	
4100.799790	1.629198	
4100.801275	1.629077	
4100.803045	1.629178	
4100.804549	1.629065	
4100.806289	1.629121	
4100.807805	1.627691	
4100.809533	1.619490	
4100.811067	1.601044	
4100.812788	1.564060	
4100.814326	1.544575	
4100.816023	1.563987	
4100.817576	1.552917	
4100.819266	1.532236	
4100.820839	1.519579	
4100.822516	1.491381	
4100.824098	1.448165	
4100.825737	1.397924	
4100.827348	1.367538	
4100.828995	1.304201	
4100.830610	1.252558	
4100.832227	1.206079	
4100.833886	1.170424	
4100.835378	1.122600	
4100.837013	1.092509	
4100.838492	1.059932	
4100.840138	1.046509	
4100.841621	1.009795	
4100.843255	0.994762	
4100.844738	0.982991	
4100.846375	0.968239	
4100.847893	0.967542	
4100.849469	0.978137	
4100.851032	0.993533	
4100.852663	0.989214	
4100.854240	1.009018	
4100.855844	1.031746	
4100.857442	1.031850	
4100.859021	1.036656	
4100.860634	1.041260	
4100.862186	1.036882	
4100.863814	1.011217	
4100.865437	1.001017	
4100.867111	0.999418	
4100.868698	0.977081	
4100.870390	0.954712	
4100.871963	0.931767	
4100.873650	0.916677	
4100.875221	0.884970	
4100.876907	0.873755	
4100.878467	0.855273	
4100.880174	0.859575	
4100.881722	0.850068	
4100.883444	0.867463	
4100.884953	0.867583	
4100.886703	0.861493	
4100.888188	0.876325	
4100.889970	0.876929	
4100.891450	0.873022	
4100.893228	0.879660	
4100.894721	0.876941	
4100.896497	0.879693	
4100.897975	0.878738	
4100.899741	0.881622	
4100.901235	0.871225	
4100.902972	0.834821	
4100.904485	0.838535	
4100.906202	0.798751	
4100.907736	0.761171	
4100.909452	0.705794	
4100.910993	0.671815	
4100.912692	0.623048	
4100.914235	0.579973	
4100.915908	0.548597	
4100.917478	0.521160	
4100.919145	0.478641	
4100.920728	0.457206	
4100.922384	0.435433	
4100.923989	0.406014	
4100.925613	0.362291	
4100.927220	0.333009	
4100.928840	0.312034	
4100.930481	0.284440	
4100.932073	0.259811	
4100.933749	0.235955	
4100.935329	0.209888	
4100.937017	0.178185	
4100.938595	0.157809	
4100.940291	0.109405	
4100.941871	0.056819	
4100.943566	0.011408	
4100.945056	-0.048602	
4100.946699	-0.107770	
4100.948183	-0.155243	
4100.949819	-0.199821	
4100.951297	-0.244020	
4100.952887	-0.299445	
4100.954406	-0.330532	
4100.955943	-0.362504	
4100.957534	-0.409112	
4100.959141	-0.449049	
4100.960763	-0.471374	
4100.962323	-0.501852	
4100.963928	-0.527863	
4100.965468	-0.542917	
4100.967141	-0.544585	
4100.968623	-0.566853	
4100.970360	-0.573021	
4100.971843	-0.577142	
4100.973565	-0.595184	
4100.975126	-0.630021	
4100.976820	-0.646219	
4100.978373	-0.660213	
4100.980103	-0.691526	
4100.981629	-0.710712	
4100.983380	-0.719184	
4100.984876	-0.738351	
4100.986655	-0.771931	
4100.988138	-0.781921	
4100.989918	-0.796830	
4100.991410	-0.832340	
4100.993198	-0.851551	
4100.994681	-0.862347	
4100.996458	-0.882234	
4100.997940	-0.889916	
4100.999707	-0.884982	
4101.001203	-0.878299	
4101.002947	-0.881775	
4101.004469	-0.865166	
4101.006214	-0.851490	
4101.007735	-0.855627	
4101.009450	-0.863132	
4101.010982	-0.852582	
4101.012685	-0.853247	
4101.014231	-0.857488	
4101.015919	-0.849234	
4101.017495	-0.841673	
4101.019161	-0.857931	
4101.020744	-0.854076	
4101.022391	-0.859744	
4101.023977	-0.875286	
4101.025622	-0.912249	
4101.027217	-0.922413	
4101.028836	-0.951828	
4101.030496	-0.972940	
4101.032086	-0.987511	
4101.033760	-0.992083	
4101.035342	-1.013501	
4101.037021	-1.026489	
4101.038616	-1.025353	
4101.040280	-1.037969	
4101.041850	-1.057752	
4101.043562	-1.073193	
4101.045101	-1.085185	
4101.046816	-1.098797	
4101.048354	-1.109367	
4101.050070	-1.101790	
4101.051565	-1.112715	
4101.053117	-1.131708	
4101.054628	-1.139962	
4101.056214	-1.155979	
4101.057767	-1.187549	
4101.059317	-1.228328	
4101.060894	-1.244815	
4101.062393	-1.282964	
4101.064053	-1.328057	
4101.065549	-1.357528	
4101.067190	-1.378374	
4101.068694	-1.417671	
4101.070402	-1.456173	
4101.071895	-1.478007	
4101.073616	-1.518846	
4101.075101	-1.557953	
4101.076812	-1.591448	
4101.078298	-1.605854	
4101.080015	-1.624376	
4101.081505	-1.626027	
4101.083196	-1.626019	
4101.084675	-1.625959	
4101.086451	-1.625927	
4101.087930	-1.626092	
4101.089697	-1.626040	
4101.091199	-1.626088	
4101.092945	-1.626003	
4101.094456	-1.626060	
4101.096186	-1.626052	
4101.097712	-1.626136	
4101.099427	-1.626019	
4101.100969	-1.626148	
4101.102648	-1.626048	
4101.104198	-1.626096	
4101.105884	-1.626003	
4101.107452	-1.626152	
4101.109120	-1.625927	
4101.110713	-1.626156	
4101.112378	-1.625979	
4101.113977	-1.626120	
4101.115626	-1.625874	
4101.117256	-1.626104	
4101.118877	-1.625955	
4101.120508	-1.626128	
4101.122133	-1.626023	
4101.123811	-1.626136	
4101.125427	-1.626116	
4101.127112	-1.626184	
4101.128699	-1.625979	
4101.130378	-1.626124	
4101.131964	-1.626068	
4101.133670	-1.626096	
4101.135241	-1.626032	
4101.136938	-1.626132	
4101.138494	-1.626080	
4101.140180	-1.626132	
4101.141734	-1.626040	
4101.143456	-1.626128	
4101.144986	-1.626011	
4101.146706	-1.626144	
4101.148212	-1.626032	
4101.149969	-1.626052	
4101.151454	-1.625979	
4101.153235	-1.626072	
4101.154726	-1.626047	
4101.156506	-1.626112	
4101.157989	-1.626092	
4101.159775	-1.626015	
4101.161249	-1.626015	
4101.163003	-1.626019	
4101.164513	-1.626108	
4101.166078	-1.626072	
4101.167625	-1.626148	
4101.169143	-1.626088	
4101.170778	-1.626092	
4101.172273	-1.626100	
4101.173903	-1.626084	
4101.175420	-1.626072	
4101.177056	-1.626096	
4101.178532	-1.626120	
4101.180242	-1.626152	
4101.181725	-1.626120	
4101.183430	-1.626132	
4101.184932	-1.626120	
4101.186659	-1.626064	
4101.188143	-1.626120	
4101.189850	-1.626015	
4101.191332	-1.626108	
4101.193023	-1.626076	
4101.194517	-1.626092	
4101.196258	-1.626128	
4101.197769	-1.626104	
4101.199498	-1.625979	
4101.201036	-1.626112	
4101.202771	-1.626032	
4101.204300	-1.626080	
4101.206008	-1.626015	
4101.207557	-1.626084	
4101.209249	-1.626080	
4101.210813	-1.626120	
4101.212505	-1.625915	
4101.214088	-1.626080	
4101.215770	-1.626060	
4101.217357	-1.626156	
4101.219025	-1.626027	
4101.220605	-1.626185	
4101.222245	-1.626036	
4101.223860	-1.626132	
4101.225480	-1.626032	
4101.227153	-1.626116	
4101.228728	-1.625971	
4101.230394	-1.626136	
4101.232002	-1.626019	
4101.233663	-1.626116	
4101.235252	-1.626019	
4101.236940	-1.626080	
4101.238504	-1.625999	
4101.240219	-1.626100	
4101.241768	-1.626068	
4101.243472	-1.626048	
4101.245040	-1.625975	
4101.246749	-1.626056	
4101.248282	-1.626011	
4101.250013	-1.626036	
4101.251500	-1.626076	
4101.253273	-1.626056	
4101.254755	-1.626120	
4101.256534	-1.626060	
4101.258023	-1.626019	
4101.259802	-1.625975	
4101.261278	-1.626052	
4101.263033	-1.626076	
4101.264533	-1.626084	
4101.266287	-1.626007	
4101.267788	-1.626048	
4101.269523	-1.626040	
4101.271042	-1.626088	
4101.272766	-1.626056	
4101.274315	-1.626132	
4101.275844	-1.626007	
4101.277475	-1.626088	
4101.278970	-1.626108	
4101.280605	-1.626072	
4101.282134	-1.626076	
4101.283788	-1.626040	
4101.285268	-1.626072	
4101.286908	-1.625975	
4101.288388	-1.626104	
4101.290023	-1.625967	
4101.291528	-1.625963	
4101.293234	-1.625967	
4101.294733	-1.625709	
4101.296455	-1.625540	
4101.297938	-1.623610	
4101.299628	-1.596431	
4101.301127	-1.570135	
4101.302773	-1.570892	
4101.304313	-1.547322	
4101.306033	-1.527793	
4101.307592	-1.535801	
4101.309284	-1.527253	
4101.310840	-1.505851	
4101.312521	-1.499619	
4101.314091	-1.482780	
4101.315762	-1.447375	
4101.317347	-1.412490	
4101.319004	-1.400574	
4101.320620	-1.372868	
4101.322254	-1.348230	
4101.323880	-1.333161	
4101.325483	-1.323613	
4101.327126	-1.296052	
4101.328738	-1.288938	
4101.330371	-1.285993	
4101.331990	-1.270379	
4101.333671	-1.241871	
4101.335240	-1.241883	
4101.336936	-1.232710	
4101.338499	-1.211541	
4101.340206	-1.212621	
4101.341773	-1.220420	
4101.343451	-1.208287	
4101.344992	-1.211481	
4101.346711	-1.207654	
4101.348230	-1.200137	
4101.349992	-1.173414	
4101.351477	-1.155624	
4101.353263	-1.161365	
4101.354747	-1.127225	
4101.356526	-1.068738	
4101.358012	-1.042227	
4101.359785	-1.056580	
4101.361281	-1.091832	
4101.363063	-1.129843	
4101.364549	-1.117597	
4101.366332	-1.066103	
4101.367834	-1.026722	
4101.369578	-1.021111	
4101.371100	-1.006838	
4101.372828	-0.966080	
4101.374357	-0.927730	
4101.376074	-0.900990	
4101.377618	-0.920741	
4101.379310	-0.978120	
4101.380853	-0.956005	
4101.382550	-0.830076	
4101.384147	-0.725488	
4101.385631	-0.729585	
4101.387267	-0.787573	
4101.388790	-0.831312	
4101.390446	-0.810659	
4101.391927	-0.734822	
4101.393568	-0.649269	
4101.395042	-0.650550	
4101.396685	-0.721182	
4101.398169	-0.742726	
4101.399800	-0.664318	
4101.401303	-0.562382	
4101.403006	-0.520205	
4101.404515	-0.519529	
4101.406193	-0.554962	
4101.407705	-0.555658	
4101.409356	-0.501683	
4101.410896	-0.443409	
4101.412512	-0.485380	
4101.414084	-0.557536	
4101.415759	-0.566293	
4101.417356	-0.487572	
4101.419009	-0.404959	
4101.420613	-0.363201	
4101.422231	-0.385889	
4101.423849	-0.431252	
4101.425479	-0.438894	
4101.427118	-0.376998	
4101.428733	-0.331434	
4101.430397	-0.343620	
4101.431984	-0.374009	
4101.433659	-0.357175	
4101.435232	-0.306487	
4101.436945	-0.232901	
4101.438518	-0.197001	
4101.440186	-0.189947	
4101.441749	-0.189037	
4101.443461	-0.138300	
4101.445008	-0.094863	
4101.446730	-0.086154	
4101.448249	-0.111363	
4101.449984	-0.123291	
4101.451469	-0.096998	
4101.453236	-0.062765	
4101.454726	-0.038708	
4101.456501	-0.057565	
4101.457995	-0.097812	
4101.459756	-0.103500	
4101.461237	-0.075378	
4101.463019	-0.053979	
4101.464513	-0.040650	
4101.466244	-0.017261	
4101.467761	0.007477	
4101.469463	0.063692	
4101.470994	0.128697	
4101.472730	0.147872	
4101.474277	0.121744	
4101.475983	0.141922	
4101.477520	0.180203	
4101.479214	0.191128	
4101.480783	0.190350	
4101.482472	0.185689	
4101.484053	0.186527	
4101.485716	0.200796	
4101.487317	0.222242	
4101.488978	0.259907	
4101.490587	0.265204	
4101.492237	0.260600	
4101.493844	0.284166	
4101.495361	0.304372	
4101.497001	0.309959	
4101.498488	0.318193	
4101.500148	0.342633	
4101.501626	0.360809	
4101.503287	0.384237	
4101.504765	0.402876	
4101.506402	0.412105	
4101.507891	0.404641	
4101.509482	0.416504	
4101.511039	0.468550	
4101.512668	0.485179	
4101.514229	0.489320	
4101.515852	0.501703	
4101.517439	0.542031	
4101.519030	0.563320	
4101.520638	0.607096	
4101.522209	0.626412	
4101.523843	0.634150	
4101.525475	0.626239	
4101.527120	0.655863	
4101.528725	0.688335	
4101.530402	0.670486	
4101.531996	0.666312	
4101.533670	0.671400	
4101.535268	0.698793	
4101.536953	0.726290	
4101.538532	0.761361	
4101.540233	0.766747	
4101.541787	0.753570	
4101.543487	0.784205	
4101.545023	0.818575	
4101.546748	0.845037	
4101.548298	0.847333	
4101.550006	0.857815	
4101.551506	0.859362	
4101.553266	0.893119	
4101.554756	0.929350	
4101.556551	0.930651	
4101.558035	0.914360	
4101.559822	0.909683	
4101.561304	0.932282	
4101.563078	0.944617	
4101.564557	0.948408	
4101.566314	0.952210	
4101.567819	0.952742	
4101.569561	0.970152	
4101.571070	1.013948	
4101.572798	1.034553	
4101.574328	1.024378	
4101.576030	1.002907	
4101.577570	1.024422	
4101.579283	1.025115	
4101.580846	1.028724	
4101.582541	1.027681	
4101.584110	1.021389	
4101.585786	1.016224	
4101.587361	1.042936	
4101.589021	1.060407	
4101.590616	1.059493	
4101.592273	1.052326	
4101.593898	1.072097	
4101.595545	1.082277	
4101.597169	1.108988	
4101.598784	1.117678	
4101.600431	1.130431	
4101.602035	1.126169	
4101.603699	1.139688	
4101.605173	1.172217	
4101.606755	1.186377	
4101.608241	1.170030	
4101.609878	1.161598	
4101.611359	1.178880	
4101.612975	1.168745	
4101.614478	1.194868	
4101.616066	1.207553	
4101.617608	1.225608	
4101.619154	1.231586	
4101.620764	1.248558	
4101.622352	1.263322	
4101.623967	1.281006	
4101.625532	1.270556	
4101.627156	1.281529	
4101.628655	1.287471	
4101.630348	1.310195	
4101.631827	1.325628	
4101.633535	1.341825	
4101.635010	1.350031	
4101.636732	1.353524	
4101.638303	1.387027	
4101.640027	1.412079	
4101.641528	1.403741	
4101.643301	1.415157	
4101.644787	1.425405	
4101.646555	1.433788	
4101.648036	1.429961	
4101.649807	1.453124	
4101.651297	1.472794	
4101.653085	1.464609	
4101.654560	1.474603	
4101.656341	1.480690	
4101.657848	1.478285	
4101.659609	1.472959	
4101.661106	1.483594	
4101.662833	1.484255	
4101.664355	1.495611	
4101.666067	1.518624	
4101.667604	1.536820	
4101.669296	1.528933	
4101.670845	1.549397	
4101.672537	1.571065	
4101.674102	1.558730	
4101.675780	1.555056	
4101.677358	1.567299	
4101.679004	1.548152	
4101.680602	1.550815	
4101.682252	1.555649	
4101.683861	1.566578	
4101.685489	1.564886	
4101.687113	1.562259	
4101.688744	1.567016	
4101.690414	1.564382	
4101.691996	1.554907	
4101.693671	1.559709	
4101.695260	1.552813	
4101.696925	1.547109	
4101.698517	1.549207	
4101.700187	1.566755	
4101.701739	1.559887	
4101.703453	1.559963	
4101.705004	1.572181	
4101.706712	1.569554	
4101.708234	1.553908	
4101.709980	1.539463	
4101.711465	1.538738	
4101.713222	1.525795	
4101.714713	1.515756	
4101.716499	1.516828	
4101.717984	1.523261	
4101.719488	1.507921	
4101.721052	1.516804	
4101.722623	1.515974	
4101.724221	1.494072	
4101.725718	1.481249	
4101.727387	1.476915	
4101.728886	1.461189	
4101.730518	1.445349	
4101.732051	1.442953	
4101.733712	1.451722	
4101.735190	1.438642	
4101.736929	1.444306	
4101.738401	1.448878	
4101.740130	1.448942	
4101.741609	1.429977	
4101.743311	1.428741	
4101.744797	1.419451	
4101.746492	1.419955	
4101.747986	1.417683	
4101.749694	1.436253	
4101.751188	1.438803	
4101.752954	1.428418	
4101.754450	1.430448	
4101.756184	1.433824	
4101.757702	1.421969	
4101.759421	1.391793	
4101.760957	1.403100	
4101.762661	1.397259	
4101.764204	1.377174	
4101.765897	1.384328	
4101.767462	1.399318	
4101.769155	1.396909	
4101.770726	1.418960	
4101.772406	1.422750	
4101.773979	1.421929	
4101.775642	1.411040	
4101.777245	1.415584	
4101.778873	1.399813	
4101.780499	1.382145	
4101.782145	1.390274	
4101.783761	1.411801	
4101.785372	1.405022	
4101.787044	1.405686	
4101.788634	1.418956	
4101.790309	1.409513	
4101.791891	1.391587	
4101.793578	1.394141	
4101.795157	1.397590	
4101.796841	1.378564	
4101.798399	1.391934	
4101.800088	1.401086	
4101.801641	1.393223	
4101.803369	1.385988	
4101.804898	1.392876	
4101.806645	1.384340	
4101.808137	1.372171	
4101.809898	1.357850	
4101.811382	1.349052	
4101.813168	1.328770	
4101.814660	1.322703	
4101.816445	1.322771	
4101.817926	1.324504	
4101.819714	1.312213	
4101.821192	1.309700	
4101.822961	1.312362	
4101.824452	1.283016	
4101.826194	1.261178	
4101.827716	1.242656	
4101.829464	1.225149	
4101.830994	1.211679	
4101.832555	1.199094	
4101.834156	1.197696	
4101.835653	1.179988	
4101.837307	1.162847	
4101.838806	1.168761	
4101.840442	1.146492	
4101.841962	1.109242	
4101.843608	1.086744	
4101.845086	1.063912	
4101.846729	1.046006	
4101.848211	1.021828	
4101.849922	1.027568	
4101.851403	1.017739	
4101.853102	0.986971	
4101.854588	0.981524	
4101.856293	0.971252	
4101.857791	0.951465	
4101.859441	0.925631	
4101.860973	0.915303	
4101.862703	0.885679	
4101.864237	0.874049	
4101.865941	0.869614	
4101.867493	0.861319	
4101.869195	0.848783	
4101.870769	0.848566	
4101.872455	0.835764	
4101.874041	0.830740	
4101.875722	0.807320	
4101.877298	0.800077	
4101.878957	0.783972	
4101.880547	0.766166	
4101.882168	0.758311	
4101.883776	0.751278	
4101.885390	0.744353	
4101.887060	0.743439	
4101.888645	0.747850	
4101.890312	0.737042	
4101.891907	0.706044	
4101.893568	0.711409	
4101.895141	0.696867	
4101.896817	0.688400	
4101.898371	0.672560	
4101.900080	0.677737	
4101.901625	0.669757	
4101.903334	0.664757	
4101.904861	0.669684	
4101.906591	0.667758	
4101.908071	0.635105	
4101.909853	0.623483	
4101.911345	0.614162	
4101.913128	0.598242	
4101.914606	0.579313	
4101.916378	0.590894	
4101.917859	0.585670	
4101.919638	0.574575	
4101.921134	0.585524	
4101.922891	0.585698	
4101.924408	0.560637	
4101.926160	0.542800	
4101.927675	0.539263	
4101.929415	0.517639	
4101.930940	0.491358	
4101.932656	0.492237	
4101.934195	0.495753	
4101.935898	0.479773	
4101.937454	0.468409	
4101.939132	0.472554	
4101.940737	0.449895	
4101.942228	0.432448	
4101.943851	0.425230	
4101.945368	0.411179	
4101.947022	0.397660	
4101.948515	0.399859	
4101.950171	0.391565	
4101.951660	0.375576	
4101.953307	0.361582	
4101.954791	0.352454	
4101.956428	0.352446	
4101.957910	0.327067	
4101.959524	0.305186	
4101.961038	0.296512	
4101.962680	0.275533	
4101.964216	0.262393	
4101.965856	0.252684	
4101.967439	0.251496	
4101.969021	0.217807	
4101.970629	0.225014	
4101.972190	0.215801	
4101.973806	0.197690	
4101.975448	0.163985	
4101.977068	0.159147	
4101.978674	0.132193	
4101.980336	0.102625	
4101.981930	0.086851	
4101.983624	0.086202	
4101.985191	0.077477	
4101.986875	0.056525	
4101.988436	0.044855	
4101.990131	0.030059	
4101.991690	0.001926	
4101.993383	-0.022075	
4101.994939	-0.036682	
4101.996671	-0.064630	
4101.998175	-0.082875	
4101.999945	-0.088925	
4102.001432	-0.105941	
4102.003216	-0.119230	
4102.004697	-0.126235	
4102.006476	-0.134836	
4102.007972	-0.157745	
4102.009750	-0.180114	
4102.011237	-0.190443	
4102.013034	-0.213360	
4102.014516	-0.231963	
4102.016273	-0.232922	
4102.017772	-0.231342	
4102.019489	-0.257535	
4102.021009	-0.259706	
4102.022735	-0.263134	
4102.024274	-0.288299	
4102.025995	-0.306297	
4102.027529	-0.306523	
4102.029233	-0.326471	
4102.030785	-0.342484	
4102.032486	-0.347426	
4102.034054	-0.346891	
4102.035727	-0.358666	
4102.037313	-0.359951	
4102.038984	-0.367040	
4102.040575	-0.380874	
4102.042229	-0.403404	
4102.043824	-0.410256	
4102.045461	-0.416875	
4102.047096	-0.428940	
4102.048706	-0.428823	
4102.050377	-0.430341	
4102.051977	-0.439655	
4102.053632	-0.439941	
4102.055114	-0.439860	
4102.056678	-0.441351	
4102.058174	-0.461444	
4102.059801	-0.471136	
4102.061296	-0.470669	
4102.062901	-0.487290	
4102.064429	-0.496567	
4102.065988	-0.494891	
4102.067531	-0.491157	
4102.069048	-0.500986	
4102.070698	-0.503335	
4102.072281	-0.502001	
4102.073882	-0.520374	
4102.075428	-0.535324	
4102.077082	-0.537535	
4102.078581	-0.550224	
4102.080310	-0.562571	
4102.081788	-0.565274	
4102.083510	-0.565044	
4102.084987	-0.570757	
4102.086706	-0.583220	
4102.088259	-0.587301	
4102.089974	-0.597597	
4102.091499	-0.620684	
4102.093242	-0.631133	
4102.094728	-0.642670	
4102.096514	-0.665865	
4102.098001	-0.674566	
4102.099796	-0.661112	
4102.101285	-0.668101	
4102.103049	-0.684895	
4102.104536	-0.689648	
4102.106315	-0.693169	
4102.107813	-0.715837	
4102.109576	-0.740466	
4102.111082	-0.741352	
4102.112823	-0.770795	
4102.114343	-0.785845	
4102.116078	-0.787662	
4102.117595	-0.797378	
4102.119307	-0.817866	
4102.120852	-0.826603	
4102.122573	-0.828642	
4102.124122	-0.852654	
4102.125818	-0.876277	
4102.127386	-0.889348	
4102.129066	-0.907391	
4102.130650	-0.922220	
4102.132305	-0.921253	
4102.133908	-0.927613	
4102.135554	-0.946974	
4102.137163	-0.937096	
4102.138804	-0.937994	
4102.140411	-0.955570	
4102.142050	-0.979095	
4102.143733	-0.983559	
4102.145328	-1.007060	
4102.147007	-1.021304	
4102.148583	-1.026436	
4102.150259	-1.018005	
4102.151848	-1.021800	
4102.153519	-1.026932	
4102.155096	-1.024003	
4102.156808	-1.029623	
4102.158353	-1.051488	
4102.160063	-1.060822	
4102.161615	-1.065487	
4102.163325	-1.081032	
4102.164859	-1.088601	
4102.166591	-1.078921	
4102.168092	-1.082397	
4102.169642	-1.088372	
4102.171168	-1.085060	
4102.172753	-1.078961	
4102.174282	-1.094853	
4102.175818	-1.103800	
4102.177433	-1.096561	
4102.178928	-1.108840	
4102.180563	-1.119494	
4102.182071	-1.118266	
4102.183723	-1.105770	
4102.185225	-1.106588	
4102.186925	-1.113186	
4102.188416	-1.101693	
4102.190161	-1.109118	
4102.191637	-1.125287	
4102.193378	-1.133457	
4102.194867	-1.132945	
4102.196575	-1.154150	
4102.198054	-1.161848	
4102.199823	-1.155564	
4102.201311	-1.144905	
4102.203079	-1.141308	
4102.204572	-1.136039	
4102.206360	-1.130262	
4102.207841	-1.144740	
4102.209608	-1.153502	
4102.211100	-1.146524	
4102.212828	-1.163911	
4102.214341	-1.167012	
4102.216070	-1.165570	
4102.217614	-1.161341	
4102.219343	-1.165385	
4102.220877	-1.157490	
4102.222575	-1.145783	
4102.224114	-1.157816	
4102.225808	-1.171971	
4102.227366	-1.168676	
4102.229027	-1.181196	
4102.230609	-1.192874	
4102.232249	-1.193064	
4102.233865	-1.186308	
4102.235510	-1.189531	
4102.237111	-1.185172	
4102.238743	-1.177845	
4102.240359	-1.175935	
4102.241966	-1.190437	
4102.243645	-1.189450	
4102.245228	-1.202462	
4102.246919	-1.210542	
4102.248499	-1.218575	
4102.250162	-1.202216	
4102.251730	-1.201201	
4102.253429	-1.199179	
4102.254986	-1.189249	
4102.256708	-1.185156	
4102.258234	-1.196633	
4102.259952	-1.202393	
4102.261464	-1.208206	
4102.263208	-1.222865	
4102.264697	-1.228062	
4102.266470	-1.221532	
4102.267961	-1.222547	
4102.269737	-1.228557	
4102.271219	-1.223937	
4102.273012	-1.219856	
4102.274492	-1.231558	
4102.276259	-1.234241	
4102.277764	-1.230551	
4102.279338	-1.242318	
4102.280891	-1.242809	
4102.282426	-1.238431	
4102.284055	-1.223739	
4102.285559	-1.235345	
4102.287186	-1.223195	
4102.288710	-1.218386	
4102.290370	-1.209028	
4102.291847	-1.222853	
4102.293559	-1.226801	
4102.295050	-1.228194	
4102.296772	-1.234620	
4102.298257	-1.234213	
4102.299985	-1.215630	
4102.301469	-1.222555	
4102.303173	-1.228227	
4102.304666	-1.213330	
4102.306372	-1.194063	
4102.307855	-1.207211	
4102.309607	-1.215892	
4102.311100	-1.200149	
4102.312851	-1.219445	
4102.314376	-1.224021	
4102.316135	-1.206196	
4102.317646	-1.208093	
4102.319366	-1.216980	
4102.320893	-1.204875	
4102.322583	-1.179017	
4102.324130	-1.171625	
4102.325814	-1.181555	
4102.327374	-1.174324	
4102.329056	-1.185281	
4102.330637	-1.194760	
4102.332299	-1.166779	
4102.333881	-1.143975	
4102.335522	-1.148877	
4102.337117	-1.159060	
4102.338732	-1.148591	
4102.340368	-1.140474	
4102.341956	-1.138480	
4102.343624	-1.125972	
4102.345215	-1.125468	
4102.346868	-1.129174	
4102.348454	-1.129400	
4102.350134	-1.103224	
4102.351710	-1.094458	
4102.353422	-1.089177	
4102.354979	-1.081902	
4102.356687	-1.067521	
4102.358235	-1.073221	
4102.359964	-1.064782	
4102.361493	-1.056475	
4102.363256	-1.067598	
4102.364756	-1.073269	
4102.366552	-1.055891	
4102.368025	-1.042715	
4102.369779	-1.034988	
4102.371260	-1.028297	
4102.373021	-1.018549	
4102.374508	-1.023935	
4102.376257	-1.019113	
4102.377762	-0.994862	
4102.379517	-1.005932	
4102.381030	-1.012313	
4102.382796	-1.001771	
4102.384316	-0.993730	
4102.386056	-0.995249	
4102.387587	-0.975301	
4102.389128	-0.964033	
4102.390736	-0.970459	
4102.392224	-0.979438	
4102.393859	-0.977246	
4102.395369	-0.968050	
4102.397019	-0.971591	
4102.398501	-0.966922	
4102.400142	-0.956428	
4102.401623	-0.955659	
4102.403275	-0.957886	
4102.404759	-0.953709	
4102.406462	-0.942345	
4102.407963	-0.944424	
4102.409674	-0.949660	
4102.411164	-0.926280	
4102.412848	-0.920338	
4102.414344	-0.922590	
4102.415997	-0.909361	
4102.417533	-0.894388	
4102.419253	-0.888003	
4102.420805	-0.878307	
4102.422485	-0.872462	
4102.424054	-0.878589	
4102.425705	-0.882585	
4102.427299	-0.861102	
4102.428962	-0.852348	
4102.430557	-0.849541	
4102.432233	-0.841613	
4102.433833	-0.830289	
4102.435483	-0.834160	
4102.437108	-0.820645	
4102.438735	-0.809487	
4102.440373	-0.816923	
4102.441997	-0.827957	
4102.443639	-0.820182	
4102.445241	-0.812609	
4102.446890	-0.808673	
4102.448483	-0.797648	
4102.450182	-0.772761	
4102.451741	-0.768475	
4102.453438	-0.755395	
4102.454994	-0.735869	
4102.456684	-0.725053	
4102.458233	-0.737021	
4102.459954	-0.737203	
4102.461494	-0.727205	
4102.463244	-0.729174	
4102.464740	-0.720070	
4102.466507	-0.705899	
4102.467991	-0.703304	
4102.469774	-0.703945	
4102.471262	-0.690881	
4102.473059	-0.680992	
4102.474550	-0.689995	
4102.476355	-0.686877	
4102.477833	-0.681568	
4102.479601	-0.681096	
4102.481099	-0.669318	
4102.482854	-0.638054	
4102.484360	-0.627246	
4102.486091	-0.625655	
4102.487619	-0.604526	
4102.489356	-0.575578	
4102.490887	-0.570886	
4102.492598	-0.575631	
4102.494140	-0.559413	
4102.495833	-0.570644	
4102.497423	-0.575063	
4102.498907	-0.570446	
4102.500569	-0.552770	
4102.502069	-0.557165	
4102.503718	-0.553801	
4102.505240	-0.545874	
4102.506888	-0.543573	
4102.508365	-0.555296	
4102.510008	-0.549294	
4102.511495	-0.543094	
4102.513128	-0.548130	
4102.514622	-0.540073	
4102.516336	-0.518147	
4102.517840	-0.499882	
4102.519534	-0.497751	
4102.521035	-0.477872	
4102.522700	-0.465134	
4102.524220	-0.470371	
4102.525858	-0.480595	
4102.527400	-0.462524	
4102.529094	-0.462560	
4102.530665	-0.478617	
4102.532324	-0.468232	
4102.533915	-0.437975	
4102.535568	-0.433560	
4102.537165	-0.424150	
4102.538822	-0.413390	
4102.540421	-0.413394	
4102.542032	-0.423360	
4102.543690	-0.421399	
4102.545278	-0.418027	
4102.546954	-0.418329	
4102.548528	-0.416226	
4102.550192	-0.401031	
4102.551792	-0.397019	
4102.553464	-0.388116	
4102.555026	-0.372511	
4102.556736	-0.356136	
4102.558286	-0.363508	
4102.560007	-0.359294	
4102.561550	-0.349558	
4102.563273	-0.349646	
4102.564801	-0.348828	
4102.566533	-0.333154	
4102.568023	-0.321947	
4102.569826	-0.316457	
4102.571319	-0.299280	
4102.573116	-0.290265	
4102.574597	-0.302237	
4102.576368	-0.307192	
4102.577847	-0.297653	
4102.579610	-0.299345	
4102.581100	-0.295695	
4102.582874	-0.279275	
4102.584379	-0.259259	
4102.586124	-0.263521	
4102.587644	-0.241707	
4102.589350	-0.235314	
4102.590875	-0.241836	
4102.592578	-0.250642	
4102.594126	-0.239858	
4102.595790	-0.240160	
4102.597357	-0.244668	
4102.599033	-0.230118	
4102.600606	-0.214347	
4102.602283	-0.213098	
4102.603872	-0.198548	
4102.605533	-0.183043	
4102.607118	-0.177729	
4102.608652	-0.189742	
4102.610308	-0.189669	
4102.611791	-0.185379	
4102.613444	-0.190354	
4102.614915	-0.191301	
4102.616559	-0.169278	
4102.618043	-0.159006	
4102.619704	-0.159397	
4102.621189	-0.146587	
4102.622799	-0.135082	
4102.624321	-0.140077	
4102.625959	-0.145036	
4102.627512	-0.140608	
4102.629113	-0.142574	
4102.630677	-0.144963	
4102.632273	-0.140737	
4102.633895	-0.121321	
4102.635472	-0.121341	
4102.637082	-0.111858	
4102.638608	-0.102783	
4102.640274	-0.097856	
4102.641871	-0.109071	
4102.643539	-0.116084	
4102.645115	-0.111311	
4102.646806	-0.119436	
4102.648365	-0.117107	
4102.650068	-0.088857	
4102.651629	-0.092075	
4102.653308	-0.093856	
4102.654861	-0.078295	
4102.656587	-0.064042	
4102.658095	-0.066294	
4102.659839	-0.060941	
4102.661326	-0.051824	
4102.663109	-0.055115	
4102.664599	-0.056485	
4102.666358	-0.040702	
4102.667844	-0.038740	
4102.669604	-0.041907	
4102.671108	-0.031671	
4102.672861	-0.021024	
4102.674362	-0.026696	
4102.676098	-0.033814	
4102.677618	-0.023497	
4102.679344	-0.039469	
4102.680872	-0.053142	
4102.682602	-0.041596	
4102.684146	-0.022325	
4102.685859	-0.024835	
4102.687405	-0.012145	
4102.689094	0.004262	
4102.690650	0.010816	
4102.692325	0.001462	
4102.693897	0.017028	
4102.695565	0.010047	
4102.697182	0.010119	
4102.698812	0.028798	
4102.700429	0.046003	
4102.702045	0.040960	
4102.703662	0.038120	
4102.705277	0.050398	
4102.706944	0.048662	
4102.708526	0.048050	
4102.710211	0.062620	
4102.711773	0.070516	
4102.713470	0.045758	
4102.715038	0.035071	
4102.716699	0.055071	
4102.718185	0.067100	
4102.719739	0.064642	
4102.721241	0.068558	
4102.722851	0.070455	
4102.724372	0.051869	
4102.725940	0.053126	
4102.727492	0.086013	
4102.729009	0.075970	
4102.730661	0.061722	
4102.732157	0.069412	
4102.733795	0.096168	
4102.735350	0.096849	
4102.737005	0.107504	
4102.738500	0.101751	
4102.740226	0.099379	
4102.741700	0.083439	
4102.743440	0.093550	
4102.744918	0.112088	
4102.746621	0.087930	
4102.748107	0.075716	
4102.749814	0.078806	
4102.751298	0.090931	
4102.753067	0.086762	
4102.754550	0.099794	
4102.756352	0.115641	
4102.757834	0.088148	
4102.759620	0.066580	
4102.761106	0.087447	
4102.762872	0.100059	
4102.764364	0.092015	
4102.766119	0.098231	
4102.767630	0.109941	
4102.769367	0.096128	
4102.770893	0.111448	
4102.772631	0.119262	
4102.774168	0.116833	
4102.775880	0.091858	
4102.777429	0.085481	
4102.779125	0.079314	
4102.780683	0.083978	
4102.782359	0.091693	
4102.783930	0.095906	
4102.785592	0.085014	
4102.787183	0.108926	
4102.788818	0.118602	
4102.790415	0.122735	
4102.792054	0.114533	
4102.793674	0.108793	
4102.795269	0.109377	
4102.796930	0.098770	
4102.798508	0.105139	
4102.800197	0.114022	
4102.801771	0.117184	
4102.803433	0.103193	
4102.805010	0.105393	
4102.806719	0.119210	
4102.808269	0.107270	
4102.809975	0.110863	
4102.811515	0.105393	
4102.813239	0.091439	
4102.814752	0.095246	
4102.816510	0.111085	
4102.818007	0.118481	
4102.819798	0.108902	
4102.821284	0.116008	
4102.823079	0.114598	
4102.824559	0.120189	
4102.826350	0.105127	
4102.827841	0.118505	
4102.829626	0.104676	
4102.831116	0.094702	
4102.832707	0.109808	
4102.834250	0.133188	
4102.835800	0.131609	
4102.837395	0.130586	
4102.838886	0.133765	
4102.840555	0.125321	
4102.842050	0.107520	
4102.843693	0.125712	
4102.845189	0.109973	
4102.846884	0.106001	
4102.848370	0.101647	
4102.850109	0.108487	
4102.851584	0.107012	
4102.853311	0.116084	
4102.854799	0.122840	
4102.856500	0.116374	
4102.857988	0.103862	
4102.859679	0.097002	
4102.861167	0.119532	
4102.862858	0.098573	
4102.864354	0.100051	
4102.866115	0.112459	
4102.867628	0.138510	
4102.869368	0.122300	
4102.870898	0.124181	
4102.872642	0.111866	
4102.874176	0.115875	
4102.875902	0.096563	
4102.877454	0.097646	
4102.879175	0.075164	
4102.880730	0.065541	
4102.882439	0.075096	
4102.884002	0.093344	
4102.885692	0.084204	
4102.887266	0.101123	
4102.888916	0.103181	
4102.890501	0.095415	
4102.892137	0.080160	
4102.893761	0.080393	
4102.895402	0.066685	
4102.897015	0.052211	
4102.898633	0.054813	
4102.900290	0.077513	
4102.901896	0.080369	
4102.903566	0.076043	
4102.905144	0.083874	
4102.906843	0.081183	
4102.908422	0.063962	
4102.910092	0.060948	
4102.911679	0.060183	
4102.913376	0.047224	
4102.914938	0.043014	
4102.916646	0.039433	
4102.918206	0.041443	
4102.919926	0.046289	
4102.921436	0.066532	
4102.923200	0.063660	
4102.924698	0.045045	
4102.926469	0.019759	
4102.927968	0.033512	
4102.929749	0.013390	
4102.931230	0.017253	
4102.933012	0.029576	
4102.934491	0.041669	
4102.936261	0.032436	
4102.937745	0.045174	
4102.939513	0.072228	
4102.941028	0.062556	
4102.942612	0.030422	
4102.944164	0.023948	
4102.945713	0.018325	
4102.947328	0.009688	
4102.948826	0.006739	
4102.950464	0.011021	
4102.951975	-0.000536	
4102.953623	-0.009604	
4102.955110	0.006542	
4102.956812	0.019787	
4102.958289	0.018788	
4102.960026	0.006357	
4102.961499	-0.002780	
4102.963208	-0.012057	
4102.964695	-0.004725	
4102.966396	0.011755	
4102.967886	0.024359	
4102.969598	0.010164	
4102.971079	0.009293	
4102.972833	0.009640	
4102.974342	0.003650	
4102.976094	-0.009604	
4102.977610	-0.009656	
4102.979354	-0.032210	
4102.980874	-0.040247	
4102.982585	-0.028247	
4102.984119	-0.014127	
4102.985824	-0.020597	
4102.987390	-0.018703	
4102.989061	-0.012766	
4102.990617	-0.014534	
4102.992298	-0.017245	
4102.993867	-0.000685	
4102.995516	-0.018993	
4102.997112	-0.036799	
4102.998745	-0.037133	
4103.000379	-0.021556	
4103.001995	-0.019493	
4103.003631	-0.018595	
4103.005248	-0.022003	
4103.006919	-0.028746	
4103.008541	-0.049162	
4103.010216	-0.041028	
4103.011799	-0.044654	
4103.013496	-0.059466	
4103.015074	-0.066504	
4103.016774	-0.061230	
4103.018347	-0.058056	
4103.020022	-0.048638	
4103.021576	-0.042261	
4103.023308	-0.042608	
4103.024869	-0.059261	
4103.026592	-0.060058	
4103.028130	-0.059506	
4103.029864	-0.071841	
4103.031348	-0.078319	
4103.033128	-0.074343	
4103.034617	-0.067913	
4103.036390	-0.071043	
4103.037872	-0.059136	
4103.039653	-0.060260	
4103.041137	-0.076913	
4103.042927	-0.088829	
4103.044407	-0.079301	
4103.046167	-0.087805	
4103.047665	-0.102198	
4103.049413	-0.105316	
4103.050954	-0.102807	
4103.052448	-0.112588	
4103.054048	-0.100527	
4103.055541	-0.083954	
4103.057208	-0.093453	
4103.058716	-0.109172	
4103.060352	-0.108906	
4103.061883	-0.110239	
4103.063525	-0.121526	
4103.065018	-0.119838	
4103.066667	-0.104696	
4103.068138	-0.108374	
4103.069869	-0.118856	
4103.071354	-0.098517	
4103.073055	-0.086190	
4103.074535	-0.095717	
4103.076247	-0.108974	
4103.077730	-0.106412	
4103.079412	-0.121124	
4103.080923	-0.132999	
4103.082550	-0.127247	
4103.084103	-0.122936	
4103.085812	-0.140661	
4103.087368	-0.138026	
4103.089053	-0.123363	
4103.090639	-0.127206	
4103.092311	-0.142808	
4103.093891	-0.124515	
4103.095558	-0.141422	
4103.097161	-0.159256	
4103.098803	-0.142192	
4103.100423	-0.126139	
4103.102073	-0.130683	
4103.103663	-0.132330	
4103.105290	-0.126469	
4103.106939	-0.115339	
4103.108540	-0.133780	
4103.110224	-0.113023	
4103.111803	-0.113949	
4103.113474	-0.136363	
4103.115064	-0.144999	
4103.116742	-0.131082	
4103.118302	-0.130610	
4103.119995	-0.140371	
4103.121540	-0.135517	
4103.123265	-0.132596	
4103.124816	-0.140564	
4103.126537	-0.143795	
4103.128052	-0.144540	
4103.129780	-0.156061	
4103.131264	-0.170813	
4103.133042	-0.163767	
4103.134529	-0.149753	
4103.136307	-0.145845	
4103.137790	-0.140004	
4103.139570	-0.136230	
4103.141048	-0.138042	
4103.142803	-0.145447	
4103.144303	-0.134377	
4103.146052	-0.142490	
4103.147583	-0.144161	
4103.149326	-0.140931	
4103.150850	-0.131323	
4103.152577	-0.140496	
4103.154108	-0.135722	
4103.155807	-0.137998	
4103.157354	-0.145164	
4103.159047	-0.161443	
4103.160610	-0.164061	
4103.162282	-0.159243	
4103.163899	-0.179840	
4103.165393	-0.177093	
4103.167038	-0.160327	
4103.168561	-0.163727	
4103.170198	-0.156234	
4103.171698	-0.153676	
4103.173358	-0.151783	
4103.174846	-0.162160	
4103.176498	-0.164960	
4103.177978	-0.156549	
4103.179608	-0.166813	
4103.181096	-0.170273	
4103.182774	-0.163574	
4103.184280	-0.155340	
4103.185952	-0.160605	
4103.187478	-0.155199	
4103.189109	-0.146498	
4103.190683	-0.149177	
4103.192265	-0.161552	
4103.193865	-0.161165	
4103.195517	-0.166450	
4103.197117	-0.171663	
4103.198769	-0.170394	
4103.200366	-0.155151	
4103.201993	-0.163284	
4103.203626	-0.162631	
4103.205216	-0.158095	
4103.206888	-0.162132	
4103.208465	-0.176533	
4103.210141	-0.176819	
4103.211724	-0.171248	
4103.213410	-0.175308	
4103.214992	-0.173975	
4103.216682	-0.155707	
4103.218245	-0.154945	
4103.219941	-0.159586	
4103.221483	-0.144157	
4103.223193	-0.143759	
4103.224693	-0.150800	
4103.226454	-0.144210	
4103.227938	-0.149016	
4103.229720	-0.163945	
4103.231211	-0.167703	
4103.232989	-0.155570	
4103.234473	-0.150019	
4103.236277	-0.156738	
4103.237768	-0.144597	
4103.239523	-0.143654	
4103.241021	-0.151026	
4103.242796	-0.156428	
4103.244307	-0.148689	
4103.246073	-0.152951	
4103.247591	-0.158156	
4103.249311	-0.147106	
4103.250830	-0.133950	
4103.252547	-0.138606	
4103.254092	-0.134780	
4103.255789	-0.132536	
4103.257342	-0.136451	
4103.259032	-0.148174	
4103.260623	-0.143183	
4103.262292	-0.149467	
4103.263871	-0.150796	
4103.265532	-0.145016	
4103.267118	-0.123492	
4103.268754	-0.119480	
4103.270373	-0.114755	
4103.271996	-0.106424	
4103.273614	-0.104837	
4103.275140	-0.119689	
4103.276766	-0.121111	
4103.278245	-0.115291	
4103.279898	-0.132073	
4103.281397	-0.136335	
4103.283023	-0.123718	
4103.284521	-0.116704	
4103.286135	-0.122014	
4103.287664	-0.116024	
4103.289240	-0.114851	
4103.290782	-0.122815	
4103.292413	-0.128572	
4103.293966	-0.110267	
4103.295574	-0.112225	
4103.297176	-0.120261	
4103.298740	-0.122727	
4103.300357	-0.096897	
4103.301885	-0.105405	
4103.303580	-0.105260	
4103.305168	-0.090311	
4103.306856	-0.083696	
4103.308446	-0.102859	
4103.310122	-0.105127	
4103.311723	-0.105212	
4103.313401	-0.110243	
4103.314973	-0.113131	
4103.316683	-0.097449	
4103.318228	-0.092478	
4103.319936	-0.089831	
4103.321491	-0.075511	
4103.323206	-0.074846	
4103.324733	-0.093228	
4103.326461	-0.093832	
4103.327953	-0.087568	
4103.329747	-0.101409	
4103.331223	-0.098988	
4103.332991	-0.087185	
4103.334471	-0.085292	
4103.336270	-0.086907	
4103.337750	-0.068107	
4103.339514	-0.054958	
4103.341014	-0.061085	
4103.342784	-0.070886	
4103.344283	-0.056449	
4103.346022	-0.069468	
4103.347538	-0.075777	
4103.349268	-0.064389	
4103.350805	-0.050906	
4103.352511	-0.052557	
4103.354058	-0.048807	
4103.355746	-0.038982	
4103.357316	-0.045021	
4103.359014	-0.058177	
4103.360580	-0.054402	
4103.362253	-0.064514	
4103.363837	-0.070902	
4103.365489	-0.055828	
4103.367097	-0.044791	
4103.368735	-0.048606	
4103.370338	-0.040988	
4103.371975	-0.026829	
4103.373612	-0.020774	
4103.375227	-0.033491	
4103.376892	-0.025237	
4103.378498	-0.024774	
4103.380169	-0.036569	
4103.381741	-0.035397	
4103.383437	-0.024432	
4103.384908	-0.019783	
4103.386488	-0.022240	
4103.387996	-0.005736	
4103.389643	0.001180	
4103.391134	-0.017435	
4103.392741	-0.015513	
4103.394266	0.005132	
4103.395824	-0.000588	
4103.397375	-0.011376	
4103.398859	-0.009898	
4103.400501	0.005974	
4103.402059	-0.001221	
4103.403680	0.004173	
4103.405203	0.010151	
4103.406882	0.023723	
4103.408377	0.012939	
4103.410077	0.016057	
4103.411561	0.012073	
4103.413294	0.005910	
4103.414775	0.001615	
4103.416486	0.016923	
4103.417976	0.026007	
4103.419758	0.021237	
4103.421243	0.042330	
4103.423008	0.042100	
4103.424497	0.044328	
4103.426311	0.045347	
4103.427790	0.055784	
4103.429579	0.050261	
4103.431057	0.045564	
4103.432823	0.048348	
4103.434316	0.061057	
4103.436071	0.049991	
4103.437579	0.052155	
4103.439303	0.063035	
4103.440835	0.058044	
4103.442549	0.049999	
4103.444078	0.065364	
4103.445763	0.053126	
4103.447309	0.051297	
4103.449014	0.058298	
4103.450591	0.075479	
4103.452273	0.081243	
4103.453867	0.084252	
4103.455540	0.085320	
4103.457127	0.089558	
4103.458779	0.083672	
4103.460385	0.095926	
4103.462028	0.088530	
4103.463650	0.085376	
4103.465265	0.080232	
4103.466935	0.096539	
4103.468534	0.102678	
4103.470199	0.113675	
4103.471799	0.116402	
4103.473453	0.119480	
4103.475042	0.104910	
4103.476747	0.098791	
4103.478306	0.107411	
4103.479996	0.095052	
4103.481548	0.087503	
4103.483255	0.110880	
4103.484792	0.117760	
4103.486485	0.110964	
4103.487998	0.125514	
4103.489766	0.130179	
4103.491243	0.119202	
4103.493016	0.128250	
4103.494500	0.145132	
4103.496278	0.135541	
4103.497757	0.131122	
4103.499360	0.142498	
4103.500896	0.156170	
4103.502455	0.148347	
4103.504061	0.149994	
4103.505545	0.153157	
4103.507217	0.143730	
4103.508707	0.136173	
4103.510355	0.143984	
4103.511889	0.145487	
4103.513575	0.138357	
4103.515049	0.142071	
4103.516752	0.157785	
4103.518235	0.155110	
4103.519955	0.159409	
4103.521436	0.159123	
4103.523160	0.174060	
4103.524647	0.162587	
4103.526351	0.163993	
4103.527838	0.167413	
4103.529619	0.166350	
4103.531106	0.172843	
4103.532873	0.181266	
4103.534353	0.196848	
4103.536143	0.181246	
4103.537650	0.197227	
4103.539410	0.195845	
4103.540915	0.191724	
4103.542659	0.170402	
4103.544176	0.184852	
4103.545890	0.171848	
4103.547419	0.167308	
4103.549122	0.183442	
4103.550684	0.208397	
4103.552403	0.192123	
4103.553957	0.194878	
4103.555650	0.205541	
4103.557214	0.202355	
4103.558896	0.188529	
4103.560478	0.203615	
4103.562137	0.203261	
4103.563744	0.204183	
4103.565403	0.223987	
4103.566999	0.239306	
4103.568625	0.230766	
4103.570250	0.227979	
4103.571874	0.245317	
4103.573557	0.247770	
4103.575142	0.229252	
4103.576830	0.224841	
4103.578413	0.213445	
4103.580088	0.199063	
4103.581671	0.210085	
4103.583367	0.217191	
4103.584935	0.229659	
4103.586643	0.225542	
4103.588193	0.236966	
4103.589897	0.241590	
4103.591430	0.232575	
4103.593179	0.224768	
4103.594701	0.236370	
4103.596436	0.229832	
4103.597926	0.235069	
4103.599718	0.258912	
4103.601195	0.267154	
4103.602972	0.267863	
4103.604457	0.274595	
4103.606243	0.277318	
4103.607762	0.263472	
4103.609251	0.263750	
4103.610841	0.260588	
4103.612390	0.237179	
4103.613987	0.245164	
4103.615478	0.239262	
4103.617124	0.254739	
4103.618629	0.251142	
4103.620271	0.257265	
4103.621806	0.271537	
4103.623424	0.274119	
4103.624907	0.266812	
4103.626607	0.264737	
4103.628084	0.265543	
4103.629793	0.258159	
4103.631289	0.259819	
4103.633015	0.280705	
4103.634504	0.283312	
4103.636221	0.278293	
4103.637702	0.299026	
4103.639394	0.292746	
4103.640904	0.297693	
4103.642648	0.276069	
4103.644163	0.270884	
4103.645906	0.260661	
4103.647444	0.266336	
4103.649152	0.268858	
4103.650693	0.287666	
4103.652402	0.287803	
4103.653956	0.299727	
4103.655643	0.285491	
4103.657209	0.285386	
4103.658871	0.268548	
4103.660474	0.271549	
4103.662129	0.269007	
4103.663714	0.267033	
4103.665375	0.270506	
4103.666966	0.292472	
4103.668607	0.296251	
4103.670239	0.302140	
4103.671839	0.313859	
4103.673515	0.311925	
4103.675099	0.302269	
4103.676779	0.301387	
4103.678363	0.302688	
4103.680019	0.283348	
4103.681592	0.275247	
4103.683294	0.300670	
4103.684839	0.299522	
4103.686547	0.293757	
4103.688093	0.305379	
4103.689825	0.299538	
4103.691336	0.287920	
4103.693075	0.282357	
4103.694564	0.288915	
4103.696350	0.277370	
4103.697830	0.273221	
4103.699620	0.289213	
4103.701110	0.300783	
4103.702891	0.302571	
4103.704380	0.320385	
4103.706138	0.319619	
4103.707631	0.319265	
4103.709390	0.304493	
4103.710905	0.307305	
4103.712647	0.298080	
4103.714168	0.291626	
4103.715902	0.290200	
4103.717440	0.302801	
4103.719168	0.295646	
4103.720706	0.311095	
4103.722209	0.314527	
4103.723853	0.317778	
4103.725349	0.291090	
4103.727005	0.295610	
4103.728531	0.281197	
4103.730153	0.282990	
4103.731635	0.269881	
4103.733281	0.288335	
4103.734760	0.302390	
4103.736411	0.295783	
4103.737907	0.303389	
4103.739614	0.319188	
4103.741107	0.315840	
4103.742810	0.304054	
4103.744297	0.307204	
4103.745973	0.286079	
4103.747486	0.276065	
4103.749136	0.288710	
4103.750684	0.303844	
4103.752394	0.290196	
4103.753957	0.309927	
4103.755640	0.315772	
4103.757208	0.312356	
4103.758881	0.292702	
4103.760456	0.299421	
4103.762125	0.287513	
4103.763700	0.274965	
4103.765352	0.272621	
4103.766964	0.296923	
4103.768595	0.286917	
4103.770227	0.296372	
4103.771835	0.306511	
4103.773510	0.308485	
4103.775107	0.295884	
4103.776753	0.295079	
4103.778344	0.298209	
4103.780040	0.286377	
4103.781606	0.284093	
4103.783312	0.291485	
4103.784862	0.298273	
4103.786579	0.290140	
4103.788137	0.290128	
4103.789825	0.308062	
4103.791362	0.290502	
4103.793114	0.274252	
4103.794605	0.278562	
4103.796371	0.271332	
4103.797851	0.256403	
4103.799625	0.271706	
4103.801109	0.278216	
4103.802888	0.265164	
4103.804372	0.279618	
4103.806153	0.300621	
4103.807638	0.296859	
4103.809391	0.276734	
4103.810897	0.294015	
4103.812633	0.282365	
4103.814158	0.265192	
4103.815875	0.274127	
4103.817404	0.275775	
4103.819128	0.268592	
4103.820681	0.268504	
4103.822378	0.268548	
4103.823935	0.268250	
4103.825629	0.258622	
4103.827220	0.255794	
4103.828720	0.241764	
4103.830352	0.242940	
4103.831880	0.241526	
4103.833530	0.249792	
4103.835011	0.253136	
4103.836677	0.246706	
4103.838152	0.247532	
4103.839808	0.254614	
4103.841288	0.247556	
4103.842931	0.232337	
4103.844419	0.242456	
4103.846088	0.232785	
4103.847574	0.220369	
4103.849227	0.235705	
4103.850759	0.245184	
4103.852390	0.236523	
4103.853955	0.254554	
4103.855556	0.262538	
4103.857157	0.247685	
4103.858756	0.231177	
4103.860369	0.233055	
4103.862014	0.225364	
4103.863641	0.208667	
4103.865265	0.211757	
4103.866904	0.224728	
4103.868506	0.225932	
4103.870179	0.222955	
4103.871791	0.226077	
4103.873451	0.235133	
4103.875058	0.210532	
4103.876753	0.207052	
4103.878324	0.216389	
4103.880022	0.201553	
4103.881584	0.205211	
4103.883293	0.214105	
4103.884866	0.212994	
4103.886570	0.203080	
4103.888123	0.228954	
4103.889839	0.235874	
4103.891391	0.218484	
4103.893122	0.201803	
4103.894630	0.202330	
4103.896394	0.197009	
4103.897875	0.175852	
4103.899647	0.201186	
4103.901131	0.205618	
4103.902914	0.199716	
4103.904392	0.207297	
4103.906176	0.209130	
4103.907655	0.187442	
4103.909403	0.179550	
4103.910910	0.188046	
4103.912668	0.175204	
4103.914183	0.161600	
4103.915923	0.165874	
4103.917451	0.173548	
4103.919188	0.170257	
4103.920725	0.173564	
4103.922440	0.179107	
4103.923979	0.175933	
4103.925669	0.167284	
4103.927226	0.169359	
4103.928898	0.165141	
4103.930469	0.149104	
4103.932134	0.163916	
4103.933722	0.186161	
4103.935353	0.172871	
4103.936953	0.176013	
4103.938580	0.176259	
4103.940235	0.167042	
4103.941731	0.147767	
4103.943378	0.145668	
4103.944856	0.130099	
4103.946509	0.118163	
4103.947978	0.117039	
4103.949614	0.120684	
4103.951097	0.126042	
4103.952728	0.120302	
4103.954248	0.133644	
4103.955826	0.139589	
4103.957383	0.135835	
4103.959006	0.120499	
4103.960578	0.128093	
4103.962168	0.111190	
4103.963774	0.105904	
4103.965342	0.101755	
4103.966959	0.113703	
4103.968500	0.113425	
4103.970169	0.112394	
4103.971770	0.106871	
4103.973432	0.107181	
4103.975018	0.102311	
4103.976725	0.097743	
4103.978290	0.092116	
4103.979972	0.075853	
4103.981533	0.072957	
4103.983214	0.087451	
4103.984778	0.084575	
4103.986509	0.080490	
4103.988053	0.098650	
4103.989770	0.099375	
4103.991263	0.080002	
4103.993015	0.064945	
4103.994502	0.077356	
4103.996270	0.061835	
4103.997752	0.051446	
4103.999536	0.051083	
4104.001021	0.060364	
4104.002823	0.068719	
4104.004301	0.077960	
4104.006049	0.077980	
4104.007554	0.067934	
4104.009297	0.046338	
4104.010815	0.062657	
4104.012565	0.047208	
4104.014099	0.031691	
4104.015836	0.052493	
4104.017362	0.062600	
4104.019066	0.046684	
4104.020606	0.055325	
4104.022296	0.070173	
4104.023855	0.056896	
4104.025515	0.042475	
4104.027109	0.045021	
4104.028764	0.026909	
4104.030359	0.010723	
4104.032018	0.008947	
4104.033624	0.018587	
4104.035262	0.019582	
4104.036891	0.022732	
4104.038493	0.031405	
4104.040171	0.036621	
4104.041759	0.022132	
4104.043442	0.024311	
4104.045032	0.015259	
4104.046698	0.002925	
4104.048258	-0.013418	
4104.049973	-0.003323	
4104.051453	0.005519	
4104.053095	-0.001825	
4104.054581	0.010369	
4104.056235	0.021463	
4104.057711	0.016246	
4104.059341	-0.003392	
4104.060847	-0.001627	
4104.062406	-0.009479	
4104.063982	-0.022216	
4104.065479	-0.027783	
4104.067122	-0.016472	
4104.068684	-0.022361	
4104.070301	-0.023586	
4104.071847	-0.017620	
4104.073531	-0.020500	
4104.075013	-0.039272	
4104.076711	-0.047071	
4104.078191	-0.049234	
4104.079902	-0.062677	
4104.081384	-0.064461	
4104.083111	-0.049154	
4104.084627	-0.049875	
4104.086388	-0.050431	
4104.087867	-0.033125	
4104.089638	-0.034313	
4104.091123	-0.036340	
4104.092882	-0.051156	
4104.094364	-0.050817	
4104.096143	-0.061077	
4104.097633	-0.072526	
4104.099413	-0.065170	
4104.100902	-0.067406	
4104.102663	-0.071748	
4104.104163	-0.066262	
4104.105902	-0.066560	
4104.107428	-0.078025	
4104.109144	-0.090283	
4104.110685	-0.089078	
4104.112422	-0.103153	
4104.113962	-0.113542	
4104.115649	-0.107613	
4104.117200	-0.097594	
4104.118885	-0.099576	
4104.120471	-0.093437	
4104.122124	-0.082045	
4104.123705	-0.083314	
4104.125359	-0.095834	
4104.126973	-0.088667	
4104.128615	-0.094371	
4104.130234	-0.110654	
4104.131852	-0.106561	
4104.133496	-0.095258	
4104.135099	-0.096756	
4104.136761	-0.100926	
4104.138341	-0.086621	
4104.140032	-0.087866	
4104.141601	-0.103335	
4104.143309	-0.111109	
4104.144879	-0.109715	
4104.146583	-0.126099	
4104.148147	-0.131476	
4104.149845	-0.126820	
4104.151379	-0.125518	
4104.153113	-0.135327	
4104.154636	-0.120958	
4104.156383	-0.114328	
4104.157862	-0.121518	
4104.159642	-0.129261	
4104.161143	-0.121228	
4104.162673	-0.132258	
4104.164219	-0.137769	
4104.165796	-0.131891	
4104.167335	-0.120382	
4104.168856	-0.125986	
4104.170508	-0.121667	
4104.172004	-0.116511	
4104.173634	-0.122554	
4104.175168	-0.145406	
4104.176811	-0.142643	
4104.178303	-0.140609	
4104.180018	-0.153157	
4104.181493	-0.161064	
4104.183231	-0.146651	
4104.184707	-0.142071	
4104.186410	-0.148516	
4104.187891	-0.136604	
4104.189607	-0.137092	
4104.191098	-0.140016	
4104.192779	-0.150192	
4104.194274	-0.149286	
4104.196053	-0.160613	
4104.197550	-0.177161	
4104.199310	-0.174656	
4104.200813	-0.163953	
4104.202539	-0.176747	
4104.204058	-0.173987	
4104.205773	-0.158377	
4104.207323	-0.160017	
4104.209044	-0.171284	
4104.210613	-0.168847	
4104.212326	-0.170664	
4104.213886	-0.175788	
4104.215571	-0.171026	
4104.217130	-0.160380	
4104.218800	-0.166817	
4104.220387	-0.166176	
4104.222027	-0.163848	
4104.223629	-0.165044	
4104.225272	-0.182584	
4104.226878	-0.181242	
4104.228502	-0.187909	
4104.230163	-0.198496	
4104.231759	-0.197738	
4104.233442	-0.186511	
4104.235024	-0.186664	
4104.236700	-0.191631	
4104.238269	-0.183293	
4104.239965	-0.174817	
4104.241531	-0.184058	
4104.243212	-0.194141	
4104.244764	-0.188115	
4104.246479	-0.200477	
4104.248023	-0.201545	
4104.249741	-0.196296	
4104.251244	-0.195861	
4104.253008	-0.204204	
4104.254486	-0.193094	
4104.256273	-0.192969	
4104.257770	-0.199184	
4104.259544	-0.199450	
4104.261023	-0.189061	
4104.262797	-0.201368	
4104.264281	-0.199221	
4104.266040	-0.195128	
4104.267537	-0.183631	
4104.269254	-0.192695	
4104.270774	-0.191917	
4104.272490	-0.192646	
4104.274027	-0.198032	
4104.275574	-0.212840	
4104.277190	-0.212534	
4104.278692	-0.222935	
4104.280335	-0.227435	
4104.281856	-0.227008	
4104.283504	-0.212155	
4104.285006	-0.206286	
4104.286644	-0.207039	
4104.288138	-0.197315	
4104.289776	-0.196364	
4104.291265	-0.209698	
4104.292971	-0.217711	
4104.294458	-0.211354	
4104.296160	-0.216623	
4104.297638	-0.220486	
4104.299322	-0.207700	
4104.300830	-0.198790	
4104.302486	-0.205154	
4104.304030	-0.203072	
4104.305656	-0.194673	
4104.307232	-0.203684	
4104.308896	-0.215447	
4104.310470	-0.206117	
4104.312145	-0.219664	
4104.313736	-0.229316	
4104.315378	-0.227105	
4104.316981	-0.214081	
4104.318615	-0.219914	
4104.320239	-0.218887	
4104.321856	-0.208663	
4104.323508	-0.211640	
4104.325128	-0.232337	
4104.326792	-0.229369	
4104.328404	-0.229534	
4104.330062	-0.235665	
4104.331638	-0.232309	
4104.333325	-0.212413	
4104.334892	-0.210806	
4104.336600	-0.205170	
4104.338185	-0.201718	
4104.339864	-0.198757	
4104.341416	-0.212752	
4104.343134	-0.221832	
4104.344669	-0.211604	
4104.346413	-0.226521	
4104.347915	-0.229365	
4104.349670	-0.223878	
4104.351153	-0.216224	
4104.352901	-0.233506	
4104.354385	-0.217940	
4104.356159	-0.216188	
4104.357651	-0.222947	
4104.359446	-0.235105	
4104.360933	-0.228454	
4104.362698	-0.232059	
4104.364197	-0.240362	
4104.365934	-0.226508	
4104.367446	-0.207797	
4104.369176	-0.211229	
4104.370713	-0.208860	
4104.372446	-0.197505	
4104.373976	-0.206274	
4104.375680	-0.224208	
4104.377224	-0.223217	
4104.378924	-0.228668	
4104.380488	-0.235189	
4104.382144	-0.228051	
4104.383754	-0.216889	
4104.385243	-0.216832	
4104.386876	-0.216289	
4104.388406	-0.203938	
4104.390044	-0.204828	
4104.391526	-0.216111	
4104.393163	-0.224337	
4104.394643	-0.226992	
4104.396276	-0.231278	
4104.397771	-0.228668	
4104.399377	-0.226150	
4104.400893	-0.213964	
4104.402549	-0.220325	
4104.404079	-0.210500	
4104.405717	-0.199901	
4104.407262	-0.205771	
4104.408871	-0.226190	
4104.410447	-0.216184	
4104.412015	-0.213034	
4104.413622	-0.224631	
4104.415162	-0.223169	
4104.416821	-0.206604	
4104.418422	-0.205912	
4104.420089	-0.210085	
4104.421670	-0.198540	
4104.423355	-0.201799	
4104.424949	-0.213509	
4104.426608	-0.221102	
4104.428163	-0.221666	
4104.429869	-0.234565	
4104.431399	-0.231508	
4104.433110	-0.216756	
4104.434614	-0.206858	
4104.436359	-0.209940	
4104.437842	-0.198016	
4104.439627	-0.192296	
4104.441117	-0.198653	
4104.442912	-0.204232	
4104.444396	-0.200026	
4104.446178	-0.214496	
4104.447662	-0.220377	
4104.449440	-0.214141	
4104.450922	-0.208937	
4104.452668	-0.210286	
4104.454175	-0.201638	
4104.455924	-0.201090	
4104.457449	-0.201924	
4104.459168	-0.210133	
4104.460699	-0.200079	
4104.462405	-0.208409	
4104.463948	-0.212325	
4104.465654	-0.204607	
4104.467213	-0.188707	
4104.468904	-0.194850	
4104.470474	-0.185516	
4104.472127	-0.190918	
4104.473714	-0.187035	
4104.475376	-0.187949	
4104.476964	-0.197009	
4104.478596	-0.198564	
4104.480205	-0.206149	
4104.481813	-0.208357	
4104.483495	-0.192582	
4104.485094	-0.195511	
4104.486764	-0.195672	
4104.488371	-0.187144	
4104.490033	-0.188231	
4104.491622	-0.194020	
4104.493312	-0.189420	
4104.494877	-0.190282	
4104.496574	-0.196832	
4104.498048	-0.200679	
4104.499692	-0.183506	
4104.501181	-0.180030	
4104.502825	-0.185162	
4104.504321	-0.173455	
4104.505923	-0.170716	
4104.507466	-0.177754	
4104.509019	-0.186825	
4104.510586	-0.175276	
4104.512084	-0.183123	
4104.513726	-0.194141	
4104.515286	-0.186773	
4104.516910	-0.172642	
4104.518442	-0.177339	
4104.520114	-0.178205	
4104.521596	-0.171256	
4104.523303	-0.170019	
4104.524793	-0.186366	
4104.526538	-0.195051	
4104.528081	-0.186076	
4104.529792	-0.194467	
4104.531336	-0.198842	
4104.533068	-0.177991	
4104.534576	-0.173540	
4104.536295	-0.170124	
4104.537781	-0.153076	
4104.539565	-0.145499	
4104.541053	-0.156049	
4104.542831	-0.162007	
4104.544309	-0.158812	
4104.546091	-0.164932	
4104.547573	-0.175703	
4104.549333	-0.167586	
4104.550831	-0.154966	
4104.552581	-0.164984	
4104.554107	-0.160790	
4104.555841	-0.168742	
4104.557366	-0.172275	
4104.559072	-0.177536	
4104.560613	-0.170507	
4104.562329	-0.175635	
4104.563887	-0.177822	
4104.565574	-0.171989	
4104.567146	-0.154756	
4104.568828	-0.157189	
4104.570397	-0.149612	
4104.572059	-0.140677	
4104.573652	-0.138945	
4104.575299	-0.150272	
4104.576911	-0.151050	
4104.578522	-0.152911	
4104.580151	-0.161947	
4104.581741	-0.158426	
4104.583421	-0.145700	
4104.585029	-0.145608	
4104.586673	-0.142405	
4104.588264	-0.137257	
4104.589955	-0.139416	
4104.591519	-0.143227	
4104.593233	-0.149233	
4104.594791	-0.147078	
4104.596511	-0.154023	
4104.598063	-0.156722	
4104.599745	-0.143908	
4104.601269	-0.135783	
4104.603007	-0.141197	
4104.604504	-0.129313	
4104.606279	-0.125015	
4104.607766	-0.128914	
4104.609398	-0.143154	
4104.610893	-0.139859	
4104.612494	-0.145084	
4104.614031	-0.149729	
4104.615590	-0.142723	
4104.617191	-0.132649	
4104.618671	-0.143710	
4104.620325	-0.128105	
4104.621836	-0.112845	
4104.623511	-0.120987	
4104.625011	-0.138711	
4104.626704	-0.129519	
4104.628182	-0.136391	
4104.629887	-0.145297	
4104.631366	-0.136858	
4104.633078	-0.115798	
4104.634563	-0.107600	
4104.636272	-0.117748	
4104.637766	-0.102690	
4104.639541	-0.096325	
4104.641024	-0.111061	
4104.642821	-0.119069	
4104.644303	-0.115464	
4104.646069	-0.123569	
4104.647555	-0.131194	
4104.649323	-0.122707	
4104.650831	-0.116193	
4104.652580	-0.123959	
4104.654092	-0.116962	
4104.655813	-0.114352	
4104.657343	-0.125156	
4104.659064	-0.132467	
4104.660607	-0.123508	
4104.662296	-0.124987	
4104.663857	-0.124270	
4104.665536	-0.113470	
4104.667108	-0.098073	
4104.668783	-0.099576	
4104.670360	-0.088136	
4104.672012	-0.081018	
4104.673602	-0.085360	
4104.675241	-0.100809	
4104.676857	-0.100607	
4104.678476	-0.105856	
4104.680142	-0.117849	
4104.681740	-0.117506	
4104.683400	-0.103467	
4104.685002	-0.098629	
4104.686677	-0.096893	
4104.688259	-0.092152	
4104.689946	-0.080905	
4104.691502	-0.094114	
4104.693171	-0.108044	
4104.694717	-0.106392	
4104.696428	-0.117043	
4104.697971	-0.118606	
4104.699677	-0.102807	
4104.701173	-0.096390	
4104.702957	-0.098227	
4104.704436	-0.082899	
4104.706217	-0.080824	
4104.707695	-0.088873	
4104.709453	-0.101195	
4104.710929	-0.093771	
4104.712680	-0.100531	
4104.714176	-0.103556	
4104.715943	-0.088776	
4104.717460	-0.071583	
4104.719027	-0.075656	
4104.720569	-0.067482	
4104.722066	-0.064232	
4104.723732	-0.065940	
4104.725221	-0.081408	
4104.726851	-0.078778	
4104.728382	-0.085086	
4104.730006	-0.097457	
4104.731501	-0.101341	
4104.733153	-0.090166	
4104.734633	-0.081485	
4104.736354	-0.088945	
4104.737843	-0.074786	
4104.739544	-0.072683	
4104.741033	-0.072300	
4104.742728	-0.083950	
4104.744215	-0.080792	
4104.745885	-0.087733	
4104.747402	-0.088281	
4104.749032	-0.080728	
4104.750583	-0.066443	
4104.752286	-0.072183	
4104.753838	-0.064707	
4104.755514	-0.053573	
4104.757076	-0.055224	
4104.758752	-0.064280	
4104.760340	-0.066222	
4104.761995	-0.071237	
4104.763606	-0.077610	
4104.765239	-0.078186	
4104.766866	-0.065698	
4104.768506	-0.062447	
4104.770117	-0.060227	
4104.771742	-0.052666	
4104.773430	-0.055808	
4104.775022	-0.067535	
4104.776699	-0.081835	
4104.778281	-0.079483	
4104.779963	-0.079426	
4104.781547	-0.086677	
4104.783239	-0.067958	
4104.784807	-0.061379	
4104.786511	-0.065553	
4104.788056	-0.051337	
4104.789765	-0.047599	
4104.791302	-0.054431	
4104.793025	-0.058467	
4104.794530	-0.053798	
4104.796270	-0.068820	
4104.797756	-0.069557	
4104.799511	-0.062930	
4104.801001	-0.051518	
4104.802791	-0.058012	
4104.804273	-0.045701	
4104.806075	-0.040203	
4104.807558	-0.052215	
4104.809322	-0.062584	
4104.810828	-0.054684	
4104.812569	-0.069170	
4104.814096	-0.077952	
4104.815827	-0.068768	
4104.817346	-0.050008	
4104.819065	-0.051172	
4104.820603	-0.043043	
4104.822303	-0.032786	
4104.823852	-0.040678	
4104.825536	-0.050580	
4104.827115	-0.050084	
4104.828609	-0.060517	
4104.830244	-0.068324	
4104.831770	-0.066157	
4104.833425	-0.054862	
4104.834914	-0.051131	
4104.836538	-0.052626	
4104.838020	-0.035808	
4104.839669	-0.028557	
4104.841162	-0.038692	
4104.842790	-0.046894	
4104.844307	-0.036911	
4104.846007	-0.041383	
4104.847505	-0.049399	
4104.849159	-0.045991	
4104.850683	-0.035912	
4104.852336	-0.048799	
4104.853881	-0.039852	
4104.855504	-0.034849	
4104.857088	-0.033834	
4104.858791	-0.052026	
4104.860378	-0.042088	
4104.862053	-0.051039	
4104.863634	-0.064477	
4104.865287	-0.060401	
4104.866896	-0.046330	
4104.868529	-0.045266	
4104.870142	-0.039063	
4104.871752	-0.029080	
4104.873424	-0.028343	
4104.875020	-0.039812	
4104.876694	-0.032057	
4104.878290	-0.038474	
4104.879945	-0.051099	
4104.881522	-0.049975	
4104.883221	-0.039550	
4104.884775	-0.037032	
4104.886490	-0.039123	
4104.888030	-0.028992	
4104.889750	-0.020516	
4104.891304	-0.031473	
4104.893004	-0.033584	
4104.894510	-0.027038	
4104.896268	-0.035018	
4104.897764	-0.043933	
4104.899553	-0.035026	
4104.901041	-0.029681	
4104.902816	-0.034938	
4104.904299	-0.026035	
4104.906077	-0.016814	
4104.907553	-0.026103	
4104.909307	-0.039816	
4104.910813	-0.034180	
4104.912561	-0.046322	
4104.914076	-0.055559	
4104.915813	-0.049520	
4104.917335	-0.037866	
4104.919052	-0.039518	
4104.920591	-0.030849	
4104.922303	-0.021298	
4104.923865	-0.023364	
4104.925557	-0.032956	
4104.927115	-0.027111	
4104.928783	-0.030140	
4104.930362	-0.035272	
4104.932021	-0.030357	
4104.933617	-0.016532	
4104.935266	-0.023489	
4104.936880	-0.019848	
4104.938399	-0.017390	
4104.940048	-0.015150	
4104.941523	-0.023372	
4104.943175	-0.029342	
4104.944648	-0.026861	
4104.946294	-0.036674	
4104.947781	-0.048513	
4104.949414	-0.040779	
4104.950912	-0.032025	
4104.952493	-0.036879	
4104.954040	-0.031163	
4104.955669	-0.024013	
4104.957218	-0.026297	
4104.958839	-0.038813	
4104.960414	-0.032194	
4104.962008	-0.030692	
4104.963620	-0.031510	
4104.965174	-0.030450	
4104.966804	-0.013624	
4104.968297	-0.004677	
4104.970028	-0.012746	
4104.971587	-0.008307	
4104.973264	0.006925	
4104.974820	-0.005241	
4104.976529	-0.015191	
4104.978086	-0.018023	
4104.979757	-0.034543	
4104.981322	-0.041870	
4104.983043	-0.033222	
4104.984547	-0.029225	
4104.986302	-0.039155	
4104.987782	-0.028827	
4104.989570	-0.023086	
4104.991052	-0.032944	
4104.992824	-0.040690	
4104.994316	-0.021036	
4104.996112	-0.026200	
4104.997585	-0.037910	
4104.999363	-0.024122	
4105.000852	-0.010514	
4105.002611	-0.012733	
4105.004112	-0.002405	
4105.005843	0.005124	
4105.007372	-0.003199	
4105.009108	-0.017189	
4105.010654	-0.014401	
4105.012354	-0.021475	
4105.013902	-0.031659	
4105.015590	-0.022236	
4105.017142	-0.014321	
4105.018834	-0.016085	
4105.020409	-0.014220	
4105.022070	-0.008153	
4105.023669	-0.019239	
4105.025301	-0.029717	
4105.026902	-0.023767	
4105.028543	-0.028665	
4105.030147	-0.036126	
4105.031792	-0.035618	
4105.033432	-0.021398	
4105.035029	-0.022301	
4105.036712	-0.020105	
4105.038308	-0.005229	
4105.039979	-0.011275	
4105.041579	-0.019018	
4105.043245	-0.018700	
4105.044817	-0.010764	
4105.046520	-0.021346	
4105.048074	-0.018027	
4105.049781	-0.005910	
4105.051262	-0.002788	
4105.052904	-0.008782	
4105.054383	-0.000145	
4105.056011	0.008085	
4105.057509	-0.010031	
4105.059084	-0.023155	
4105.060642	-0.019441	
4105.062186	-0.025012	
4105.063778	-0.032170	
4105.065372	-0.028488	
4105.066974	-0.013334	
4105.068522	-0.019553	
4105.070148	-0.016794	
4105.071656	-0.007694	
4105.073336	-0.004266	
4105.074822	-0.012460	
4105.076530	-0.021350	
4105.078021	-0.011767	
4105.079739	-0.018397	
4105.081282	-0.024545	
4105.082996	-0.004516	
4105.084496	0.003569	
4105.086250	-0.003142	
4105.087729	0.002655	
4105.089496	0.009563	
4105.090982	-0.007187	
4105.092782	-0.020279	
4105.094267	-0.014163	
4105.096042	-0.022816	
4105.097524	-0.021805	
4105.099267	-0.017934	
4105.100764	0.001752	
4105.102512	-0.009958	
4105.104032	-0.001245	
4105.105738	0.007001	
4105.107287	-0.001656	
4105.108985	-0.014772	
4105.110535	-0.010429	
4105.112232	-0.014659	
4105.113791	-0.025616	
4105.115489	-0.018027	
4105.117060	-0.013306	
4105.118742	-0.015110	
4105.120331	-0.009064	
4105.121970	0.001696	
4105.123567	0.000717	
4105.125196	-0.014663	
4105.126791	-0.010812	
4105.128396	-0.009990	
4105.130052	-0.017878	
4105.131633	-0.014937	
4105.133306	0.005257	
