time (s)	det(V)
4228.706346	-1.630164	
4228.707914	-1.629983	
4228.709638	-1.630189	
4228.711191	-1.630048	
4228.712894	-1.630180	
4228.714435	-1.630040	
4228.716159	-1.630092	
4228.717671	-1.630056	
4228.719408	-1.630052	
4228.720898	-1.630080	
4228.722674	-1.630064	
4228.724165	-1.630088	
4228.725958	-1.630048	
4228.727439	-1.630104	
4228.729218	-1.630072	
4228.730703	-1.630152	
4228.732476	-1.630003	
4228.733974	-1.630120	
4228.735733	-1.630060	
4228.737243	-1.630152	
4228.738989	-1.630172	
4228.740512	-1.630160	
4228.742244	-1.630120	
4228.743769	-1.630180	
4228.745488	-1.629991	
4228.747033	-1.630128	
4228.748738	-1.630180	
4228.750288	-1.630229	
4228.751979	-1.630116	
4228.753538	-1.630080	
4228.755194	-1.630060	
4228.756783	-1.630144	
4228.758441	-1.630116	
4228.760038	-1.630144	
4228.761675	-1.630096	
4228.763297	-1.630205	
4228.764915	-1.630039	
4228.766559	-1.630128	
4228.768180	-1.630084	
4228.769822	-1.630221	
4228.771418	-1.630052	
4228.773115	-1.630176	
4228.774690	-1.630132	
4228.776367	-1.630265	
4228.777927	-1.630128	
4228.779635	-1.630156	
4228.781120	-1.630164	
4228.782669	-1.630237	
4228.784172	-1.630140	
4228.785788	-1.630148	
4228.787307	-1.630180	
4228.788886	-1.630148	
4228.790438	-1.630172	
4228.791955	-1.630168	
4228.793584	-1.630225	
4228.795077	-1.630148	
4228.796711	-1.630116	
4228.798270	-1.630064	
4228.799944	-1.630088	
4228.801455	-1.630056	
4228.803152	-1.630148	
4228.804638	-1.630076	
4228.806355	-1.630132	
4228.807830	-1.630088	
4228.809558	-1.630100	
4228.811042	-1.630140	
4228.812755	-1.630100	
4228.814237	-1.630072	
4228.816007	-1.630060	
4228.817496	-1.630092	
4228.819271	-1.630044	
4228.820756	-1.630156	
4228.822543	-1.630076	
4228.824029	-1.630164	
4228.825803	-1.630084	
4228.827301	-1.630076	
4228.829054	-1.630076	
4228.830559	-1.630128	
4228.832284	-1.630120	
4228.833802	-1.630011	
4228.835531	-1.630108	
4228.837085	-1.630100	
4228.838791	-1.630023	
4228.840331	-1.630100	
4228.842050	-1.629967	
4228.843607	-1.630019	
4228.845292	-1.629971	
4228.846863	-1.628948	
4228.848529	-1.512703	
4228.850125	-1.350414	
4228.851785	-1.231332	
4228.853375	-1.112497	
4228.855025	-0.975506	
4228.856633	-0.831755	
4228.858254	-0.715466	
4228.859884	-0.578628	
4228.861488	-0.450427	
4228.863153	-0.350464	
4228.864731	-0.258054	
4228.866401	-0.137289	
4228.867970	-0.021801	
4228.869638	0.105562	
4228.871217	0.222919	
4228.872932	0.368289	
4228.874466	0.461130	
4228.876187	0.583817	
4228.877699	0.704795	
4228.879457	0.824654	
4228.880965	0.905091	
4228.882720	1.021050	
4228.884216	1.134605	
4228.885998	1.234189	
4228.887473	1.343115	
4228.889275	1.475248	
4228.890757	1.585410	
4228.892257	1.621427	
4228.893822	1.625210	
4228.895372	1.625202	
4228.896961	1.625178	
4228.898458	1.625146	
4228.900119	1.625222	
4228.901614	1.625109	
4228.903248	1.625202	
4228.904778	1.625149	
4228.906412	1.625178	
4228.907886	1.625250	
4228.909607	1.625146	
4228.911084	1.625174	
4228.912787	1.625157	
4228.914271	1.625133	
4228.915967	1.625182	
4228.917469	1.625166	
4228.919184	1.625162	
4228.920672	1.625145	
4228.922450	1.625162	
4228.923945	1.625226	
4228.925712	1.625226	
4228.927221	1.625182	
4228.928953	1.625206	
4228.930476	1.625174	
4228.932216	1.625194	
4228.933760	1.625133	
4228.935457	1.625149	
4228.937013	1.625170	
4228.938711	1.625214	
4228.940264	1.625170	
4228.941961	1.625178	
4228.943527	1.625053	
4228.945198	1.625298	
4228.946795	1.625097	
4228.948477	1.625294	
4228.950071	1.625117	
4228.951720	1.625291	
4228.953327	1.625194	
4228.954975	1.625303	
4228.956595	1.625117	
4228.958202	1.625278	
4228.959878	1.625129	
4228.961475	1.625266	
4228.963142	1.625141	
4228.964729	1.625218	
4228.966396	1.625158	
4228.967980	1.625162	
4228.969686	1.625178	
4228.971253	1.625242	
4228.972956	1.625234	
4228.974501	1.625282	
4228.976202	1.625125	
4228.977760	1.625242	
4228.979467	1.625113	
4228.980986	1.625210	
4228.982757	1.625125	
4228.984245	1.625182	
4228.986029	1.625206	
4228.987512	1.625178	
4228.989282	1.625230	
4228.990768	1.625242	
4228.992545	1.625242	
4228.994031	1.625145	
4228.995801	1.625266	
4228.997293	1.625170	
4228.999056	1.625186	
4229.000575	1.625033	
4229.002071	1.625129	
4229.003647	1.625157	
4229.005146	1.625158	
4229.006798	1.625145	
4229.008295	1.625049	
4229.009922	1.625290	
4229.011446	1.625109	
4229.013095	1.625077	
4229.014572	1.625190	
4229.016221	1.625178	
4229.017706	1.625234	
4229.019408	1.625141	
4229.020890	1.625190	
4229.022591	1.625234	
4229.024075	1.625117	
4229.025775	1.625210	
4229.027273	1.625089	
4229.028942	1.625186	
4229.030464	1.625109	
4229.032118	1.625242	
4229.033661	1.625166	
4229.035352	1.625218	
4229.036900	1.625174	
4229.038590	1.625198	
4229.040173	1.625178	
4229.041874	1.625286	
4229.043467	1.625117	
4229.045130	1.625315	
4229.046722	1.625137	
4229.048378	1.625145	
4229.049975	1.625073	
4229.051619	1.625258	
4229.053248	1.625162	
4229.054858	1.625170	
4229.056510	1.625157	
4229.058103	1.625206	
4229.059773	1.625069	
4229.061357	1.625222	
4229.063030	1.625226	
4229.064605	1.625222	
4229.066315	1.625137	
4229.067867	1.625206	
4229.069576	1.625190	
4229.071126	1.625194	
4229.072829	1.625137	
4229.074350	1.625206	
4229.076080	1.625226	
4229.077573	1.625194	
4229.079323	1.625133	
4229.080816	1.625117	
4229.082589	1.625089	
4229.084073	1.625178	
4229.085848	1.625210	
4229.087337	1.625210	
4229.089074	1.625170	
4229.090575	1.625174	
4229.092322	1.625234	
4229.093835	1.625113	
4229.095575	1.625262	
4229.097101	1.625137	
4229.098825	1.625230	
4229.100359	1.625113	
4229.102086	1.625210	
4229.103633	1.625190	
4229.105325	1.625165	
4229.106888	1.625153	
4229.108554	1.625202	
4229.110172	1.625101	
4229.111667	1.625085	
4229.113304	1.625174	
4229.114826	1.625141	
4229.116474	1.625097	
4229.117970	1.625073	
4229.119602	1.625013	
4229.121093	1.623957	
4229.122721	1.615022	
4229.124201	1.575001	
4229.125847	1.528563	
4229.127324	1.528240	
4229.129022	1.494704	
4229.130525	1.459465	
4229.132183	1.420354	
4229.133712	1.398782	
4229.135358	1.362821	
4229.136943	1.340710	
4229.138529	1.332951	
4229.140132	1.316842	
4229.141705	1.283923	
4229.143341	1.265042	
4229.144990	1.248880	
4229.146590	1.226889	
4229.148209	1.185789	
4229.149839	1.170988	
4229.151432	1.140317	
4229.153128	1.133698	
4229.154713	1.107784	
4229.156400	1.108723	
4229.157981	1.091751	
4229.159663	1.071030	
4229.161242	1.060218	
4229.162938	1.042606	
4229.164504	1.020700	
4229.166200	0.995434	
4229.167738	0.982999	
4229.169452	0.959566	
4229.170980	0.941418	
4229.172740	0.938462	
4229.174236	0.938123	
4229.175995	0.914183	
4229.177486	0.916451	
4229.179273	0.891193	
4229.180749	0.878657	
4229.182548	0.854028	
4229.184028	0.849122	
4229.185776	0.825898	
4229.187273	0.828082	
4229.189038	0.832864	
4229.190554	0.837161	
4229.192308	0.810172	
4229.193820	0.828041	
4229.195545	0.820976	
4229.197071	0.804802	
4229.198773	0.774529	
4229.200313	0.783234	
4229.201997	0.754722	
4229.203562	0.747447	
4229.205255	0.750645	
4229.206837	0.768853	
4229.208510	0.766005	
4229.210091	0.768237	
4229.211747	0.764535	
4229.213339	0.750754	
4229.214971	0.738500	
4229.216591	0.742363	
4229.218214	0.726745	
4229.219872	0.708344	
4229.221363	0.715708	
4229.222950	0.713585	
4229.224450	0.718665	
4229.226084	0.697999	
4229.227573	0.697758	
4229.229207	0.689016	
4229.230708	0.655863	
4229.232316	0.634952	
4229.233862	0.621763	
4229.235431	0.581778	
4229.236998	0.560726	
4229.238632	0.545004	
4229.240197	0.543227	
4229.241801	0.513539	
4229.243403	0.510570	
4229.244959	0.482657	
4229.246569	0.438600	
4229.248096	0.404028	
4229.249772	0.386256	
4229.251247	0.360265	
4229.252978	0.324195	
4229.254534	0.307027	
4229.256252	0.292867	
4229.257819	0.262925	
4229.259492	0.236350	
4229.261050	0.222267	
4229.262771	0.193851	
4229.264279	0.153374	
4229.266034	0.121244	
4229.267518	0.108068	
4229.269300	0.073227	
4229.270787	0.051075	
4229.272568	0.041971	
4229.274054	0.045415	
4229.275839	0.011408	
4229.277317	-0.002941	
4229.279085	-0.017165	
4229.280581	-0.042535	
4229.282326	-0.068542	
4229.283833	-0.074741	
4229.285564	-0.096337	
4229.287087	-0.106186	
4229.288807	-0.103383	
4229.290349	-0.096309	
4229.292076	-0.103125	
4229.293622	-0.100442	
4229.295298	-0.100212	
4229.296851	-0.113047	
4229.298514	-0.120737	
4229.300092	-0.109332	
4229.301747	-0.115737	
4229.303344	-0.108825	
4229.304965	-0.094508	
4229.306586	-0.072191	
4229.308225	-0.060344	
4229.309851	-0.039582	
4229.311492	-0.022486	
4229.313178	-0.008725	
4229.314767	-0.004141	
4229.316451	0.018530	
4229.318029	0.037609	
4229.319710	0.055627	
4229.321301	0.078133	
4229.322979	0.109107	
4229.324557	0.143618	
4229.326260	0.161286	
4229.327796	0.193968	
4229.329515	0.213703	
4229.330998	0.236261	
4229.332571	0.243702	
4229.334071	0.275142	
4229.335702	0.294515	
4229.337209	0.302092	
4229.338772	0.331777	
4229.340334	0.371512	
4229.341833	0.381893	
4229.343490	0.398735	
4229.344985	0.411340	
4229.346614	0.419759	
4229.348159	0.407964	
4229.349834	0.428295	
4229.351305	0.433866	
4229.353008	0.439623	
4229.354487	0.453625	
4229.356201	0.474943	
4229.357688	0.476397	
4229.359398	0.478641	
4229.360904	0.482883	
4229.362622	0.473751	
4229.364106	0.464300	
4229.365900	0.444650	
4229.367379	0.456872	
4229.369143	0.430273	
4229.370631	0.424045	
4229.372401	0.423433	
4229.373914	0.418075	
4229.375685	0.404004	
4229.377190	0.406699	
4229.378927	0.393611	
4229.380450	0.364023	
4229.382188	0.342222	
4229.383712	0.334810	
4229.385405	0.308984	
4229.386949	0.291791	
4229.388649	0.286482	
4229.390224	0.293379	
4229.391909	0.259855	
4229.393481	0.248962	
4229.395152	0.241252	
4229.396739	0.222267	
4229.398406	0.188888	
4229.400014	0.183345	
4229.401665	0.160863	
4229.403279	0.139549	
4229.404918	0.135344	
4229.406514	0.134377	
4229.408114	0.124576	
4229.409753	0.120056	
4229.411356	0.106815	
4229.413050	0.095564	
4229.414618	0.080264	
4229.416321	0.076732	
4229.417889	0.056900	
4229.419587	0.051571	
4229.421149	0.051136	
4229.422845	0.062830	
4229.424394	0.077606	
4229.426104	0.055470	
4229.427628	0.067342	
4229.429377	0.062004	
4229.430864	0.052727	
4229.432651	0.050362	
4229.434133	0.054656	
4229.435923	0.055361	
4229.437416	0.057234	
4229.439200	0.072808	
4229.440710	0.092120	
4229.442208	0.084530	
4229.443783	0.103133	
4229.445333	0.109313	
4229.446920	0.115560	
4229.448427	0.113043	
4229.450080	0.128387	
4229.451578	0.124076	
4229.453221	0.131654	
4229.454749	0.145004	
4229.456397	0.172247	
4229.457873	0.184602	
4229.459609	0.194777	
4229.461091	0.211592	
4229.462797	0.220817	
4229.464285	0.212136	
4229.465977	0.216752	
4229.467462	0.240447	
4229.469180	0.234166	
4229.470677	0.243621	
4229.472470	0.264790	
4229.473949	0.281411	
4229.475729	0.287546	
4229.477225	0.307510	
4229.478970	0.293814	
4229.480483	0.291344	
4229.482214	0.293878	
4229.483740	0.309166	
4229.485478	0.301174	
4229.487005	0.297270	
4229.488710	0.319961	
4229.490260	0.335064	
4229.491946	0.326201	
4229.493511	0.341859	
4229.495195	0.337944	
4229.496767	0.346464	
4229.498427	0.329392	
4229.500025	0.343866	
4229.501678	0.328147	
4229.503262	0.317673	
4229.504899	0.323349	
4229.506501	0.336043	
4229.508124	0.332369	
4229.509806	0.336385	
4229.511400	0.347616	
4229.513074	0.334818	
4229.514671	0.315937	
4229.516323	0.310350	
4229.517913	0.303204	
4229.519606	0.303550	
4229.521186	0.297818	
4229.522900	0.312570	
4229.524442	0.299707	
4229.526150	0.294362	
4229.527702	0.302193	
4229.529417	0.289419	
4229.530930	0.269402	
4229.532682	0.262203	
4229.534177	0.265478	
4229.535975	0.243597	
4229.537455	0.232007	
4229.539238	0.247693	
4229.540728	0.250811	
4229.542517	0.231073	
4229.544003	0.245534	
4229.545788	0.238199	
4229.547277	0.212853	
4229.549070	0.198250	
4229.550559	0.206226	
4229.552153	0.190802	
4229.553681	0.180336	
4229.555225	0.174152	
4229.556841	0.193774	
4229.558334	0.184920	
4229.559978	0.186326	
4229.561507	0.188280	
4229.563175	0.184546	
4229.564661	0.160102	
4229.566377	0.156331	
4229.567851	0.155840	
4229.569586	0.150780	
4229.571059	0.148162	
4229.572763	0.162289	
4229.574245	0.170970	
4229.575959	0.169754	
4229.577459	0.183756	
4229.579171	0.180940	
4229.580653	0.162507	
4229.582438	0.162962	
4229.583916	0.171026	
4229.585662	0.158265	
4229.587169	0.155070	
4229.588889	0.173439	
4229.590410	0.190125	
4229.592157	0.189545	
4229.593691	0.201037	
4229.595397	0.205924	
4229.596940	0.199910	
4229.598634	0.192119	
4229.600194	0.200643	
4229.601874	0.185504	
4229.603442	0.198496	
4229.605117	0.210492	
4229.606703	0.227274	
4229.608356	0.222371	
4229.609953	0.239250	
4229.611585	0.234263	
4229.613199	0.233884	
4229.614830	0.228201	
4229.616510	0.235963	
4229.618100	0.232918	
4229.619763	0.223604	
4229.621351	0.231826	
4229.623030	0.253998	
4229.624617	0.251206	
4229.626279	0.250316	
4229.627856	0.258361	
4229.629577	0.252850	
4229.631127	0.242324	
4229.632843	0.239210	
4229.634394	0.240982	
4229.636113	0.233514	
4229.637649	0.231629	
4229.639381	0.247810	
4229.640904	0.252399	
4229.642661	0.241687	
4229.644146	0.252358	
4229.645934	0.240201	
4229.647416	0.225328	
4229.649191	0.212913	
4229.650671	0.217840	
4229.652437	0.202298	
4229.653923	0.197271	
4229.655669	0.207427	
4229.657209	0.213255	
4229.658702	0.199595	
4229.660271	0.212921	
4229.661773	0.207588	
4229.663433	0.188880	
4229.664930	0.160899	
4229.666565	0.167276	
4229.668086	0.156738	
4229.669719	0.147856	
4229.671213	0.152371	
4229.672880	0.152170	
4229.674352	0.160319	
4229.676065	0.152839	
4229.677549	0.156661	
4229.679256	0.155626	
4229.680740	0.135936	
4229.682464	0.125253	
4229.683945	0.124524	
4229.685658	0.111782	
4229.687162	0.116427	
4229.688925	0.116737	
4229.690452	0.130248	
4229.692185	0.113490	
4229.693706	0.116072	
4229.695421	0.121188	
4229.696959	0.124963	
4229.698668	0.098948	
4229.700220	0.104930	
4229.701924	0.086939	
4229.703487	0.092627	
4229.705163	0.105175	
4229.706745	0.122070	
4229.708421	0.102029	
4229.710006	0.118534	
4229.711657	0.120689	
4229.713263	0.114469	
4229.714895	0.102577	
4229.716527	0.108447	
4229.718135	0.095866	
4229.719801	0.093159	
4229.721393	0.097405	
4229.723060	0.113232	
4229.724669	0.113635	
4229.726352	0.118944	
4229.727916	0.127049	
4229.729596	0.118795	
4229.731158	0.112696	
4229.732849	0.110948	
4229.734419	0.103339	
4229.736113	0.102323	
4229.737671	0.113361	
4229.739402	0.127863	
4229.740912	0.131203	
4229.742675	0.125829	
4229.744163	0.140762	
4229.745958	0.138816	
4229.747440	0.126308	
4229.749186	0.110674	
4229.750676	0.124479	
4229.752448	0.108660	
4229.753927	0.114187	
4229.755677	0.131182	
4229.757175	0.142014	
4229.758918	0.131070	
4229.760433	0.138482	
4229.762162	0.141185	
4229.763690	0.131609	
4229.765412	0.118719	
4229.766940	0.131948	
4229.768455	0.124274	
4229.770098	0.117941	
4229.771595	0.119432	
4229.773232	0.130514	
4229.774763	0.127033	
4229.776411	0.117982	
4229.777904	0.135767	
4229.779551	0.134075	
4229.781035	0.115830	
4229.782765	0.099649	
4229.784251	0.118223	
4229.785964	0.105522	
4229.787443	0.108032	
4229.789149	0.126502	
4229.790624	0.133547	
4229.792321	0.124540	
4229.793821	0.136343	
4229.795492	0.139892	
4229.797027	0.128226	
4229.798754	0.113107	
4229.800302	0.130228	
4229.802026	0.120584	
4229.803567	0.113961	
4229.805262	0.123952	
4229.806823	0.138151	
4229.808511	0.134095	
4229.810094	0.146502	
4229.811765	0.145692	
4229.813349	0.142369	
4229.815016	0.126751	
4229.816599	0.139428	
4229.818263	0.122884	
4229.819879	0.121240	
4229.821503	0.124012	
4229.823140	0.145394	
4229.824737	0.136576	
4229.826398	0.147602	
4229.827986	0.151944	
4229.829685	0.152134	
4229.831272	0.141898	
4229.832940	0.134260	
4229.834516	0.141704	
4229.836215	0.123750	
4229.837751	0.125950	
4229.839459	0.143489	
4229.840992	0.148617	
4229.842712	0.146599	
4229.844225	0.154132	
4229.845978	0.146538	
4229.847467	0.136919	
4229.849262	0.128121	
4229.850749	0.141104	
4229.852513	0.125728	
4229.854001	0.119017	
4229.855793	0.131996	
4229.857275	0.147928	
4229.859021	0.138252	
4229.860524	0.146675	
4229.862278	0.140713	
4229.863783	0.128898	
4229.865535	0.113220	
4229.867052	0.127094	
4229.868792	0.104753	
4229.870322	0.108011	
4229.872044	0.115327	
4229.873598	0.127823	
4229.875124	0.114594	
4229.876721	0.123875	
4229.878211	0.125652	
4229.879847	0.112334	
4229.881373	0.109663	
4229.883018	0.104414	
4229.884501	0.105530	
4229.886137	0.096998	
4229.887622	0.095411	
4229.889263	0.108015	
4229.890757	0.119250	
4229.892461	0.104740	
4229.893964	0.117152	
4229.895679	0.115996	
4229.897169	0.105143	
4229.898847	0.085703	
4229.900364	0.100591	
4229.902008	0.082226	
4229.903554	0.085316	
4229.905164	0.093558	
4229.906752	0.108342	
4229.908432	0.098654	
4229.910027	0.110304	
4229.911692	0.116286	
4229.913280	0.105385	
4229.914934	0.095242	
4229.916540	0.098323	
4229.918174	0.086516	
4229.919800	0.085018	
4229.921409	0.092700	
4229.923070	0.104575	
4229.924655	0.102380	
4229.926340	0.104732	
4229.927920	0.111718	
4229.929586	0.109196	
4229.931171	0.095117	
4229.932888	0.098412	
4229.934441	0.091088	
4229.936143	0.079922	
4229.937689	0.081892	
4229.939406	0.100732	
4229.940941	0.107931	
4229.942646	0.108108	
4229.944140	0.111077	
4229.945921	0.108318	
4229.947403	0.093651	
4229.949178	0.082162	
4229.950658	0.090142	
4229.952453	0.082403	
4229.953932	0.081602	
4229.955730	0.089727	
4229.957214	0.091757	
4229.958981	0.084538	
4229.960483	0.100527	
4229.962238	0.100313	
4229.963754	0.078709	
4229.965470	0.068389	
4229.966993	0.070032	
4229.968712	0.055124	
4229.970258	0.051474	
4229.971967	0.062810	
4229.973540	0.075628	
4229.975229	0.058076	
4229.976797	0.068292	
4229.978466	0.070133	
4229.980041	0.063740	
4229.981712	0.039099	
4229.983329	0.038209	
4229.984823	0.031917	
4229.986468	0.029830	
4229.987989	0.025125	
4229.989639	0.041439	
4229.991121	0.035063	
4229.992760	0.026305	
4229.994239	0.037971	
4229.995878	0.042700	
4229.997371	0.026184	
4229.998977	0.001543	
4230.000493	0.022124	
4230.002160	0.011070	
4230.003690	0.005644	
4230.005328	0.018623	
4230.006879	0.028287	
4230.008497	0.024496	
4230.010079	0.031683	
4230.011668	0.029338	
4230.013256	0.023296	
4230.014894	0.011481	
4230.016514	0.010361	
4230.018133	0.001547	
4230.019773	-0.000741	
4230.021367	0.004133	
4230.023032	0.023578	
4230.024622	0.033185	
4230.026292	0.036964	
4230.027867	0.044271	
4230.029561	0.042060	
4230.031117	0.034378	
4230.032832	0.032480	
4230.034383	0.033258	
4230.036107	0.031022	
4230.037666	0.021890	
4230.039379	0.055438	
4230.040917	0.056103	
4230.042667	0.061025	
4230.044153	0.069456	
4230.045910	0.074701	
4230.047393	0.061561	
4230.049195	0.052787	
4230.050676	0.065521	
4230.052453	0.057670	
4230.053936	0.051393	
4230.055716	0.068659	
4230.057210	0.084164	
4230.058972	0.074310	
4230.060472	0.088760	
4230.062207	0.092087	
4230.063727	0.082238	
4230.065448	0.075398	
4230.066978	0.083068	
4230.068688	0.068623	
4230.070237	0.062999	
4230.071938	0.072518	
4230.073491	0.083153	
4230.075182	0.075837	
4230.076742	0.089268	
4230.078404	0.092112	
4230.079982	0.079567	
4230.081635	0.054834	
4230.083234	0.072550	
4230.084864	0.062967	
4230.086486	0.056908	
4230.088111	0.060453	
4230.089755	0.073348	
4230.091369	0.064916	
4230.093022	0.072212	
4230.094502	0.078282	
4230.096153	0.061380	
4230.097629	0.044130	
4230.099286	0.040199	
4230.100771	0.048489	
4230.102407	0.032521	
4230.103887	0.026494	
4230.105472	0.028484	
4230.107014	0.041971	
4230.108575	0.031663	
4230.110154	0.044799	
4230.111753	0.046684	
4230.113348	0.034700	
4230.114901	0.013866	
4230.116512	0.018893	
4230.118039	0.001297	
4230.119742	-0.001414	
4230.121223	0.002369	
4230.122942	0.017620	
4230.124519	0.018700	
4230.126200	0.015586	
4230.127777	0.023489	
4230.129491	0.023284	
4230.131040	0.010486	
4230.132742	0.004061	
4230.134283	0.008689	
4230.136013	0.004999	
4230.137519	0.004991	
4230.139251	0.019936	
4230.140747	0.031687	
4230.142517	0.028476	
4230.144006	0.046632	
4230.145795	0.039095	
4230.147282	0.024605	
4230.149050	0.016214	
4230.150535	0.031083	
4230.152285	0.024674	
4230.153797	0.030555	
4230.155550	0.036501	
4230.157061	0.046447	
4230.158773	0.042471	
4230.160298	0.064526	
4230.162007	0.062906	
4230.163550	0.049706	
4230.165255	0.041524	
4230.166811	0.048388	
4230.168485	0.035623	
4230.170057	0.039756	
4230.171721	0.039385	
4230.173300	0.063269	
4230.174956	0.053984	
4230.176551	0.055571	
4230.178186	0.065045	
4230.179795	0.060042	
4230.181407	0.042845	
4230.183070	0.055655	
4230.184667	0.048251	
4230.186317	0.035071	
4230.187903	0.040565	
4230.189574	0.059196	
4230.191157	0.064707	
4230.192857	0.054664	
4230.194406	0.072087	
4230.196108	0.067229	
4230.197662	0.046765	
4230.199376	0.043393	
4230.200871	0.051124	
4230.202428	0.035449	
4230.203943	0.031510	
4230.205530	0.044650	
4230.207070	0.055031	
4230.208627	0.048767	
4230.210215	0.071503	
4230.211709	0.059285	
4230.213372	0.047635	
4230.214861	0.033894	
4230.216516	0.044255	
4230.218033	0.030785	
4230.219715	0.027240	
4230.221208	0.035602	
4230.222915	0.048622	
4230.224401	0.051043	
4230.226129	0.048634	
4230.227607	0.045903	
4230.229323	0.050024	
4230.230808	0.033584	
4230.232514	0.030011	
4230.234001	0.036678	
4230.235782	0.019908	
4230.237261	0.019360	
4230.239043	0.033443	
4230.240532	0.045706	
4230.242307	0.029310	
4230.243797	0.053839	
4230.245551	0.046036	
4230.247068	0.036533	
4230.248807	0.018607	
4230.250336	0.037713	
4230.252056	0.020859	
4230.253600	0.017834	
4230.255325	0.017741	
4230.256872	0.043272	
4230.258561	0.036376	
4230.260110	0.044352	
4230.261784	0.051136	
4230.263346	0.037306	
4230.264998	0.023755	
4230.266591	0.034478	
4230.268229	0.022188	
4230.269848	0.014425	
4230.271473	0.023445	
4230.273096	0.038745	
4230.274726	0.042672	
4230.276412	0.042801	
4230.278008	0.045190	
4230.279699	0.039711	
4230.281295	0.026595	
4230.282977	0.026784	
4230.284562	0.028142	
4230.286232	0.017680	
4230.287809	0.009596	
4230.289518	0.039071	
4230.291060	0.041750	
4230.292763	0.045794	
4230.294311	0.042020	
4230.296031	0.036952	
4230.297550	0.015755	
4230.299297	0.018671	
4230.300808	0.030990	
4230.302559	0.016045	
4230.304038	0.017934	
4230.305835	0.036722	
4230.307313	0.045319	
4230.309095	0.027477	
4230.310611	0.056308	
4230.312094	0.044912	
4230.313682	0.034462	
4230.315226	0.018043	
4230.316822	0.030853	
4230.318308	0.020400	
4230.319971	0.008903	
4230.321459	0.022567	
4230.323116	0.040178	
4230.324612	0.040082	
4230.326322	0.043143	
4230.327796	0.046934	
4230.329494	0.037685	
4230.330974	0.023820	
4230.332685	0.032146	
4230.334191	0.033782	
4230.335908	0.018522	
4230.337399	0.026603	
4230.339110	0.031344	
4230.340593	0.033939	
4230.342367	0.025959	
4230.343852	0.040730	
4230.345624	0.039804	
4230.347123	0.028327	
4230.348887	0.013910	
4230.350401	0.024726	
4230.352131	0.021854	
4230.353663	0.011022	
4230.355388	0.013233	
4230.356918	0.031312	
4230.358630	0.031429	
4230.360181	0.041733	
4230.361888	0.041335	
4230.363457	0.027626	
4230.365130	0.019356	
4230.366696	0.032831	
4230.368356	0.017173	
4230.369944	0.008903	
4230.371597	0.017833	
4230.373192	0.031018	
4230.374813	0.038382	
4230.376434	0.036404	
4230.378041	0.037822	
4230.379705	0.032219	
4230.381303	0.020891	
4230.382958	0.029814	
4230.384555	0.014035	
4230.386254	0.006965	
4230.387812	0.008762	
4230.389509	0.032356	
4230.391065	0.025387	
4230.392769	0.031824	
4230.394333	0.038829	
4230.396032	0.039163	
4230.397582	0.026712	
4230.399297	0.013733	
4230.400799	0.024947	
4230.402558	0.020251	
4230.404045	0.024468	
4230.405839	0.027324	
4230.407324	0.037995	
4230.409113	0.025149	
4230.410604	0.049162	
4230.412391	0.046185	
4230.413868	0.038458	
4230.415646	0.022144	
4230.417134	0.032936	
4230.418893	0.018486	
4230.420407	0.017294	
4230.421967	0.026712	
4230.423524	0.034080	
4230.425014	0.029145	
4230.426679	0.044654	
4230.428176	0.042551	
4230.429822	0.028154	
4230.431342	0.023699	
4230.432992	0.018168	
4230.434472	0.020263	
4230.436110	0.008919	
4230.437587	0.012448	
4230.439302	0.022579	
4230.440787	0.037415	
4230.442495	0.022220	
4230.443986	0.036320	
4230.445711	0.033475	
4230.447188	0.023525	
4230.448877	0.012371	
4230.450390	0.015332	
4230.452112	0.001950	
4230.453633	0.009543	
4230.455338	0.015453	
4230.456882	0.027634	
4230.458573	0.019836	
4230.460131	0.035373	
4230.461820	0.027932	
4230.463392	0.020585	
4230.465076	0.003009	
4230.466652	0.015558	
4230.468309	0.001877	
4230.469913	-0.018518	
4230.471546	-0.005213	
4230.473165	0.014055	
4230.474784	0.004814	
4230.476418	0.012323	
4230.478036	0.019485	
4230.479710	0.011843	
4230.481310	-0.008387	
4230.482974	-0.001285	
4230.484544	-0.008528	
4230.486228	-0.011751	
4230.487774	-0.015722	
4230.489465	0.008927	
4230.491017	0.008202	
4230.492686	0.006039	
4230.494228	0.016931	
4230.495938	0.018200	
4230.497436	0.001136	
4230.499213	-0.007456	
4230.500700	0.004584	
4230.502473	-0.011485	
4230.503964	-0.015295	
4230.505728	0.002949	
4230.507212	0.014591	
4230.508984	0.006216	
4230.510484	0.015771	
4230.512252	0.017688	
4230.513749	0.006143	
4230.515482	-0.007275	
4230.517002	0.005052	
4230.518739	-0.009100	
4230.520262	-0.009607	
4230.521963	0.004512	
4230.523516	0.016428	
4230.525217	0.010562	
4230.526793	0.016947	
4230.528295	0.024617	
4230.529956	0.021967	
4230.531455	0.005108	
4230.533079	0.004391	
4230.534603	0.000085	
4230.536233	-0.005930	
4230.537724	-0.010361	
4230.539363	0.005366	
4230.540852	0.020255	
4230.542498	0.009451	
4230.543982	0.023707	
4230.545691	0.020806	
4230.547171	0.005922	
4230.548863	-0.004487	
4230.550380	0.009144	
4230.552030	-0.003170	
4230.553571	-0.009889	
4230.555167	0.003493	
4230.556739	0.019352	
4230.558409	0.008560	
4230.559997	0.017181	
4230.561648	0.020597	
4230.563240	0.015372	
4230.564883	0.000411	
4230.566488	0.002341	
4230.568120	-0.010792	
4230.569760	-0.005603	
4230.571365	0.003549	
4230.573045	0.010780	
4230.574646	0.008746	
4230.576285	0.009922	
4230.577876	0.017326	
4230.579544	0.013221	
4230.581126	0.001229	
4230.582823	0.000878	
4230.584380	0.002993	
4230.586096	-0.009257	
4230.587645	-0.010836	
4230.589336	0.004911	
4230.590885	0.010941	
4230.592605	0.008593	
4230.594107	0.018357	
4230.595885	0.010518	
4230.597365	0.003054	
4230.599126	-0.006594	
4230.600614	0.002260	
4230.602377	-0.010546	
4230.603860	-0.014260	
4230.605608	-0.004443	
4230.607118	0.014393	
4230.608883	0.005011	
4230.610387	0.010744	
4230.612123	0.015445	
4230.613640	0.001656	
4230.615368	-0.009841	
4230.616903	0.000923	
4230.618596	-0.013712	
4230.620151	-0.013527	
4230.621831	-0.006220	
4230.623402	0.014071	
4230.625089	0.003589	
4230.626659	0.010860	
4230.628328	0.015932	
4230.629907	0.009773	
4230.631550	-0.004117	
4230.633164	-0.000947	
4230.634780	-0.007062	
4230.636401	-0.015179	
4230.637918	-0.007190	
4230.639547	0.009007	
4230.641029	0.014643	
4230.642672	0.014051	
4230.644163	0.018248	
4230.645797	0.019409	
4230.647297	0.003883	
4230.648906	-0.008125	
4230.650427	0.006087	
4230.652000	-0.010868	
4230.653546	-0.014812	
4230.655174	-0.000874	
4230.656729	0.016113	
4230.658336	0.007839	
4230.659934	0.017374	
4230.661497	0.018591	
4230.663098	0.017370	
4230.664607	-0.004628	
4230.666313	0.007094	
4230.667892	-0.002908	
4230.669574	-0.014272	
4230.671139	-0.003992	
4230.672831	0.011590	
4230.674415	0.012536	
4230.676085	0.010893	
4230.677635	0.021886	
4230.679364	0.033065	
4230.680904	0.011404	
4230.682629	-0.012387	
4230.684133	0.001088	
4230.685901	-0.007082	
4230.687385	-0.007634	
4230.689138	0.004943	
4230.690622	0.013249	
4230.692398	0.002997	
4230.693891	0.017975	
4230.695681	0.014107	
4230.697165	0.005015	
4230.698909	-0.012721	
4230.700405	-0.000016	
4230.702140	-0.016037	
4230.703660	-0.018151	
4230.705396	-0.006683	
4230.706928	0.006127	
4230.708648	-0.005217	
4230.710191	0.011360	
4230.711912	0.007469	
4230.713461	-0.004238	
4230.715153	-0.015771	
4230.716730	-0.005813	
4230.718402	-0.019384	
4230.719977	-0.023396	
4230.721616	-0.015162	
4230.723218	0.002365	
4230.724859	-0.008564	
4230.726454	0.001430	
4230.728090	0.009640	
4230.729727	0.005672	
4230.731337	-0.009869	
4230.732999	-0.009281	
4230.734581	-0.010196	
4230.736266	-0.022180	
4230.737865	-0.015303	
4230.739536	0.001418	
4230.741115	0.001676	
4230.742813	0.000818	
4230.744296	0.011110	
4230.745889	0.004862	
4230.747391	-0.006187	
4230.749030	-0.012125	
4230.750509	-0.001712	
4230.752105	-0.018051	
4230.753629	-0.015046	
4230.755177	-0.007895	
4230.756773	0.015549	
4230.758271	0.005229	
4230.759923	0.013036	
4230.761493	0.015610	
4230.763111	0.006679	
4230.764624	-0.005337	
4230.766309	-0.000185	
4230.767785	-0.003565	
4230.769505	-0.011412	
4230.770985	-0.011134	
4230.772702	0.004580	
4230.774182	0.009652	
4230.775901	0.006832	
4230.777402	0.009865	
4230.779185	0.017616	
4230.780667	-0.003476	
4230.782458	-0.009918	
4230.783942	0.001946	
4230.785706	-0.012617	
4230.787186	-0.011811	
4230.788938	-0.002699	
4230.790433	0.009539	
4230.792150	0.004427	
4230.793665	0.010719	
4230.795418	0.015509	
4230.796945	0.003843	
4230.798658	-0.014131	
4230.800197	0.001160	
4230.801914	-0.016331	
4230.803464	-0.018244	
4230.805149	-0.005841	
4230.806717	0.006554	
4230.808395	-0.002522	
4230.809973	0.004202	
4230.811630	0.007013	
4230.813219	0.003662	
4230.814854	-0.013511	
4230.816465	-0.008504	
4230.818076	-0.016633	
4230.819709	-0.023670	
4230.821327	-0.015142	
4230.822980	-0.002707	
4230.824578	-0.001571	
4230.826245	-0.001478	
4230.827834	0.008536	
4230.829515	0.000971	
4230.831062	-0.012306	
4230.832764	-0.012786	
4230.834308	-0.011428	
4230.836017	-0.025249	
4230.837572	-0.017281	
4230.839290	-0.005023	
4230.840821	0.006699	
4230.842553	-0.004987	
4230.844037	0.006018	
4230.845806	0.007432	
4230.847291	-0.006179	
4230.849071	-0.010780	
4230.850555	-0.007001	
4230.852308	-0.021281	
4230.853795	-0.018756	
4230.855369	-0.004403	
4230.856915	0.008790	
4230.858441	-0.000669	
4230.860058	0.006224	
4230.861545	0.014957	
4230.863188	0.007747	
4230.864714	-0.009072	
4230.866344	0.001962	
4230.867822	-0.004346	
4230.869526	-0.013886	
4230.871018	-0.011336	
4230.872735	0.007493	
4230.874216	0.013435	
4230.875952	0.003473	
4230.877439	0.010719	
4230.879146	0.015425	
4230.880630	0.001120	
4230.882330	-0.012355	
4230.883821	0.001660	
4230.885592	-0.015485	
4230.887086	-0.012202	
4230.888847	-0.000487	
4230.890358	0.010212	
4230.892092	0.000943	
4230.893610	0.011610	
4230.895332	0.014526	
4230.896865	0.002397	
4230.898565	-0.016194	
4230.900111	-0.000737	
4230.901811	-0.013978	
4230.903389	-0.014655	
4230.905071	-0.012008	
4230.906632	0.007001	
4230.908295	-0.001124	
4230.909884	0.008294	
4230.911533	0.007469	
4230.913138	-0.000415	
4230.914742	-0.019521	
4230.916362	-0.009974	
4230.917956	-0.013845	
4230.919641	-0.019183	
4230.921247	-0.016121	
4230.922912	0.001394	
4230.924508	0.001708	
4230.926181	0.001567	
4230.927746	0.008439	
4230.929437	0.006433	
4230.930975	-0.008616	
4230.932685	-0.018143	
4230.934222	-0.010006	
4230.935941	-0.022554	
4230.937454	-0.020516	
4230.939209	-0.005357	
4230.940699	-0.004278	
4230.942482	-0.001788	
4230.943958	0.007461	
4230.945746	0.004588	
4230.947229	-0.007706	
4230.948993	-0.019557	
4230.950474	-0.010482	
4230.952205	-0.020057	
4230.953720	-0.021100	
4230.955463	-0.012395	
4230.956978	0.000951	
4230.958716	-0.007299	
4230.960235	0.002461	
4230.961747	0.005740	
4230.963350	-0.000572	
4230.964845	-0.016605	
4230.966469	-0.008564	
4230.968002	-0.013648	
4230.969638	-0.020226	
4230.971125	-0.019714	
4230.972768	0.000081	
4230.974242	0.009998	
4230.975875	-0.003956	
4230.977355	0.011988	
4230.979068	0.008403	
4230.980546	-0.000475	
4230.982242	-0.015195	
4230.983734	-0.001269	
4230.985415	-0.016830	
4230.986946	-0.020137	
4230.988584	-0.007517	
4230.990143	0.006997	
4230.991760	0.004319	
4230.993328	0.008915	
4230.994988	0.012182	
4230.996572	0.007046	
4230.998249	-0.014224	
4230.999847	-0.001071	
4231.001476	-0.013249	
4231.003093	-0.020722	
4231.004703	-0.014470	
4231.006345	-0.002421	
4231.007941	0.000806	
4231.009597	0.002131	
4231.011201	0.008955	
4231.012873	0.004375	
4231.014436	-0.011082	
4231.016134	-0.011469	
4231.017696	-0.005648	
4231.019414	-0.018603	
4231.020977	-0.019457	
4231.022654	-0.002924	
4231.024191	0.005438	
4231.025901	-0.002932	
4231.027403	0.008230	
4231.029151	0.007436	
4231.030635	-0.004814	
4231.032423	-0.014687	
4231.033903	-0.006796	
4231.035680	-0.019308	
4231.037160	-0.018115	
4231.038916	-0.003549	
4231.040419	0.005793	
4231.042191	-0.000354	
4231.043702	0.008862	
4231.045431	0.008419	
4231.046945	-0.006578	
4231.048660	-0.019610	
4231.050194	-0.003976	
4231.051902	-0.020564	
4231.053438	-0.021878	
4231.055134	-0.011803	
4231.056710	0.000238	
4231.058399	-0.003287	
4231.059973	0.009016	
4231.061637	0.005886	
4231.063230	0.000040	
4231.064878	-0.014304	
4231.066485	-0.009172	
4231.068007	-0.016649	
4231.069646	-0.020971	
4231.071127	-0.016178	
4231.072788	0.001648	
4231.074264	-0.000258	
4231.075898	0.000334	
4231.077383	0.006377	
4231.079026	0.008355	
4231.080532	0.000395	
4231.082120	-0.017612	
4231.083643	-0.009434	
4231.085289	-0.015380	
4231.086831	-0.018574	
4231.088454	-0.006155	
4231.090021	0.006490	
4231.091621	0.002341	
4231.093217	0.006474	
4231.094780	0.011505	
4231.096394	0.003883	
4231.097908	-0.013322	
4231.099616	-0.009575	
4231.101201	-0.009869	
4231.102890	-0.018482	
4231.104464	-0.008254	
4231.106141	0.007823	
4231.107707	0.009684	
4231.109383	0.004931	
4231.110938	0.014192	
4231.112661	0.012979	
4231.114201	-0.004963	
4231.115916	-0.006369	
4231.117412	-0.003525	
4231.119179	-0.015968	
4231.120659	-0.015489	
4231.122406	0.003448	
4231.123896	0.011517	
4231.125694	0.001837	
4231.127177	0.014462	
4231.128976	0.012294	
4231.130456	-0.002421	
4231.132199	-0.016552	
4231.133695	-0.010095	
4231.135424	-0.020939	
4231.136939	-0.020548	
4231.138670	-0.009132	
4231.140215	0.000379	
4231.141922	-0.003194	
4231.143473	0.006304	
4231.145160	0.009853	
4231.146715	-0.002211	
4231.148380	-0.025628	
4231.149969	-0.013136	
4231.151642	-0.020810	
4231.153230	-0.027272	
4231.154893	-0.017209	
4231.156478	-0.001788	
4231.158117	-0.008081	
4231.159716	-0.005080	
4231.161341	0.002248	
4231.163012	-0.004773	
4231.164600	-0.020697	
4231.166277	-0.020520	
4231.167867	-0.017519	
4231.169543	-0.026007	
4231.171132	-0.024939	
4231.172792	-0.006880	
4231.174353	0.001583	
4231.176040	-0.004971	
4231.177522	0.001579	
4231.179162	0.003489	
4231.180642	-0.008254	
4231.182284	-0.022405	
4231.183768	-0.011013	
4231.185362	-0.021958	
4231.186896	-0.026659	
4231.188446	-0.018228	
4231.190028	0.002937	
4231.191624	-0.004645	
4231.193242	0.004794	
4231.194801	0.005338	
4231.196415	0.001898	
4231.197952	-0.014317	
4231.199638	-0.016593	
4231.201114	-0.006433	
4231.202820	-0.013974	
4231.204296	-0.017926	
4231.205991	-0.004548	
4231.207547	0.009741	
4231.209248	0.001620	
4231.210775	0.011960	
4231.212537	0.009205	
4231.214029	-0.002767	
4231.215800	-0.015017	
4231.217283	-0.001994	
4231.219066	-0.014655	
4231.220550	-0.012629	
4231.222318	-0.002014	
4231.223806	0.007892	
4231.225564	-0.003730	
4231.227057	0.010502	
4231.228822	0.009430	
4231.230329	-0.001619	
4231.232057	-0.011033	
4231.233578	-0.006804	
4231.235307	-0.017354	
4231.236848	-0.019501	
4231.238578	-0.011710	
4231.240122	0.002522	
4231.241809	-0.005080	
4231.243365	0.005918	
4231.245035	0.005563	
4231.246603	-0.002288	
4231.248265	-0.021318	
4231.249867	-0.010880	
4231.251498	-0.018208	
4231.253117	-0.020262	
4231.254755	-0.013781	
4231.256359	0.001809	
4231.257976	-0.000806	
4231.259624	0.002639	
4231.261222	0.004403	
4231.262891	0.002828	
4231.264458	-0.012665	
4231.266155	-0.014470	
4231.267749	-0.012874	
4231.269423	-0.022744	
4231.270995	-0.019843	
4231.272698	-0.005382	
4231.274246	0.003505	
4231.275954	-0.002856	
4231.277483	0.010607	
4231.279224	0.009136	
4231.280735	-0.014905	
4231.282492	-0.021007	
4231.283985	-0.006775	
4231.285524	-0.021789	
4231.287049	-0.023783	
4231.288626	-0.006824	
4231.290164	0.003042	
4231.291688	-0.007952	
4231.293312	0.002018	
4231.294811	0.005531	
4231.296445	-0.001539	
4231.297973	-0.016528	
4231.299616	-0.015553	
4231.301097	-0.015779	
4231.302795	-0.022099	
4231.304279	-0.013757	
4231.305993	-0.001531	
4231.307484	0.000774	
4231.309197	-0.001929	
4231.310679	0.006208	
4231.312371	0.006796	
4231.313854	-0.005152	
4231.315623	-0.019404	
4231.317111	-0.005905	
4231.318872	-0.022953	
4231.320373	-0.026837	
4231.322132	-0.007980	
4231.323644	0.006014	
4231.325390	-0.001406	
4231.326909	0.007702	
4231.328623	0.004935	
4231.330153	-0.006385	
4231.331849	-0.019279	
4231.333394	-0.010256	
4231.335088	-0.017640	
4231.336661	-0.020327	
4231.338340	-0.011340	
4231.339903	0.003815	
4231.341569	-0.004725	
4231.343153	0.003465	
4231.344798	0.004447	
4231.346413	0.002941	
4231.348022	-0.015682	
4231.349659	-0.012298	
4231.351254	-0.012741	
4231.352932	-0.021370	
4231.354532	-0.019038	
4231.356193	-0.003396	
4231.357783	-0.000362	
4231.359472	0.001354	
4231.361025	0.003118	
4231.362723	0.000661	
4231.364261	-0.012955	
4231.365949	-0.021435	
4231.367501	-0.008753	
4231.369218	-0.025362	
4231.370741	-0.016782	
4231.372466	-0.006357	
4231.373960	0.001849	
4231.375729	-0.005998	
4231.377215	0.007014	
4231.378998	0.005273	
4231.380473	-0.007855	
4231.382212	-0.018437	
4231.383699	-0.007626	
4231.385443	-0.024033	
4231.386966	-0.023106	
4231.388714	-0.011142	
4231.390238	-0.000391	
4231.391743	-0.006183	
4231.393333	0.005382	
4231.394837	0.009209	
4231.396468	-0.002425	
4231.397982	-0.015980	
4231.399627	-0.013503	
4231.401129	-0.020411	
4231.402780	-0.025713	
4231.404258	-0.022796	
4231.405909	-0.003782	
4231.407394	0.004024	
4231.409076	-0.008975	
4231.410562	0.000701	
4231.412265	0.005543	
4231.413744	-0.011622	
4231.415423	-0.022816	
4231.416937	-0.011219	
4231.418577	-0.023360	
4231.420123	-0.020198	
4231.421714	-0.013430	
4231.423295	-0.000858	
4231.424959	-0.008198	
4231.426544	0.004210	
4231.428195	0.005330	
4231.429787	-0.000419	
4231.431424	-0.014550	
4231.433019	-0.016145	
4231.434631	-0.017201	
4231.436296	-0.026103	
4231.437897	-0.017600	
4231.439560	-0.007932	
4231.441153	-0.002989	
4231.442824	-0.002965	
4231.444408	0.012766	
4231.446099	0.003328	
4231.447651	-0.012343	
4231.449381	-0.015509	
4231.450931	-0.010425	
4231.452638	-0.020979	
4231.454206	-0.017297	
4231.455897	-0.001494	
4231.457429	0.002421	
4231.459180	-0.001611	
4231.460669	0.010724	
4231.462453	0.009539	
4231.463941	-0.006602	
4231.465711	-0.017527	
4231.467197	-0.007174	
4231.468984	-0.021958	
4231.470471	-0.021801	
4231.472258	-0.006582	
4231.473746	0.003617	
4231.475481	-0.004512	
4231.476984	0.003654	
4231.478710	0.009418	
4231.480228	0.000234	
4231.481934	-0.014244	
4231.483473	-0.004697	
4231.485161	-0.018284	
4231.486714	-0.022313	
4231.488407	-0.013877	
4231.489965	-0.001374	
4231.491625	-0.007114	
4231.493205	0.004504	
4231.494867	0.004802	
4231.496459	0.000492	
4231.498101	-0.017201	
4231.499714	-0.011275	
4231.501239	-0.019143	
4231.502864	-0.025149	
4231.504340	-0.017571	
4231.505982	-0.004874	
4231.507462	0.003561	
4231.509091	-0.010969	
4231.510583	0.008415	
4231.512202	0.001853	
4231.513711	-0.006034	
4231.515283	-0.026736	
4231.516830	-0.010727	
4231.518450	-0.018639	
4231.520020	-0.025116	
4231.521620	-0.018047	
4231.523213	-0.002179	
4231.524787	-0.004955	
4231.526403	-0.000274	
4231.527940	0.010236	
4231.529584	-0.002034	
4231.531211	-0.015469	
4231.532883	-0.012431	
4231.534468	-0.015843	
4231.536149	-0.020428	
4231.537715	-0.018163	
4231.539406	-0.003650	
4231.540975	-0.003339	
4231.542673	0.004758	
4231.544226	0.007525	
4231.545943	0.006055	
4231.547479	-0.006151	
4231.549197	-0.022051	
4231.550695	-0.009624	
4231.552460	-0.025717	
4231.553944	-0.021233	
4231.555710	-0.006046	
4231.557201	0.004947	
4231.558989	-0.007976	
4231.560462	0.005620	
4231.562248	0.006562	
4231.563728	-0.007372	
4231.565492	-0.017446	
4231.566993	-0.007142	
4231.568715	-0.022591	
4231.570227	-0.023428	
4231.571946	-0.009507	
4231.573481	0.004379	
4231.575180	-0.006820	
4231.576735	0.006566	
4231.578440	0.003956	
4231.579997	0.000983	
4231.581687	-0.017563	
4231.583257	-0.011283	
4231.584925	-0.016871	
4231.586518	-0.022510	
4231.588179	-0.016250	
4231.589770	0.006027	
4231.591404	-0.003130	
4231.593017	0.001342	
4231.594652	0.009910	
4231.596307	0.003186	
4231.597903	-0.013571	
4231.599560	-0.015247	
4231.601145	-0.015312	
4231.602825	-0.027187	
4231.604416	-0.021934	
