time (s)	magX	magY	magZ
4228.706272	-15.546463	426.651093	-383.050842
4228.709630	-16.832262	426.592651	-392.402100
4228.712929	-19.111629	427.060181	-403.331360
4228.716266	-20.806547	427.819977	-413.208618
4228.719598	-23.202805	428.579773	-424.897705
4228.722935	-24.722383	429.047333	-435.008759
4228.726263	-27.001753	429.105804	-445.587402
4228.729599	-29.631794	427.936890	-455.230865
4228.732935	-31.735825	427.527771	-466.978363
4228.736261	-34.132088	427.001770	-477.673859
4228.739598	-36.528347	425.599060	-489.713623
4228.742935	-39.333721	425.014587	-501.168915
4228.746258	-41.671539	422.618347	-513.150208
4228.749592	-44.827587	421.683228	-522.793701
4228.752942	-47.925190	418.351837	-535.242554
4228.756260	-50.964348	416.364716	-547.983643
4228.759589	-54.237289	412.565765	-560.081787
4228.762928	-57.393337	408.649933	-572.589111
4228.766265	-61.192287	405.026306	-585.739319
4228.769597	-63.939220	401.110474	-597.837524
4228.772931	-67.855057	395.791931	-611.747498
4228.776262	-71.887787	391.350067	-626.008179
4228.780882	-78.609001	378.901215	-653.243713
4228.783806	-82.291061	371.537109	-666.393921
4228.787126	-85.388657	364.465240	-680.303894
4228.790512	-89.012268	355.815308	-694.389221
4228.793859	-92.986557	347.165405	-708.474609
4228.796728	-96.084160	337.697235	-722.793701
4228.800098	-99.941551	327.761566	-736.937500
4228.803360	-103.389832	317.241394	-750.730591
4228.806682	-107.188774	306.370544	-764.465210
4228.810022	-111.163071	294.389252	-777.966125
4228.812920	-114.728226	281.998840	-791.642334
4228.816255	-117.767380	268.673309	-805.493835
4228.819591	-122.209236	255.990646	-816.189392
4228.822919	-125.715958	242.255997	-828.930481
4228.826257	-129.456467	228.521317	-839.450623
4228.829591	-132.963181	214.143784	-850.321472
4228.832941	-137.054367	199.006424	-861.309143
4228.836254	-140.502625	184.102875	-871.011047
4228.839584	-144.184692	169.959091	-879.368774
4228.842923	-147.866745	154.704865	-888.077148
4228.846254	-152.250153	139.801285	-896.259521
4228.849584	-154.997070	124.547050	-901.928711
4228.852914	-159.088257	108.825241	-907.071899
4228.856253	-162.536530	94.155464	-914.085266
4228.859585	-165.809464	80.070129	-918.702515
4228.862917	-169.433075	65.166565	-922.384521
4228.866255	-173.290482	50.321449	-926.358887
4228.869578	-176.095856	36.236118	-929.573364
4228.872919	-178.959671	21.683226	-932.144897
4228.876292	-182.700180	7.364114	-933.898254
4228.879583	-185.914673	-7.130333	-934.891907
4228.882923	-189.012283	-21.215664	-935.768494
4228.886250	-191.817657	-34.365868	-935.184082
4228.890870	-197.779068	-61.718292	-935.008789
4228.893781	-200.350662	-75.043831	-934.482788
4228.897177	-203.448273	-88.836937	-930.742249
4228.900523	-205.669189	-101.928696	-927.703125
4228.903847	-208.883698	-114.611343	-925.014587
4228.906675	-210.578613	-127.469315	-921.566284
4228.910005	-213.325546	-140.385742	-916.540039
4228.913354	-216.072464	-152.659256	-911.805908
4228.916676	-218.644073	-164.932785	-905.026367
4228.919620	-220.689651	-176.212738	-900.409119
4228.922909	-222.735245	-187.258911	-893.921631
4228.926249	-225.423721	-198.597305	-888.194092
4228.929576	-226.767975	-209.000580	-880.771423
4228.932916	-229.573349	-218.936295	-873.641113
4228.936240	-230.625366	-228.813553	-866.393921
4228.939580	-233.664520	-238.281708	-856.867310
4228.942906	-234.891861	-247.457626	-848.918701
4228.946238	-236.411453	-256.049072	-838.515503
4228.949580	-237.872604	-264.348328	-830.040955
4228.952908	-239.216827	-272.296906	-821.566284
4228.956242	-240.093521	-279.602570	-812.858032
4228.959610	-241.496201	-286.557587	-802.045654
4228.962945	-242.665100	-294.038574	-792.752808
4228.966247	-243.366455	-300.584473	-782.641724
4228.969586	-244.886047	-306.545868	-772.647583
4228.972909	-245.762711	-312.098206	-763.471680
4228.976234	-246.464066	-317.299805	-753.711243
4228.979575	-246.873169	-321.917023	-744.476868
4228.982912	-247.691422	-327.586212	-735.242554
4228.986239	-248.334320	-331.268250	-725.482178
4228.989573	-248.684982	-335.710114	-716.481567
4228.992907	-248.743408	-339.158386	-706.721191
4228.996241	-249.386337	-342.665100	-697.369934
4229.000913	-250.555237	-348.801880	-677.557007
4229.003772	-250.263000	-350.964355	-669.257751
4229.007203	-250.379898	-354.120392	-659.731140
4229.010499	-250.672119	-355.873749	-650.613708
4229.013763	-250.613663	-357.977783	-641.554626
4229.016665	-250.789017	-360.198700	-632.086487
4229.019993	-250.555237	-361.952057	-623.904114
4229.023322	-250.613663	-363.354767	-614.845154
4229.026663	-250.672119	-364.465240	-606.487427
4229.029987	-250.730560	-366.218597	-598.188232
4229.032900	-250.555237	-367.796600	-589.070679
4229.036233	-250.613663	-367.913513	-580.245422
4229.039567	-250.438339	-369.140869	-572.355347
4229.042908	-250.263000	-370.251312	-564.932800
4229.046229	-249.444763	-370.718872	-555.873779
4229.049575	-249.912338	-371.478668	-548.743408
4229.052899	-249.970764	-371.186462	-542.080627
4229.056251	-249.094101	-371.770874	-534.190491
4229.059568	-248.801880	-372.238434	-527.177124
4229.062897	-248.100525	-372.705994	-520.338989
4229.066223	-247.632950	-372.705994	-511.922852
4229.069565	-246.756287	-372.705994	-504.792511
4229.072899	-246.405609	-372.647583	-498.188202
4229.076230	-246.931625	-372.881378	-491.583862
4229.079564	-245.587372	-372.355347	-485.914673
4229.082893	-245.645828	-371.478668	-478.433655
4229.086233	-245.587372	-372.063110	-470.660461
4229.089560	-244.652252	-371.946228	-464.699036
4229.092913	-244.184692	-371.946228	-458.270020
4229.096232	-243.834015	-371.887787	-452.776154
4229.099559	-243.132660	-371.420227	-446.697845
4229.102892	-242.314438	-371.186462	-440.736389
4229.106229	-241.320877	-369.959106	-435.651672
4229.110503	-240.268845	-369.725311	-425.014587
4229.113821	-240.210419	-369.433075	-420.046753
4229.117112	-239.333725	-368.907074	-414.377533
4229.120400	-237.872604	-368.731750	-409.935699
4229.123740	-236.879013	-368.614838	-405.786072
4229.126641	-235.768555	-367.738190	-401.227325
4229.129984	-234.599640	-368.673309	-396.493256
4229.133313	-234.190536	-368.322601	-391.583862
4229.136690	-233.255417	-367.387482	-388.252472
4229.140005	-231.209824	-366.861481	-383.459961
4229.142886	-230.508469	-366.803040	-379.135010
4229.146224	-229.748672	-365.400360	-375.043854
4229.149598	-227.995331	-365.692566	-370.601990
4229.152890	-227.293991	-365.225006	-368.147278
4229.156228	-226.066635	-365.049683	-365.517242
4229.159557	-224.547058	-364.056122	-361.484497
4229.162893	-223.962585	-364.231445	-357.101105
4229.166249	-222.559906	-363.530090	-354.061951
4229.169547	-221.975449	-363.646973	-351.081238
4229.172891	-220.864990	-363.822327	-347.749847
4229.176225	-219.345398	-362.478088	-345.470490
4229.179549	-218.293411	-362.068970	-342.723572
4229.182890	-216.949158	-362.302765	-339.275299
4229.186221	-216.189362	-361.776733	-337.054352
4229.189551	-215.838699	-361.016937	-334.541199
4229.192887	-214.845108	-360.315613	-331.852722
4229.196214	-213.150208	-360.374054	-329.105774
4229.199555	-212.273529	-359.848053	-325.715942
4229.202886	-211.455292	-358.971344	-322.092346
4229.206210	-210.929276	-357.685577	-320.046753
4229.209560	-209.117477	-357.568665	-317.416718
4229.212889	-207.948563	-356.341309	-316.014038
4229.216217	-207.948563	-357.101105	-312.507294
4229.220887	-205.493851	-355.990662	-307.247223
4229.223807	-205.201630	-355.113953	-304.850952
4229.227065	-204.208069	-355.230865	-301.519592
4229.230423	-203.682068	-354.295715	-300.000000
4229.233752	-202.630035	-353.711273	-296.843964
4229.236637	-201.461121	-354.003510	-295.149048
4229.240010	-201.344254	-353.419037	-292.577423
4229.243338	-200.292236	-353.068390	-290.999420
4229.246662	-198.772644	-352.600800	-289.187592
4229.249964	-198.947983	-352.016357	-287.258911
4229.252881	-198.305084	-352.659271	-285.271759
4229.256206	-197.077728	-352.483917	-284.219757
4229.259539	-196.317947	-351.724152	-283.459961
4229.262876	-195.616608	-351.899475	-282.349518
4229.266212	-195.032150	-351.957916	-281.706604
4229.269545	-194.389252	-351.899475	-281.940399
4229.272880	-193.337219	-351.548798	-281.005249
4229.276213	-192.518997	-351.724152	-281.706604
4229.279538	-191.700760	-352.308594	-280.946808
4229.282901	-191.350098	-352.133240	-281.122162
4229.286212	-190.531845	-351.841034	-281.063690
4229.289541	-189.479843	-352.016357	-281.531250
4229.292871	-188.077148	-352.367035	-282.057281
4229.296204	-187.609589	-352.834595	-282.933960
4229.299538	-186.674469	-352.834595	-282.875519
4229.302875	-186.499115	-352.834595	-284.219757
4229.306211	-185.271774	-353.126831	-284.511963
4229.309540	-184.219757	-353.126831	-284.336639
4229.312905	-182.933960	-354.178833	-284.570435
4229.316212	-182.407959	-354.471069	-284.804199
4229.319535	-181.589706	-353.886597	-284.804199
4229.322876	-180.420807	-353.652832	-284.161316
4229.326226	-178.901230	-354.704865	-283.927551
4229.330829	-177.615433	-354.178833	-281.765045
4229.333727	-176.621857	-354.237305	-281.881958
4229.337075	-174.985382	-353.769745	-280.420807
4229.340435	-174.576263	-354.120392	-279.427246
4229.343813	-173.115128	-353.652832	-278.550568
4229.346645	-172.296906	-352.834595	-276.271179
4229.350007	-171.595566	-353.185272	-274.225586
4229.353296	-170.660431	-353.009949	-273.290466
4229.356626	-169.783752	-352.074829	-270.952667
4229.359968	-168.790192	-352.425476	-269.666870
4229.362870	-168.088837	-352.191711	-267.095245
4229.366201	-167.445938	-352.074829	-265.984802
4229.369550	-166.277023	-351.081238	-263.880768
4229.372870	-164.874344	-351.081238	-261.893616
4229.376198	-164.114563	-350.847473	-260.841614
4229.379532	-163.062531	-350.146118	-258.737579
4229.382863	-162.185852	-350.321472	-257.568665
4229.386193	-161.016953	-349.678528	-255.756882
4229.389538	-159.672699	-349.737000	-255.406189
4229.392863	-158.796021	-349.210968	-253.769730
4229.396195	-157.334885	-349.386322	-253.360611
4229.399529	-156.165985	-349.152527	-252.191711
4229.402862	-155.464630	-348.860321	-250.438339
4229.406213	-153.652832	-349.210968	-250.263000
4229.409533	-152.659256	-348.918762	-249.678543
4229.412866	-151.139694	-348.509644	-249.327881
4229.416200	-149.853882	-348.684967	-248.275848
4229.419527	-148.860306	-348.801880	-249.327881
4229.422860	-147.223846	-349.503204	-249.327881
4229.426194	-146.171829	-349.094116	-248.918777
4229.429530	-144.710693	-348.977203	-247.516083
4229.432860	-143.483337	-348.801880	-247.223846
4229.436193	-141.496201	-349.269440	-247.866745
4229.440872	-138.690826	-349.094116	-246.756287
4229.443769	-137.229691	-348.860321	-246.814728
4229.447140	-135.885437	-348.568085	-245.353607
4229.450451	-134.658096	-348.568085	-245.295135
4229.453808	-132.612503	-349.094116	-245.295135
4229.456649	-131.560486	-348.334320	-243.892456
4229.459955	-130.216248	-348.100525	-243.600220
4229.463278	-128.930450	-348.568085	-242.372864
4229.466612	-127.410873	-348.275848	-241.613098
4229.469538	-126.125076	-347.516083	-240.794846
4229.472862	-125.131500	-347.574524	-239.859726
4229.476189	-123.728813	-347.048523	-239.333725
4229.479521	-122.443024	-346.990051	-237.463470
4229.482856	-121.332550	-347.048523	-236.995911
4229.486186	-120.572769	-346.347168	-235.534760
4229.489518	-118.234955	-345.879608	-233.839874
4229.492850	-117.358269	-345.236694	-232.670944
4229.496189	-116.656921	-344.944489	-231.326706
4229.499525	-115.078903	-345.178253	-229.807144
4229.502850	-113.851547	-343.717133	-227.644653
4229.506187	-112.682640	-343.424896	-227.293991
4229.509530	-111.572182	-343.191132	-226.066635
4229.512855	-110.286377	-342.431335	-223.495026
4229.516182	-109.292816	-341.963776	-222.501465
4229.519515	-107.890114	-341.203979	-220.338989
4229.522854	-106.662773	-341.262421	-219.111633
4229.526184	-105.669197	-340.327301	-218.527176
4229.529523	-104.324959	-340.327301	-216.247803
4229.532852	-103.156052	-339.216827	-214.845108
4229.536216	-101.694916	-339.450623	-213.968445
4229.539520	-100.233780	-338.573944	-212.857986
4229.542853	-98.655754	-337.755707	-212.331970
4229.546182	-98.129745	-337.580383	-211.163071
4229.550386	-95.850380	-337.580383	-208.474564
4229.553721	-94.973701	-336.586792	-207.656342
4229.557109	-93.746346	-336.528351	-207.539444
4229.560456	-92.518997	-335.943878	-205.727646
4229.563352	-91.291641	-334.891876	-206.545883
4229.566608	-89.772064	-334.190521	-204.091171
4229.569935	-89.129166	-333.781403	-204.149628
4229.573292	-88.018707	-333.372314	-203.857391
4229.576606	-87.142021	-333.313843	-202.454712
4229.579509	-86.090004	-332.729401	-201.636475
4229.582848	-85.388657	-332.787842	-200.876694
4229.586192	-85.271767	-332.378723	-199.883102
4229.589512	-84.219757	-332.144958	-199.298660
4229.592851	-83.810638	-332.028046	-197.486847
4229.596179	-82.875511	-330.450043	-196.902390
4229.599505	-82.524841	-329.924011	-195.032150
4229.602845	-81.648163	-329.281128	-194.623032
4229.606174	-81.122147	-329.456451	-193.571014
4229.609513	-80.537697	-328.696686	-192.694336
4229.612843	-80.011688	-328.521332	-191.525421
4229.616230	-80.245468	-327.936890	-189.888947
4229.619515	-79.953239	-327.352417	-188.369370
4229.622839	-79.310349	-325.891266	-188.486267
4229.626173	-79.251900	-325.832855	-186.908249
4229.629536	-78.784332	-326.066650	-185.388657
4229.632843	-78.667442	-324.430145	-183.869095
4229.636169	-77.907654	-323.670349	-183.459961
4229.639506	-77.966103	-323.611938	-181.765045
4229.642849	-77.440094	-322.267670	-180.362350
4229.646175	-77.206314	-322.033905	-178.492111
4229.649507	-76.212738	-321.624786	-177.907654
4229.652844	-76.271187	-320.222107	-176.388077
4229.657514	-75.745178	-319.111633	-174.284042
4229.660382	-75.745178	-318.760956	-173.524261
4229.663794	-75.160721	-318.819397	-172.004669
4229.667101	-74.576271	-317.884277	-170.952652
4229.670355	-74.459381	-317.650482	-169.959091
4229.673295	-74.167160	-316.423157	-170.017532
4229.676596	-73.699593	-316.072449	-168.907074
4229.679926	-73.641144	-315.838684	-167.095261
4229.683257	-73.524254	-314.903564	-166.978378
4229.686173	-72.764465	-314.845123	-166.101700
4229.689505	-72.121567	-314.377533	-165.283463
4229.692837	-72.296898	-313.968445	-164.991241
4229.696170	-72.238457	-313.559326	-164.114563
4229.699502	-71.712448	-312.974854	-163.237869
4229.702838	-71.303329	-312.507294	-162.828751
4229.706161	-71.303329	-311.981293	-161.835175
4229.709500	-71.303329	-311.338409	-161.133835
4229.712835	-70.952660	-311.396851	-160.023376
4229.716167	-70.952660	-310.520172	-159.614258
4229.719546	-71.186440	-310.520172	-158.679138
4229.722833	-71.011101	-310.403290	-158.153122
4229.726162	-70.485100	-310.344849	-157.334885
4229.729498	-70.718880	-309.643494	-156.984222
4229.732830	-71.478668	-308.766785	-155.873764
4229.736165	-70.894211	-309.000580	-155.289307
4229.739503	-70.777321	-308.182373	-154.178848
4229.742830	-70.835770	-307.656342	-154.003494
4229.746161	-70.017532	-307.714783	-153.477509
4229.749495	-70.894211	-306.779663	-152.191696
4229.752865	-70.660431	-306.078308	-151.607254
4229.756163	-70.601990	-306.253662	-151.490356
4229.759491	-70.485100	-305.493866	-150.496780
4229.762824	-70.251312	-305.143188	-150.204559
4229.767023	-70.543541	-304.500305	-148.334320
4229.770454	-70.660431	-304.091156	-146.697845
4229.773757	-70.952660	-303.331360	-146.405609
4229.777056	-71.011101	-302.980713	-145.236710
4229.779918	-70.777321	-302.688477	-144.360016
4229.783252	-70.835770	-301.870239	-143.775574
4229.786580	-70.660431	-301.285797	-143.541794
4229.789912	-71.011101	-300.701355	-142.022202
4229.793255	-71.127991	-299.590881	-142.723541
4229.796156	-70.952660	-299.649323	-140.736420
4229.799495	-71.478668	-298.831085	-139.801285
4229.802835	-70.718880	-298.305084	-139.801285
4229.806156	-70.835770	-297.720612	-138.398605
4229.809489	-71.361771	-297.077728	-138.457047
4229.812825	-70.718880	-296.142609	-137.697250
4229.816157	-70.894211	-296.025696	-135.768555
4229.819489	-71.361771	-295.382812	-134.774979
4229.822842	-71.127991	-294.623016	-134.833435
4229.826161	-71.244881	-294.447693	-133.138519
4229.829490	-71.011101	-293.863251	-131.911163
4229.832820	-71.770897	-293.337219	-130.742249
4229.836154	-71.186440	-292.402100	-130.333130
4229.839523	-71.478668	-291.934540	-129.865570
4229.842815	-71.303329	-291.525421	-128.638214
4229.846167	-71.303329	-290.648743	-127.703094
4229.849490	-71.303329	-290.648743	-126.183525
4229.852820	-71.186440	-289.246063	-125.073051
4229.856152	-71.127991	-288.836945	-124.722382
4229.859481	-71.011101	-288.135590	-123.962593
4229.862817	-71.537109	-287.609589	-122.443024
4229.866146	-71.244881	-287.375793	-121.332550
4229.869482	-71.361771	-286.616028	-120.280540
4229.874160	-71.303329	-285.271759	-118.059608
4229.877114	-71.420219	-284.628876	-117.416718
4229.880435	-72.004677	-283.927551	-116.306259
4229.883706	-72.121567	-283.343079	-116.306259
4229.887003	-71.946228	-282.817078	-115.897133
4229.889937	-72.121567	-282.349518	-115.371132
4229.893243	-72.063118	-281.472839	-113.617767
4229.896569	-72.706017	-280.946808	-112.507309
4229.899901	-72.589127	-280.070129	-111.981293
4229.903238	-72.063118	-279.661011	-111.338402
4229.906150	-72.530678	-279.135010	-110.753944
4229.909477	-72.472237	-278.667450	-110.461723
4229.912818	-72.881355	-278.608978	-109.059021
4229.916143	-72.998253	-277.206299	-107.481003
4229.919480	-72.939804	-276.972534	-108.357681
4229.922822	-72.764465	-276.446533	-106.370544
4229.926179	-73.056694	-275.628296	-105.961433
4229.929481	-72.939804	-274.810059	-104.967857
4229.932823	-73.465813	-274.284058	-104.558739
4229.936146	-73.758034	-273.991821	-103.565170
4229.939477	-73.874924	-272.939789	-102.805374
4229.942813	-73.933372	-272.647583	-101.344238
4229.946141	-73.991814	-271.595551	-101.285805
4229.949475	-74.576271	-271.303314	-100.000000
4229.952813	-74.751610	-270.777313	-99.415550
4229.956142	-74.517830	-270.192871	-98.129745
4229.959474	-74.810051	-269.549957	-98.071304
4229.962807	-74.810051	-268.907074	-97.253067
4229.966143	-75.511398	-268.439514	-96.493279
4229.969470	-75.160721	-267.796600	-95.558151
4229.972801	-75.803627	-267.270599	-95.733490
4229.976144	-76.037407	-267.504395	-94.564583
4229.979475	-75.628288	-266.277039	-94.447693
4229.983725	-75.336060	-265.575684	-93.454124
4229.987082	-75.745178	-265.809479	-92.986557
4229.990326	-75.569847	-264.582123	-92.285217
4229.993648	-76.212738	-264.757446	-91.934547
4229.996984	-75.920517	-264.465240	-91.350090
4229.999899	-76.095848	-264.348328	-91.466980
4230.003231	-75.978958	-264.231445	-91.700760
4230.006581	-75.569847	-264.231445	-91.466980
4230.009916	-75.569847	-263.705444	-90.999420
4230.012833	-76.037407	-263.179413	-89.947395
4230.016136	-76.154297	-263.237885	-89.538284
4230.019472	-75.745178	-263.120972	-90.005844
4230.022803	-75.277618	-262.010529	-89.947395
4230.026137	-75.336060	-261.542969	-89.479836
4230.029466	-75.569847	-261.601410	-89.421394
4230.032796	-75.160721	-261.133850	-88.661598
4230.036136	-75.336060	-260.724701	-89.187607
4230.039469	-75.336060	-260.724701	-87.901810
4230.042807	-75.336060	-260.023376	-87.375801
4230.046128	-75.978958	-259.497375	-86.499123
4230.049462	-75.862068	-259.263580	-86.674461
4230.052801	-75.336060	-258.679138	-86.265343
4230.056166	-75.745178	-258.153137	-85.739334
4230.059464	-74.868500	-257.568665	-84.453537
4230.062800	-74.985390	-258.036224	-83.985970
4230.066131	-74.400940	-257.451782	-83.518410
4230.069461	-74.693161	-256.107544	-82.583282
4230.072797	-75.102280	-255.113953	-81.823502
4230.076127	-74.459381	-255.406189	-81.239037
4230.079467	-74.225601	-254.821747	-80.303917
4230.082792	-74.284050	-255.172424	-80.187019
4230.086132	-73.933372	-253.535934	-79.719460
4230.089495	-73.933372	-253.126831	-78.550552
4230.093650	-73.056694	-252.308578	-77.732315
4230.096981	-73.290474	-252.483917	-77.440094
4230.100334	-72.998253	-251.373459	-77.264755
4230.103667	-72.764465	-251.256592	-76.972534
4230.107008	-73.407364	-251.607254	-76.621857
4230.109908	-73.641144	-251.665680	-76.329628
4230.113241	-73.582703	-250.496796	-75.452957
4230.116592	-73.524254	-249.912338	-75.043831
4230.119905	-73.232033	-249.970764	-75.394508
4230.122785	-73.173584	-249.737000	-75.219170
4230.126124	-73.699593	-249.503204	-74.634720
4230.129480	-72.939804	-249.912338	-74.459381
4230.132788	-73.407364	-249.327881	-74.400940
4230.136124	-72.822914	-249.094101	-73.874924
4230.139456	-73.056694	-248.684982	-74.459381
4230.142793	-72.998253	-248.801880	-73.699593
4230.146127	-72.706017	-248.509644	-73.348923
4230.149457	-72.881355	-248.217422	-72.822914
4230.152791	-71.946228	-247.516083	-72.472237
4230.156125	-72.238457	-247.574524	-72.530678
4230.159483	-71.712448	-246.990067	-71.829338
4230.162790	-72.004677	-246.756287	-71.186440
4230.166125	-72.004677	-245.762711	-70.894211
4230.169452	-71.712448	-245.528931	-70.777321
4230.172787	-71.361771	-245.295135	-70.075974
4230.176115	-70.835770	-245.295135	-68.731735
4230.179449	-70.835770	-245.295135	-69.023964
4230.182813	-70.601990	-245.412033	-68.205727
4230.186117	-70.601990	-244.126251	-68.497955
4230.189445	-69.842194	-243.834015	-67.855057
4230.192784	-69.374634	-243.717117	-66.919930
4230.196124	-69.374634	-243.775558	-67.095268
4230.200749	-68.790176	-242.606659	-65.575691
4230.203690	-69.082413	-242.314438	-65.283463
4230.206988	-67.621269	-241.846878	-64.699005
4230.210400	-67.679718	-242.197540	-64.582115
4230.213702	-67.738167	-241.729980	-63.763882
4230.216591	-67.504379	-241.262405	-63.062538
4230.219898	-66.861488	-240.794846	-63.296318
4230.223205	-67.270599	-241.145538	-62.302746
4230.226548	-66.452370	-240.093521	-61.893631
4230.229868	-66.569260	-239.976624	-61.718292
4230.232776	-66.452370	-239.450623	-61.542957
4230.236118	-66.218582	-239.275284	-60.958504
4230.239448	-65.692581	-238.866165	-61.075394
4230.242784	-65.692581	-238.866165	-60.257160
4230.246135	-65.458801	-238.632370	-59.497368
4230.249448	-65.166565	-238.398605	-59.263588
4230.252777	-65.049675	-237.697250	-58.620689
4230.256111	-64.406784	-237.405045	-58.620689
4230.259445	-64.465225	-236.937469	-58.328461
4230.262776	-64.056107	-236.411453	-56.867332
4230.266109	-64.348335	-236.177689	-57.627117
4230.269444	-63.237869	-235.768555	-56.925774
4230.272773	-63.237869	-235.300995	-56.341320
4230.276146	-63.296318	-235.417892	-55.756866
4230.279451	-62.887199	-235.242554	-55.523087
4230.282773	-63.120979	-234.833435	-55.289303
4230.286104	-62.594975	-234.190536	-55.523087
4230.289462	-62.419636	-233.138519	-54.237289
4230.292779	-61.601402	-233.489182	-54.178841
4230.296110	-61.542957	-232.729385	-54.120399
4230.299438	-61.426067	-232.787842	-53.185272
4230.302775	-60.607834	-232.261826	-52.659260
4230.306103	-60.257160	-231.735825	-52.425480
4230.310792	-59.789597	-231.618927	-51.315022
4230.313642	-59.322037	-230.800705	-50.613678
4230.317028	-59.438927	-229.748672	-51.139683
4230.320376	-58.971363	-229.982468	-50.438339
4230.323267	-57.802456	-230.040909	-49.620102
4230.326530	-57.802456	-229.105789	-49.269432
4230.329865	-57.744007	-228.696686	-49.327877
4230.333225	-58.094681	-228.112213	-48.451199
4230.336540	-57.451786	-227.527756	-48.392754
4230.339436	-57.393337	-227.878433	-48.568089
4230.342769	-56.925774	-227.060196	-47.282291
4230.346103	-56.633549	-226.417297	-47.106953
4230.349431	-55.990646	-226.125076	-45.704266
4230.352768	-55.756866	-225.891281	-45.704266
4230.356105	-56.165989	-225.599075	-46.054939
4230.359436	-56.049095	-225.131516	-45.412041
4230.362764	-55.873756	-224.897720	-45.002922
4230.366098	-55.756866	-224.547058	-44.710697
4230.369428	-55.230862	-224.313263	-44.184689
4230.372768	-55.756866	-223.670364	-43.775570
4230.376103	-55.230862	-222.910568	-43.775570
4230.379443	-54.880188	-223.144363	-43.717125
4230.382762	-54.646408	-221.858566	-42.840446
4230.386100	-54.237289	-221.507889	-42.606663
4230.389430	-54.938633	-221.391006	-42.080654
4230.392766	-54.295731	-221.507889	-42.255993
4230.396099	-54.120399	-220.981888	-40.970196
4230.399430	-54.587959	-219.988327	-41.028641
4230.402762	-53.535946	-219.871429	-40.677963
4230.406092	-53.652836	-219.696091	-40.911751
4230.409426	-53.886616	-219.286972	-40.677963
4230.412798	-53.068382	-219.520752	-39.216831
4230.416098	-52.951492	-218.877838	-39.216831
4230.420318	-53.009933	-217.475159	-38.047924
4230.423638	-53.594387	-217.182922	-38.457043
4230.427015	-52.308590	-216.715363	-37.346581
4230.430350	-53.068382	-215.838699	-37.288136
4230.433615	-52.834599	-215.195801	-36.995907
4230.436508	-52.659260	-215.137344	-36.353008
4230.439843	-52.659260	-214.903564	-36.353008
4230.443181	-52.191700	-215.078903	-36.177673
4230.446514	-52.600819	-214.436005	-35.359440
4230.449425	-52.133255	-214.085342	-34.599651
4230.452756	-51.957916	-213.968445	-33.430744
4230.456112	-52.133255	-213.267090	-34.833431
4230.459422	-52.074806	-213.150208	-33.722969
4230.462762	-52.133255	-212.098190	-33.664524
4230.466089	-51.665695	-212.565750	-33.080070
4230.469423	-51.724136	-211.864395	-33.080070
4230.472761	-51.841026	-212.098190	-32.963181
4230.476092	-51.724136	-211.104614	-33.196960
4230.479454	-52.016365	-211.279968	-33.313854
4230.482760	-51.607246	-211.513733	-32.495617
4230.486085	-51.724136	-211.046173	-32.203392
4230.489424	-51.665695	-210.403275	-32.554062
4230.492760	-51.841026	-210.520172	-31.618935
4230.496087	-52.191700	-209.994156	-32.203392
4230.499448	-51.724136	-209.701920	-31.502045
4230.502752	-51.841026	-209.935715	-31.618935
4230.506089	-51.665695	-209.526581	-31.268263
4230.509419	-51.724136	-208.766800	-31.209818
4230.512755	-51.899475	-208.591461	-30.450027
4230.516078	-51.841026	-208.591461	-30.040911
4230.519420	-51.841026	-208.416122	-30.216248
4230.522751	-51.548801	-208.182358	-29.982466
4230.527005	-51.782585	-207.948563	-29.398012
4230.530396	-51.431911	-207.013443	-29.047340
4230.533689	-51.782585	-207.305664	-28.112215
4230.536937	-51.665695	-206.662781	-28.638224
4230.540264	-51.198132	-206.428986	-28.345997
4230.543185	-52.016365	-206.253647	-28.170660
4230.546509	-51.841026	-205.669189	-27.878433
4230.549849	-51.724136	-205.902985	-27.644651
4230.553172	-51.607246	-205.376984	-26.943308
4230.556085	-51.256573	-205.084747	-27.001753
4230.559407	-51.256573	-204.967850	-26.943308
4230.562745	-51.607246	-204.617187	-26.592636
4230.566079	-52.717709	-204.032730	-26.475746
4230.569410	-52.016365	-204.149628	-26.300409
4230.572785	-51.899475	-202.688477	-26.709526
4230.576078	-52.016365	-203.039169	-26.008183
4230.579415	-51.899475	-202.688477	-25.774401
4230.582743	-52.016365	-202.571609	-25.306839
4230.586076	-51.490356	-202.454712	-24.897720
4230.589410	-51.841026	-201.753357	-24.897720
4230.592748	-51.782585	-201.519592	-24.371712
4230.596077	-52.074806	-201.636475	-24.137930
4230.599410	-52.074806	-201.694916	-23.319696
4230.602769	-51.724136	-201.052017	-22.910578
4230.606080	-52.308590	-200.876694	-23.845703
4230.609413	-52.016365	-200.292236	-23.670368
4230.612748	-51.899475	-200.584457	-24.254822
4230.616076	-52.250145	-200.233795	-22.852133
4230.619413	-52.074806	-199.707764	-22.501461
4230.622745	-51.841026	-199.649323	-23.027470
4230.626078	-52.191700	-198.772644	-22.326126
4230.629406	-51.899475	-199.123322	-22.443016
4230.632740	-51.841026	-199.006424	-22.676798
4230.637028	-51.607246	-198.480408	-22.092344
4230.640251	-51.548801	-197.954422	-22.150789
4230.643585	-51.198132	-198.188202	-21.975452
4230.646954	-51.607246	-197.662186	-20.923437
4230.650271	-51.607246	-197.486847	-21.391001
4230.653164	-52.016365	-197.253067	-20.572765
4230.656512	-51.548801	-197.253067	-20.981882
4230.659853	-51.841026	-196.902390	-20.572765
4230.663175	-51.373463	-196.084167	-19.929865
4230.666075	-51.899475	-195.967270	-19.871420
4230.669405	-51.899475	-195.207474	-19.170076
4230.672739	-51.724136	-195.207474	-18.468731
4230.676072	-51.607246	-194.856812	-18.994740
4230.679400	-51.957916	-194.155472	-18.702513
4230.682734	-52.542370	-194.038574	-18.410286
4230.686070	-51.899475	-194.155472	-18.234951
4230.689416	-52.133255	-193.571014	-17.942724
4230.692732	-52.425480	-193.278793	-17.708942
4230.696074	-51.957916	-193.278793	-17.124489
4230.699401	-52.016365	-192.694336	-17.066044
4230.702737	-52.483929	-192.928116	-16.832262
4230.706066	-52.834599	-192.577438	-16.773817
4230.709401	-52.367039	-192.402100	-16.481590
4230.712733	-52.074806	-191.934540	-17.299826
4230.716061	-52.717709	-191.291641	-16.364700
4230.719399	-52.776154	-191.934540	-15.780245
4230.722736	-52.600819	-191.174759	-15.838690
4230.726080	-52.542370	-190.707184	-15.254237
4230.729394	-52.717709	-191.116302	-15.955583
4230.732738	-52.834599	-191.408539	-15.137346
4230.736074	-52.483929	-190.707184	-15.488018
4230.739401	-52.425480	-190.356522	-15.020455
4230.744029	-52.659260	-190.298065	-14.903564
4230.746935	-52.659260	-189.713623	-14.143775
4230.750290	-53.126823	-189.596725	-14.611338
4230.753600	-52.834599	-189.479843	-14.494448
4230.756987	-52.483929	-189.362946	-14.786674
4230.759832	-52.893044	-188.778503	-14.845119
4230.763179	-53.185272	-188.544708	-14.260666
4230.766502	-53.535946	-188.310928	-14.202221
4230.769821	-52.893044	-188.603149	-13.559322
4230.773148	-53.009933	-188.252487	-14.377557
4230.776086	-52.951492	-188.310928	-13.150205
4230.779395	-53.009933	-187.960251	-12.974869
4230.782725	-53.769726	-187.960251	-13.150205
4230.786062	-53.185272	-187.025131	-12.331969
4230.789393	-53.594387	-187.434250	-12.390414
4230.792724	-52.717709	-187.317352	-12.624197
4230.796060	-53.009933	-186.849792	-12.215078
4230.799395	-53.360603	-187.200470	-11.513735
4230.802723	-53.360603	-186.148453	-11.572180
4230.806055	-53.652836	-186.382233	-11.747516
4230.809389	-53.360603	-186.557571	-12.273524
4230.812749	-52.893044	-185.856216	-11.572180
4230.816053	-52.659260	-185.447113	-11.805962
4230.819393	-53.419052	-185.739334	-11.396844
4230.822736	-53.477497	-185.271774	-11.221508
4230.826067	-53.711277	-185.388657	-11.221508
4230.829382	-53.886616	-184.804214	-11.455289
4230.832723	-53.360603	-185.447113	-12.098188
4230.836053	-53.419052	-184.336655	-10.520164
4230.839389	-53.535946	-184.745758	-11.689071
4230.842720	-53.711277	-184.804214	-10.753945
4230.846051	-53.769726	-184.628876	-10.987726
4230.849390	-53.945057	-184.687317	-10.637054
4230.853591	-54.003506	-183.927521	-10.637054
4230.856965	-53.769726	-184.219757	-10.695500
4230.860323	-54.178841	-183.869095	-9.877264
4230.863693	-54.295731	-183.810638	-9.994155
4230.866514	-54.529510	-183.459961	-10.403274
4230.869810	-53.828167	-183.167740	-10.520164
4230.873133	-53.360603	-183.284622	-9.175920
4230.876479	-54.471069	-182.407959	-9.585038
4230.879809	-54.061951	-182.641739	-9.117476
4230.882711	-54.061951	-182.583282	-9.409702
4230.886051	-54.003506	-182.641739	-9.000585
4230.889385	-53.945057	-182.758621	-8.533022
4230.892712	-53.769726	-182.174164	-9.409702
4230.896054	-53.945057	-181.823486	-8.708358
4230.899400	-54.354179	-181.122147	-8.591467
4230.902714	-54.061951	-181.122147	-8.299240
4230.906046	-53.886616	-181.414383	-8.007013
4230.909380	-54.295731	-180.771484	-8.474577
4230.912715	-53.594387	-180.654587	-7.714787
4230.916067	-53.769726	-181.472824	-7.305669
4230.919380	-53.886616	-181.180603	-7.481005
4230.922706	-54.061951	-180.596130	-7.948568
4230.926041	-53.652836	-180.303925	-7.948568
4230.929378	-53.535946	-180.362350	-7.130333
4230.932710	-53.945057	-180.771484	-7.130333
4230.936048	-53.477497	-180.829926	-7.656341
4230.939373	-53.594387	-180.303925	-7.481005
4230.942744	-53.419052	-180.596130	-7.597896
4230.946042	-53.535946	-180.479248	-7.948568
4230.949376	-53.886616	-180.771484	-6.954997
4230.952708	-53.419052	-180.596130	-7.188778
4230.956044	-53.360603	-180.771484	-7.831677
4230.960704	-53.360603	-180.420807	-8.007013
4230.963634	-53.302162	-180.245468	-6.896552
4230.966995	-53.243713	-180.128571	-7.364114
4230.970245	-53.243713	-180.362350	-7.130333
4230.973568	-52.834599	-180.303925	-7.364114
4230.976459	-52.659260	-180.537704	-7.422560
4230.979792	-53.302162	-180.654587	-6.721216
4230.983133	-52.717709	-180.011688	-6.662770
4230.986492	-53.243713	-180.070145	-6.662770
4230.989793	-53.185272	-179.953247	-7.247224
4230.992703	-53.477497	-179.251892	-6.896552
4230.996035	-52.951492	-179.485672	-7.130333
4230.999371	-52.834599	-179.661011	-7.247224
4231.002700	-53.360603	-179.544128	-6.545880
4231.006041	-53.126823	-179.251892	-6.312099
4231.009372	-52.951492	-179.135010	-6.312099
4231.012701	-53.360603	-178.433670	-6.545880
4231.016041	-53.302162	-178.550552	-5.786090
4231.019365	-52.717709	-178.258331	-5.669199
4231.022701	-52.542370	-178.082993	-5.727644
4231.026041	-52.659260	-178.609009	-5.844535
4231.029405	-53.068382	-178.141434	-5.318527
4231.032700	-53.477497	-178.141434	-5.201637
4231.036038	-53.068382	-178.141434	-5.552309
4231.039368	-52.951492	-178.141434	-5.493863
4231.042703	-52.951492	-177.556976	-5.435418
4231.046036	-52.717709	-177.732330	-5.493863
4231.049368	-53.302162	-177.732330	-5.552309
4231.052695	-53.068382	-177.556976	-5.026300
4231.056030	-53.419052	-176.855637	-5.786090
4231.059367	-52.425480	-177.089417	-5.493863
4231.062695	-52.133255	-177.498550	-5.143191
4231.066960	-52.542370	-176.797195	-4.558738
4231.070242	-52.542370	-177.673874	-4.091175
4231.073591	-52.367039	-177.030975	-5.026300
4231.076873	-52.425480	-176.504974	-3.857393
4231.080246	-52.133255	-176.212738	-3.389831
4231.083121	-52.308590	-176.504974	-4.032730
4231.086450	-52.191700	-175.978958	-4.032730
4231.089831	-52.250145	-175.862076	-3.506721
4231.093135	-52.191700	-175.686722	-3.097604
4231.096500	-52.250145	-175.511398	-3.798948
4231.099368	-52.600819	-175.277618	-3.857393
4231.102698	-52.250145	-175.569839	-2.922268
4231.106024	-52.250145	-175.043839	-3.623612
4231.109364	-52.600819	-174.693161	-2.688486
4231.112696	-52.367039	-174.693161	-3.039158
4231.116057	-52.717709	-174.576263	-2.630041
4231.119362	-52.367039	-174.050262	-3.156049
4231.122697	-52.542370	-174.634720	-2.104033
4231.126026	-52.600819	-173.816483	-1.870251
4231.129359	-52.483929	-174.342484	-2.220923
4231.132688	-52.133255	-173.933380	-2.104033
4231.136023	-52.717709	-173.232025	-1.694915
4231.139356	-52.191700	-173.348923	-2.045588
4231.142691	-52.074806	-173.524261	-1.636470
4231.146047	-52.133255	-173.407364	-2.104033
4231.149356	-52.016365	-173.524261	-2.688486
4231.152687	-52.016365	-173.115128	-2.279369
4231.156024	-52.133255	-173.407364	-2.220923
4231.159354	-52.133255	-172.530685	-2.513150
4231.162736	-51.899475	-172.998245	-1.519579
4231.166024	-51.957916	-173.699600	-1.402689
4231.169352	-52.308590	-173.699600	-2.396260
4231.172689	-52.308590	-172.822922	-0.759790
4231.176901	-52.074806	-172.998245	-1.636470
4231.180202	-52.483929	-173.115128	-1.870251
4231.183556	-52.133255	-173.173584	-2.045588
4231.186897	-52.717709	-172.706024	-0.993571
4231.189823	-52.308590	-172.355347	-1.811806
4231.193131	-52.425480	-172.998245	-1.753361
4231.196459	-52.191700	-172.881348	-1.870251
4231.199813	-52.893044	-172.063126	-1.753361
4231.203108	-52.600819	-171.829346	-1.578025
4231.206018	-52.308590	-172.121567	-1.753361
4231.209352	-52.951492	-171.887787	-1.578025
4231.212682	-53.185272	-172.063126	-0.759790
4231.216020	-52.893044	-171.537109	-0.467563
4231.219362	-52.542370	-171.244888	-0.759790
4231.222680	-52.308590	-170.952652	-0.642899
4231.226018	-52.600819	-170.543533	-0.642899
4231.229348	-52.951492	-170.718872	0.467563
4231.232680	-53.009933	-170.718872	0.058445
4231.236019	-52.776154	-170.718872	0.876680
4231.239348	-52.834599	-170.835770	0.350672
4231.242683	-53.068382	-170.718872	0.526008
4231.246008	-53.243713	-170.017532	0.058445
4231.249344	-52.834599	-170.601990	0.467563
4231.252678	-52.893044	-169.842194	1.110462
4231.256032	-52.951492	-169.842194	0.584454
4231.259363	-52.717709	-169.666870	1.402689
4231.262700	-52.717709	-169.900650	0.876680
4231.266008	-52.893044	-170.134430	1.753361
4231.269345	-53.009933	-169.374634	1.694915
4231.272676	-53.009933	-169.316177	1.753361
4231.276019	-52.776154	-169.199295	2.045588
4231.279344	-53.009933	-169.257751	1.227352
4231.283968	-53.243713	-169.316177	1.519579
4231.286889	-52.834599	-169.140854	1.811806
4231.290207	-52.776154	-168.731735	1.928697
4231.293620	-52.951492	-169.140854	2.454705
4231.296924	-53.068382	-168.614838	1.694915
4231.299834	-53.126823	-168.673294	0.993571
4231.303099	-52.951492	-168.790192	2.045588
4231.306466	-52.659260	-168.439514	1.519579
4231.309766	-53.360603	-168.907074	1.811806
4231.312676	-52.659260	-168.381058	3.039158
4231.316008	-53.009933	-167.971939	2.045588
4231.319352	-52.893044	-167.855057	2.454705
4231.322670	-53.009933	-168.614838	2.630041
4231.326001	-53.068382	-167.562836	2.454705
4231.329340	-52.542370	-167.913498	2.396260
4231.332670	-53.068382	-168.030396	2.279369
4231.336005	-53.302162	-168.264175	2.980713
4231.339331	-53.652836	-167.504379	2.571596
4231.342672	-53.068382	-168.205719	3.214494
4231.345998	-53.302162	-167.796616	2.746932
4231.349356	-53.009933	-167.270599	3.214494
4231.352667	-53.009933	-167.562836	3.565166
4231.356001	-53.419052	-166.744583	3.214494
4231.359335	-53.302162	-167.738159	3.506721
4231.362687	-53.243713	-167.562836	2.922268
4231.365997	-53.535946	-167.504379	3.506721
4231.369331	-53.360603	-166.978378	2.922268
4231.372672	-53.009933	-167.445938	3.565166
4231.376005	-52.776154	-167.621277	3.156049
4231.379333	-53.068382	-167.387497	2.688486
4231.382666	-53.243713	-167.387497	2.863822
4231.385995	-53.360603	-167.270599	3.039158
4231.390691	-53.185272	-166.861481	3.331385
4231.393627	-53.185272	-167.095261	3.448276
4231.396948	-53.243713	-166.978378	3.915838
4231.400246	-53.243713	-166.861481	3.798948
4231.403516	-53.126823	-166.861481	3.506721
4231.406454	-52.425480	-166.978378	3.506721
4231.409756	-52.717709	-167.212158	3.389831
4231.413084	-52.659260	-166.861481	3.039158
4231.416422	-52.834599	-166.861481	3.156049
4231.419756	-52.717709	-167.621277	2.922268
4231.422664	-52.893044	-167.036819	3.448276
4231.426001	-52.600819	-167.036819	3.565166
4231.429331	-52.834599	-167.036819	2.980713
4231.432656	-52.600819	-167.329056	3.272940
4231.436039	-53.243713	-166.861481	3.272940
4231.439331	-53.126823	-166.919937	2.922268
4231.442664	-53.302162	-167.679718	3.097604
4231.445993	-53.185272	-166.919937	2.805377
4231.449337	-53.243713	-166.627701	3.039158
4231.452657	-52.834599	-166.744583	2.396260
4231.455989	-52.951492	-166.744583	1.870251
4231.459328	-53.477497	-166.744583	2.454705
4231.462656	-53.126823	-166.803040	3.389831
4231.465985	-52.367039	-166.803040	3.039158
4231.469326	-52.951492	-166.686157	3.156049
4231.472659	-53.126823	-166.978378	2.513150
4231.475985	-53.185272	-166.744583	2.454705
4231.479343	-53.419052	-165.984802	2.863822
4231.482659	-53.360603	-166.978378	2.045588
4231.485988	-52.659260	-166.569260	3.389831
4231.489321	-52.776154	-166.277023	2.688486
4231.492653	-53.477497	-166.686157	2.922268
4231.495989	-53.126823	-167.036819	2.513150
4231.500244	-52.834599	-166.627701	2.162478
4231.503501	-52.659260	-166.803040	3.623612
4231.506832	-52.834599	-166.744583	2.688486
4231.510176	-52.308590	-166.803040	2.513150
4231.513518	-52.717709	-166.686157	3.097604
4231.516451	-52.717709	-166.393921	3.448276
4231.519766	-53.185272	-166.803040	3.565166
4231.523100	-52.717709	-167.153717	3.156049
4231.526432	-52.659260	-166.686157	3.740503
4231.529315	-53.009933	-167.036819	2.922268
4231.532653	-53.126823	-166.744583	2.513150
4231.535985	-52.191700	-167.153717	3.272940
4231.539320	-52.542370	-166.744583	2.571596
4231.542650	-52.483929	-166.510803	2.630041
4231.545983	-52.542370	-166.744583	2.922268
4231.549319	-53.068382	-166.686157	2.746932
4231.552642	-52.717709	-167.036819	3.097604
4231.555979	-52.776154	-166.627701	3.156049
4231.559350	-52.250145	-166.277023	3.272940
4231.562643	-52.717709	-166.686157	2.513150
4231.565986	-52.717709	-167.270599	3.565166
4231.569310	-52.659260	-166.627701	3.448276
4231.572650	-52.483929	-166.803040	2.454705
4231.575975	-52.717709	-166.627701	2.805377
4231.579313	-52.776154	-167.329056	2.922268
4231.582642	-52.483929	-167.270599	2.980713
4231.585978	-52.893044	-167.445938	2.571596
4231.589314	-52.542370	-166.919937	2.396260
4231.592643	-52.717709	-166.919937	2.104033
4231.595997	-53.360603	-167.270599	2.337814
4231.599312	-52.951492	-167.270599	2.045588
4231.602677	-53.126823	-166.978378	2.513150
