time (s)	magX	magY	magZ
2370.265914	-47.516071	-147.574524	51.782585
2370.269217	-47.749855	-147.925186	51.899475
2370.272130	-47.632961	-148.334320	51.431911
2370.275460	-48.217415	-147.925186	51.548801
2370.278791	-47.983635	-148.451202	52.893044
2370.282129	-48.626534	-148.275864	53.068382
2370.285462	-48.568089	-147.691406	52.308590
2370.288792	-48.158970	-147.925186	52.776154
2370.292125	-48.100525	-147.808304	52.308590
2370.295459	-48.158970	-147.925186	52.893044
2370.298795	-47.749855	-148.158966	52.951492
2370.302142	-48.509644	-148.392746	51.665695
2370.305458	-48.158970	-148.334320	51.198132
2370.308791	-48.100525	-148.684982	52.542370
2370.312123	-48.217415	-148.275864	51.899475
2370.315470	-48.568089	-148.275864	51.724136
2370.318788	-48.158970	-148.918762	52.133255
2370.322126	-48.743423	-148.568100	52.191700
2370.325454	-48.392754	-148.801880	53.009933
2370.328784	-48.392754	-149.269440	52.016365
2370.332120	-48.684978	-148.801880	51.548801
2370.335453	-48.217415	-148.451202	51.782585
2370.338791	-47.925190	-149.327881	51.198132
2370.342121	-48.217415	-149.210983	51.957916
2370.345491	-48.158970	-148.860306	51.548801
2370.350133	-48.217415	-149.152542	51.607246
2370.353029	-48.801868	-149.561661	51.315022
2370.356397	-48.801868	-149.152542	52.133255
2370.359702	-48.392754	-148.977203	51.841026
2370.363064	-48.217415	-149.620102	51.957916
2370.366303	-48.451199	-149.094086	52.191700
2370.369208	-48.509644	-149.152542	52.367039
2370.372542	-48.451199	-149.970779	51.490356
2370.375874	-48.626534	-149.970779	51.841026
2370.379206	-48.860313	-150.146118	52.074806
2370.382116	-48.860313	-149.678558	51.607246
2370.385449	-48.743423	-149.561661	51.841026
2370.388806	-48.626534	-149.210983	50.905903
2370.392113	-48.801868	-149.853882	51.256573
2370.395454	-48.568089	-149.853882	51.490356
2370.398780	-49.210987	-150.087662	51.607246
2370.402130	-49.094097	-149.853882	51.957916
2370.405454	-48.977203	-150.496780	51.782585
2370.408787	-49.152542	-149.912338	51.841026
2370.412110	-48.801868	-149.678558	52.191700
2370.415446	-49.269432	-150.146118	51.548801
2370.418781	-49.035652	-149.620102	51.724136
2370.422114	-49.269432	-150.204559	52.133255
2370.425446	-48.918758	-149.853882	51.665695
2370.428780	-48.392754	-149.737000	51.022793
2370.432154	-48.568089	-149.970779	51.607246
2370.435448	-48.743423	-150.146118	51.315022
2370.438787	-49.094097	-149.853882	51.548801
2370.442116	-48.860313	-150.321442	51.724136
2370.445442	-49.620102	-150.029221	51.957916
2370.448778	-48.860313	-150.379898	51.548801
2370.452110	-49.035652	-150.321442	51.490356
2370.455439	-48.801868	-149.970779	51.081242
2370.458774	-49.561657	-150.146118	51.431911
2370.463037	-49.152542	-150.146118	51.139683
2370.466360	-49.210987	-150.029221	51.724136
2370.469655	-48.684978	-150.438339	50.321449
2370.472962	-49.035652	-150.555237	51.490356
2370.476328	-48.684978	-150.847458	51.841026
2370.479203	-48.509644	-150.789017	52.425480
2370.482538	-48.977203	-150.730560	51.665695
2370.485879	-48.451199	-150.613678	51.548801
2370.489216	-48.918758	-150.379898	51.841026
2370.492103	-49.386322	-150.321442	51.198132
2370.495448	-48.860313	-150.847458	51.373463
2370.498778	-48.801868	-151.256577	51.724136
2370.502103	-49.210987	-151.022797	51.198132
2370.505446	-49.444767	-151.315018	51.373463
2370.508775	-49.503212	-150.847458	51.724136
2370.512103	-48.918758	-151.081238	50.964348
2370.515436	-49.269432	-151.256577	51.548801
2370.518807	-49.561657	-151.139694	51.256573
2370.522105	-49.620102	-151.782578	51.139683
2370.525433	-49.561657	-151.782578	50.730568
2370.528766	-49.970776	-151.724136	51.022793
2370.532101	-49.795441	-151.724136	50.847458
2370.535432	-49.795441	-152.074814	49.970776
2370.538771	-50.204556	-153.126831	51.198132
2370.542103	-49.853886	-153.126831	50.263004
2370.545430	-50.789009	-153.769714	50.905903
2370.548764	-50.379898	-153.945068	50.555229
2370.552098	-50.379898	-153.594391	49.912331
2370.555431	-50.496788	-153.945068	49.444767
2370.558767	-50.321449	-154.529510	49.620102
2370.562130	-50.146114	-155.172424	49.736996
2370.565445	-51.315022	-155.581528	48.801868
2370.568776	-51.548801	-155.464630	49.386322
2370.573379	-51.373463	-155.815308	47.983635
2370.576290	-51.198132	-156.633545	47.925190
2370.579647	-51.899475	-155.990646	48.042080
2370.582969	-51.490356	-156.107544	47.866745
2370.586355	-51.315022	-156.984222	47.399181
2370.589210	-51.607246	-156.633545	47.574516
2370.592575	-52.250145	-157.334885	48.158970
2370.595896	-52.016365	-157.568665	48.334305
2370.599199	-51.607246	-157.101105	47.749855
2370.602092	-51.548801	-157.159561	47.983635
2370.605465	-51.782585	-157.334885	48.217415
2370.608762	-51.548801	-156.867325	48.684978
2370.612101	-52.133255	-157.101105	47.749855
2370.615422	-52.133255	-156.633545	48.451199
2370.618763	-51.957916	-156.049103	48.860313
2370.622096	-52.483929	-156.224426	48.860313
2370.625424	-52.250145	-156.808884	49.035652
2370.628758	-52.250145	-156.049103	49.269432
2370.632089	-52.600819	-156.282883	49.561657
2370.635425	-52.250145	-155.756866	49.327877
2370.638757	-52.133255	-155.932205	49.152542
2370.642090	-52.776154	-155.464630	49.561657
2370.645429	-52.542370	-155.347748	50.379898
2370.648760	-52.659260	-155.347748	49.912331
2370.652088	-52.717709	-155.464630	49.269432
2370.655458	-53.009933	-155.581528	48.801868
2370.658757	-52.951492	-155.347748	49.503212
2370.662087	-52.600819	-155.581528	48.977203
2370.665425	-52.542370	-155.464630	49.795441
2370.668758	-52.425480	-155.523087	49.503212
2370.672092	-52.483929	-155.815308	49.210987
2370.675418	-52.542370	-156.282883	49.678551
2370.678753	-53.068382	-155.990646	49.561657
2370.682926	-53.360603	-155.990646	49.152542
2370.686289	-53.243713	-156.575104	48.392754
2370.689617	-53.185272	-156.516663	48.801868
2370.693037	-53.477497	-156.633545	49.210987
2370.695868	-53.419052	-156.516663	48.275860
2370.699198	-53.535946	-156.867325	48.217415
2370.702513	-53.828167	-157.159561	47.925190
2370.705841	-54.237289	-157.276459	48.042080
2370.709173	-53.945057	-157.218002	47.866745
2370.712083	-53.477497	-156.750443	48.801868
2370.715419	-53.769726	-156.984222	48.860313
2370.718756	-53.828167	-156.808884	48.684978
2370.722081	-53.360603	-157.685562	47.457626
2370.725419	-53.652836	-157.627121	48.451199
2370.728754	-53.535946	-157.393341	48.568089
2370.732085	-53.769726	-157.451782	49.035652
2370.735427	-53.769726	-157.685562	48.451199
2370.738744	-53.945057	-157.802444	48.158970
2370.742080	-54.529510	-157.919342	49.152542
2370.745410	-54.587959	-156.691986	47.983635
2370.748745	-54.178841	-156.925781	48.042080
2370.752135	-54.237289	-156.516663	48.042080
2370.755416	-54.412621	-157.744019	48.801868
2370.758749	-54.529510	-157.393341	48.801868
2370.762082	-54.704849	-156.867325	48.509644
2370.765450	-55.230862	-157.627121	48.684978
2370.768743	-54.821743	-157.334885	48.275860
2370.772078	-55.581535	-157.451782	48.451199
2370.775408	-55.289303	-158.153122	48.392754
2370.778775	-55.347752	-157.451782	48.860313
2370.782074	-55.289303	-157.276459	48.158970
2370.785413	-55.639977	-157.802444	48.626534
2370.789614	-56.224430	-157.510239	48.743423
2370.792949	-55.698425	-157.919342	48.684978
2370.796372	-56.282879	-157.334885	48.918758
2370.799682	-56.575100	-157.860901	48.743423
2370.802596	-56.458210	-156.808884	49.561657
2370.805832	-56.691994	-157.276459	49.094097
2370.809171	-57.159554	-157.276459	49.094097
2370.812492	-56.750443	-157.276459	49.795441
2370.815837	-56.691994	-156.516663	49.970776
2370.818739	-56.516659	-156.808884	49.327877
2370.822106	-56.575100	-156.691986	49.269432
2370.825407	-56.691994	-156.867325	49.970776
2370.828744	-57.042664	-156.224426	49.269432
2370.832073	-56.399769	-156.107544	49.561657
2370.835403	-57.159554	-156.049103	49.503212
2370.838733	-56.925774	-156.341324	49.152542
2370.842071	-57.393337	-155.990646	49.503212
2370.845406	-56.282879	-155.639984	50.029224
2370.848740	-56.575100	-156.165985	49.795441
2370.852069	-56.107540	-155.932205	50.496788
2370.855401	-57.159554	-156.282883	49.970776
2370.858735	-56.458210	-156.282883	50.613678
2370.862074	-56.049095	-156.224426	49.620102
2370.865438	-55.932205	-155.523087	50.905903
2370.868734	-56.575100	-156.458206	49.503212
2370.872073	-56.224430	-156.399765	49.970776
2370.875403	-56.224430	-156.691986	49.035652
2370.878736	-55.932205	-156.691986	49.503212
2370.882066	-56.575100	-156.984222	49.970776
2370.885402	-56.575100	-156.341324	48.977203
2370.888735	-56.691994	-156.867325	49.678551
2370.892070	-56.750443	-155.873764	49.152542
2370.895405	-56.633549	-157.218002	49.386322
2370.900071	-56.750443	-156.575104	49.152542
2370.902986	-56.750443	-157.042664	49.444767
2370.906323	-57.802456	-156.925781	49.678551
2370.909625	-56.984222	-157.334885	50.087666
2370.912914	-57.393337	-156.867325	49.327877
2370.915828	-56.984222	-157.393341	49.386322
2370.919162	-57.393337	-157.568665	49.035652
2370.922493	-57.042664	-157.510239	48.977203
2370.925826	-56.750443	-157.977798	49.269432
2370.929172	-57.451786	-157.451782	49.444767
2370.932057	-57.802456	-156.984222	49.269432
2370.935399	-56.984222	-157.334885	49.210987
2370.938737	-57.218002	-157.919342	49.678551
2370.942059	-57.393337	-157.919342	49.386322
2370.945422	-57.042664	-157.451782	48.743423
2370.948731	-56.984222	-157.802444	49.152542
2370.952076	-56.282879	-158.270020	48.860313
2370.955393	-56.516659	-158.211578	48.217415
2370.958730	-56.575100	-158.211578	48.801868
2370.962059	-56.399769	-158.620697	49.094097
2370.965391	-55.932205	-158.503799	48.392754
2370.968724	-56.224430	-159.322037	47.399181
2370.972060	-55.873756	-159.555817	48.626534
2370.975397	-55.873756	-159.614258	48.042080
2370.978729	-56.458210	-159.789597	47.925190
2370.982066	-56.867332	-159.614258	48.042080
2370.985394	-56.399769	-160.023376	47.808300
2370.988724	-55.932205	-161.075394	47.983635
2370.992057	-56.282879	-160.666275	48.100525
2370.995391	-56.107540	-160.257156	48.042080
2370.998718	-55.873756	-161.484512	48.100525
2371.002051	-55.990646	-161.133835	47.282291
2371.005390	-55.113972	-161.133835	47.399181
2371.009646	-55.990646	-161.133835	47.574516
2371.012940	-55.639977	-161.484512	47.048508
2371.016241	-55.289303	-161.426071	46.873173
2371.019574	-55.815315	-161.250732	47.048508
2371.022923	-55.698425	-161.601395	46.639393
2371.025862	-56.282879	-161.659851	47.282291
2371.029166	-56.107540	-161.309174	47.574516
2371.032507	-56.341320	-161.192291	46.522503
2371.035891	-56.049095	-162.010513	46.756283
2371.038725	-55.815315	-161.835175	47.340736
2371.042054	-56.107540	-162.127411	47.808300
2371.045384	-56.575100	-161.192291	47.691406
2371.048716	-56.516659	-161.542953	47.691406
2371.052048	-56.107540	-161.601395	47.516071
2371.055419	-56.341320	-161.309174	47.983635
2371.058722	-56.750443	-161.484512	47.866745
2371.062049	-56.224430	-161.426071	47.282291
2371.065382	-56.224430	-161.542953	48.158970
2371.068720	-56.224430	-160.958511	47.983635
2371.072047	-56.516659	-162.068970	48.860313
2371.075385	-56.575100	-161.367615	48.568089
2371.078718	-56.107540	-161.893631	47.749855
2371.082047	-56.575100	-161.192291	47.691406
2371.085376	-56.516659	-161.659851	48.158970
2371.088724	-56.691994	-161.718292	47.983635
2371.092070	-55.990646	-161.893631	48.743423
2371.095379	-56.341320	-161.952072	47.925190
2371.098714	-55.990646	-162.127411	48.158970
2371.102047	-56.516659	-162.302750	47.632961
2371.105376	-55.581535	-162.828751	47.516071
2371.108712	-56.282879	-163.997665	47.516071
2371.112047	-56.165989	-163.705429	47.749855
2371.115379	-55.815315	-163.354767	47.282291
2371.119997	-55.756866	-163.939209	46.814728
2371.122927	-55.756866	-164.289886	46.347164
2371.126242	-56.107540	-165.400345	46.405609
2371.129637	-55.289303	-165.575684	45.879601
2371.132990	-56.341320	-166.277023	46.171829
2371.135857	-55.990646	-166.510803	46.405609
2371.139136	-55.873756	-166.978378	45.996494
2371.142483	-55.873756	-167.796616	46.230274
2371.145805	-56.165989	-168.907074	45.704266
2371.148712	-56.691994	-168.965515	45.938049
2371.152042	-56.633549	-170.192871	44.769142
2371.155373	-56.516659	-170.952652	44.418468
2371.158706	-56.984222	-171.829346	43.834015
2371.162039	-57.159554	-172.180008	43.950905
2371.165371	-57.159554	-173.641144	43.424900
2371.168707	-57.042664	-173.933380	43.308006
2371.172040	-57.218002	-175.102280	43.015781
2371.175372	-57.042664	-176.563416	42.548218
2371.178728	-56.984222	-177.206314	42.255993
2371.182038	-57.802456	-178.667450	41.087086
2371.185376	-57.977791	-180.362350	41.203976
2371.188707	-57.977791	-182.115723	41.028641
2371.192033	-57.802456	-183.109299	40.385738
2371.195395	-57.977791	-185.037994	39.567505
2371.198700	-57.860901	-186.265335	38.457043
2371.202036	-58.036240	-188.310928	37.580360
2371.205370	-57.568676	-189.655167	37.112801
2371.208701	-58.503799	-190.940979	36.177673
2371.212035	-58.971363	-193.746353	35.651665
2371.215369	-58.094681	-195.616608	34.073643
2371.218698	-58.153130	-197.486847	32.963181
2371.222063	-57.568676	-199.532440	33.080070
2371.225364	-57.977791	-201.753357	31.502045
2371.230057	-58.854473	-205.610748	29.047340
2371.232933	-58.620689	-208.007004	27.352425
2371.236289	-58.562244	-210.578613	25.949738
2371.239617	-58.854473	-212.799530	24.722383
2371.242967	-59.205143	-215.429565	23.319696
2371.246207	-58.620689	-217.358276	22.033899
2371.249118	-59.088253	-220.280533	20.572765
2371.252458	-59.029804	-222.501465	18.936295
2371.255785	-58.562244	-225.482178	17.124489
2371.259135	-59.205143	-227.995331	16.014027
2371.262033	-58.971363	-230.391571	15.020455
2371.265384	-59.964931	-232.963181	12.916424
2371.268694	-59.906490	-236.703674	10.929281
2371.272033	-60.374050	-239.099930	9.059030
2371.275362	-60.315601	-241.963776	7.714787
2371.278694	-60.257160	-245.236710	5.260082
2371.282028	-60.900055	-248.801880	3.156049
2371.285359	-61.309177	-251.373459	0.584454
2371.288692	-61.367619	-255.464645	-2.220923
2371.292080	-61.659847	-258.620697	-4.266511
2371.295357	-62.244301	-262.010529	-7.013443
2371.298693	-62.361191	-266.043243	-9.526592
2371.302026	-63.062538	-269.842194	-12.682642
2371.305356	-62.828754	-273.290466	-15.195791
2371.308725	-63.179428	-277.732330	-17.884277
2371.312023	-63.646992	-281.414368	-20.748100
2371.315364	-63.997662	-285.213318	-24.780828
2371.318695	-64.289894	-290.181183	-28.988895
2371.322019	-64.699005	-293.980133	-32.203392
2371.325353	-64.815895	-298.889526	-36.353008
2371.328691	-65.458801	-303.857391	-40.853302
2371.332027	-65.575691	-308.006989	-45.353596
2371.335354	-65.809471	-313.267090	-48.918758
2371.340041	-66.569260	-322.910583	-59.263588
2371.343007	-66.978378	-328.579773	-65.400352
2371.346293	-66.861488	-333.255402	-71.186440
2371.349532	-66.569260	-337.872589	-76.504967
2371.352874	-66.919930	-344.009338	-82.933960
2371.355782	-66.978378	-350.204559	-88.836937
2371.359133	-67.855057	-354.412628	-95.090591
2371.362450	-67.153709	-360.490936	-102.162483
2371.365775	-67.387489	-366.510834	-109.234367
2371.369134	-67.971947	-371.595551	-116.598473
2371.372017	-68.205727	-377.557007	-124.547050
2371.375349	-68.088837	-384.219757	-132.554062
2371.378681	-68.439507	-389.772064	-140.093521
2371.382022	-68.731735	-395.675049	-148.275864
2371.385399	-69.082413	-402.396240	-157.510239
2371.388689	-69.433083	-408.065460	-166.335480
2371.392017	-70.017532	-414.728210	-175.862076
2371.395388	-70.543541	-421.157227	-186.090012
2371.398681	-70.601990	-427.352417	-196.610168
2371.402038	-71.420219	-433.430725	-206.896545
2371.405352	-71.887787	-440.619507	-218.293411
2371.408680	-72.530678	-446.580933	-229.865570
2371.412013	-73.290474	-452.659271	-241.145538
2371.415352	-73.232033	-459.731140	-253.535934
2371.418675	-74.342491	-465.575684	-266.393921
2371.422015	-74.926941	-472.881378	-280.596130
2371.425347	-75.336060	-480.479248	-293.863251
2371.428676	-75.862068	-486.499115	-307.831665
2371.432013	-76.563416	-492.869659	-323.436584
2371.435343	-77.206314	-499.941528	-338.983063
2371.438707	-77.264755	-506.019867	-355.523071
2371.442012	-77.790764	-511.396851	-373.816498
2371.445346	-79.076561	-519.170105	-390.882507
2371.449607	-79.953239	-529.865601	-428.229095
2371.452882	-79.251900	-534.716553	-447.808319
2371.456193	-79.953239	-541.379333	-467.504395
2371.459531	-80.303917	-546.230286	-489.538300
2371.462899	-80.187019	-551.139709	-510.929291
2371.465763	-80.713036	-555.932190	-532.963196
2371.469107	-80.187019	-559.731140	-556.516663
2371.472451	-79.953239	-563.997681	-580.479248
2371.475790	-80.479256	-567.738159	-604.032715
2371.478679	-80.187019	-569.783752	-628.638245
2371.482042	-79.836349	-573.232056	-654.412598
2371.485346	-79.719460	-574.985413	-678.842773
2371.488679	-79.368790	-574.751587	-705.493896
2371.492004	-78.959671	-576.271179	-730.040955
2371.495345	-78.725891	-575.920532	-755.815308
2371.498675	-78.784332	-575.862061	-783.109253
2371.502008	-78.199883	-575.277588	-810.286438
2371.505343	-77.264755	-572.881348	-837.288086
2371.508669	-77.147865	-570.075989	-863.062561
2371.512002	-77.147865	-566.101685	-889.713562
2371.515336	-76.914085	-561.952087	-915.371155
2371.518666	-76.504967	-556.925781	-942.665100
2371.522004	-76.095848	-550.905884	-968.088806
2371.525356	-75.628288	-544.243164	-993.454102
2371.528672	-75.745178	-536.820557	-1019.053162
2371.532011	-75.862068	-528.872009	-1043.132690
2371.535332	-75.394508	-518.351868	-1068.556396
2371.538665	-74.751610	-508.649933	-1091.408569
2371.542000	-74.342491	-497.253082	-1114.026978
2371.545341	-74.751610	-485.797791	-1135.359497
2371.548667	-74.342491	-470.894196	-1158.328491
2371.552037	-74.576271	-456.458221	-1179.135010
2371.555334	-74.167160	-441.729980	-1197.077759
2371.559942	-73.115143	-409.000580	-1232.437134
2371.562876	-72.706017	-390.648743	-1247.983643
2371.566210	-72.296898	-372.413788	-1263.880737
2371.569589	-71.186440	-352.483917	-1276.212769
2371.572917	-70.718880	-332.320282	-1288.018677
2371.575794	-69.783752	-310.344849	-1298.831055
2371.579123	-68.556396	-287.142029	-1305.786133
2371.582484	-67.329048	-264.289886	-1316.598511
2371.585754	-65.634132	-240.677979	-1321.390991
2371.589096	-64.699005	-216.014023	-1326.534180
2371.591996	-63.471649	-190.531845	-1328.638306
2371.595327	-61.835182	-165.341904	-1333.547607
2371.598664	-59.906490	-139.275284	-1331.385132
2371.601993	-58.153130	-112.741089	-1329.281128
2371.605328	-56.867332	-86.323784	-1326.300415
2371.608663	-54.997082	-58.971363	-1321.040283
2371.612015	-53.360603	-32.144947	-1314.845093
2371.615332	-51.315022	-5.376973	-1308.708374
2371.618662	-49.620102	22.267679	-1299.181763
2371.621998	-47.925190	48.743423	-1288.369385
2371.625327	-46.405609	75.043831	-1276.797241
2371.628657	-44.418468	100.818237	-1264.465210
2371.631991	-42.840446	127.001747	-1252.483887
2371.635328	-41.496201	152.250153	-1238.106323
2371.638656	-40.619518	177.030975	-1221.916992
2371.641990	-39.392166	201.110458	-1205.143188
2371.645324	-38.515488	225.248383	-1189.538330
2371.648659	-37.872589	246.873169	-1171.186401
2371.651991	-36.353008	269.433075	-1154.120361
2371.655356	-35.827003	290.356506	-1135.008789
2371.658654	-35.476330	310.111053	-1115.955566
2371.662007	-34.891876	329.573334	-1096.376465
2371.665326	-33.781414	349.094116	-1076.563477
2371.668657	-34.073643	368.147278	-1056.399780
2371.672851	-33.722969	400.701324	-1017.358276
2371.676196	-34.015198	415.604919	-995.265991
2371.679597	-33.606079	430.216278	-974.108704
2371.682909	-33.489189	443.132690	-953.886597
2371.685774	-33.080070	456.458221	-932.086487
2371.689075	-33.313854	467.855072	-910.987732
2371.692409	-33.255405	479.134979	-889.362915
2371.695750	-33.080070	490.181152	-869.023987
2371.699081	-32.495617	498.947998	-847.282288
2371.701985	-32.787846	507.539459	-826.475708
2371.705324	-32.612507	515.663330	-805.552307
2371.708656	-32.612507	522.852112	-783.810608
2371.711985	-32.144947	529.690247	-764.523621
2371.715318	-31.794271	535.534790	-743.541748
2371.718647	-31.092926	540.619507	-724.313232
2371.721980	-30.859146	545.411987	-705.376953
2371.725316	-31.151373	549.094116	-685.973145
2371.728647	-30.566919	552.074829	-668.147278
2371.731980	-29.924021	554.938660	-648.743408
2371.735314	-29.748684	557.042664	-630.800720
2371.738650	-29.222675	558.094666	-611.805969
2371.742012	-28.930450	557.685547	-592.635864
2371.745319	-28.404442	558.620667	-575.160767
2371.748653	-28.638224	559.205139	-558.153076
2371.751978	-28.287550	558.328491	-542.197571
2371.755311	-27.586206	556.341309	-525.599060
2371.758651	-27.703098	554.295715	-508.591461
2371.761982	-27.936878	554.178833	-492.986542
2371.765315	-27.001753	550.905884	-477.849182
2371.768646	-27.293980	547.574524	-462.945648
2371.771976	-26.884863	546.230286	-448.100525
2371.775316	-26.826418	542.840454	-435.125641
2371.778647	-27.352425	540.327332	-422.442993
2371.782845	-27.001753	532.554077	-397.253052
2371.786233	-27.118645	529.105835	-384.278198
2371.789565	-28.345997	525.248413	-372.121582
2371.792921	-27.936878	521.507874	-360.841614
2371.795779	-28.638224	517.708923	-349.678528
2371.799066	-29.047340	511.981293	-338.047943
2371.802402	-29.105785	507.305664	-327.586212
2371.805738	-29.164230	502.805389	-317.007599
2371.809070	-29.690239	499.298676	-308.299225
2371.811971	-29.865574	495.090576	-297.486847
2371.815311	-29.631794	490.531860	-288.953827
2371.818636	-30.859146	485.330200	-280.537689
2371.821976	-30.859146	481.122162	-271.361786
2371.825306	-31.443600	475.102295	-262.244293
2371.828668	-31.677380	470.660461	-253.652832
2371.831975	-32.144947	465.751038	-246.697830
2371.835310	-31.502045	461.309204	-239.041489
2371.838639	-32.144947	456.341309	-230.683807
2371.841972	-32.320282	451.081238	-223.027466
2371.845299	-32.729401	446.580933	-215.838699
2371.848693	-32.320282	440.794861	-209.175919
2371.851973	-32.495617	436.995880	-202.045578
2371.855301	-32.437172	432.670959	-194.798355
2371.858636	-32.963181	427.819977	-188.895386
2371.861968	-33.021626	423.027466	-181.648163
2371.865310	-32.729401	418.936310	-175.511398
2371.868638	-32.320282	413.500885	-170.017532
2371.872004	-32.612507	409.409729	-164.523666
2371.875304	-32.904736	404.967834	-159.029800
2371.878631	-32.846291	400.467590	-153.477509
2371.881965	-32.670956	396.201050	-148.392746
2371.885299	-32.787846	391.583862	-143.834015
2371.888630	-32.378727	387.609589	-138.573929
2371.892832	-32.963181	379.485687	-129.339569
2371.896234	-32.495617	375.277618	-125.131500
2371.899575	-32.612507	371.127991	-121.098770
2371.902886	-33.255405	367.329041	-117.066040
2371.906149	-33.313854	363.237885	-112.916420
2371.909063	-33.196960	360.257141	-109.409698
2371.912396	-33.196960	356.633545	-105.902985
2371.915757	-33.430744	353.243713	-102.863823
2371.919056	-33.430744	349.327881	-99.590881
2371.921964	-33.898308	346.931610	-97.136177
2371.925292	-33.489189	343.249573	-93.571014
2371.928628	-33.664524	340.327301	-90.473404
2371.931958	-33.839859	337.346588	-87.142021
2371.935294	-34.132088	334.132080	-85.797783
2371.938624	-34.015198	331.385162	-82.992401
2371.941956	-34.599651	328.462891	-80.187019
2371.945294	-34.599651	325.774414	-77.966103
2371.948626	-34.716541	323.611938	-75.745178
2371.951989	-34.891876	320.514313	-74.050262
2371.955297	-34.774986	318.234955	-71.361771
2371.958632	-35.125656	315.546478	-68.907074
2371.961959	-35.417885	312.799530	-67.445938
2371.965295	-35.476330	311.221497	-64.932785
2371.968631	-35.417885	309.292816	-63.413208
2371.971964	-35.885448	306.545868	-61.893631
2371.975291	-36.469902	304.500305	-60.841614
2371.978627	-36.177673	302.220917	-57.802456
2371.981956	-36.294563	300.058441	-55.873756
2371.985288	-36.060783	297.837524	-54.412621
2371.988643	-36.236118	296.434845	-53.009933
2371.991956	-35.885448	294.447693	-51.724136
2371.995293	-35.768555	292.694336	-50.204556
2371.998622	-35.710110	290.765656	-48.451199
2372.002878	-35.417885	286.616028	-46.113384
2372.006212	-35.125656	285.563995	-45.178257
2372.009551	-35.125656	284.745758	-43.308006
2372.012818	-35.417885	282.758606	-42.548218
2372.016129	-35.184105	280.771484	-41.379311
2372.019044	-34.891876	279.193451	-40.151958
2372.022380	-34.774986	278.375214	-39.158386
2372.025722	-35.300995	276.680298	-38.281708
2372.029045	-34.774986	275.745178	-36.879017
2372.031977	-34.599651	275.160706	-36.586792
2372.035281	-34.424313	273.465790	-35.417885
2372.038622	-35.534775	272.530670	-34.541206
2372.041946	-35.242550	271.595551	-33.196960
2372.045288	-35.184105	270.718872	-32.904736
2372.048667	-35.710110	269.725311	-31.852718
2372.051947	-35.067211	269.140869	-31.677380
2372.055280	-35.008766	268.088837	-31.268263
2372.058620	-35.359440	268.147278	-31.151373
2372.061987	-35.651665	267.270599	-30.800701
2372.065279	-35.827003	267.036804	-30.859146
2372.068615	-36.002338	266.510834	-30.274693
2372.071945	-35.710110	266.335480	-29.339567
2372.075291	-35.593220	266.218597	-29.631794
2372.078613	-36.002338	266.277039	-29.398012
2372.081949	-36.353008	265.634125	-29.573349
2372.085282	-35.768555	265.692566	-29.865574
2372.088617	-35.827003	265.458801	-29.924021
2372.091947	-35.534775	264.874329	-29.164230
2372.095279	-36.119228	265.517242	-29.164230
2372.098640	-35.827003	265.400360	-28.813559
2372.101942	-36.353008	265.517242	-29.281122
2372.105284	-35.885448	265.867920	-28.988895
2372.109583	-36.002338	265.517242	-29.164230
2372.112794	-35.885448	266.101685	-29.222675
2372.116125	-35.359440	266.218597	-29.514902
2372.119469	-35.710110	266.569244	-29.982466
2372.122841	-35.476330	266.510834	-30.099356
2372.125699	-36.060783	267.445953	-29.573349
2372.129056	-35.125656	267.855042	-31.443600
2372.132389	-35.827003	268.381073	-30.625364
2372.135723	-35.242550	268.673309	-31.385153
2372.138662	-34.307423	268.556396	-32.028053
2372.141982	-35.008766	269.433075	-32.261837
2372.145280	-34.541206	270.309753	-32.144947
2372.148629	-34.891876	271.303314	-33.080070
2372.151937	-34.424313	271.361786	-33.430744
2372.155271	-34.190533	272.121582	-34.015198
2372.158609	-34.132088	273.290466	-33.781414
2372.161940	-34.248978	273.816498	-35.359440
2372.165277	-34.073643	275.219177	-35.710110
2372.168606	-33.489189	276.037415	-35.768555
2372.171935	-34.365868	277.147858	-36.469902
2372.175271	-33.956753	278.667450	-37.346581
2372.178605	-33.430744	280.011688	-38.515488
2372.181936	-33.722969	281.414368	-39.567505
2372.185293	-33.547634	282.641724	-40.970196
2372.188607	-33.138515	284.979523	-41.613094
2372.191937	-33.489189	285.856232	-43.424900
2372.195267	-33.372299	287.492706	-43.950905
2372.198608	-33.196960	289.479828	-45.002922
2372.201939	-33.430744	290.882507	-46.522503
2372.205267	-33.080070	292.518982	-47.925190
2372.208612	-32.963181	294.681488	-49.970776
2372.211937	-33.196960	296.902405	-50.964348
2372.215269	-33.313854	299.240204	-52.951492
2372.219895	-32.846291	302.630035	-56.691994
2372.222804	-32.846291	305.786072	-58.211571
2372.226131	-32.670956	307.013428	-59.789597
2372.229507	-32.554062	309.818817	-62.419636
2372.232866	-32.495617	312.273529	-63.822330
2372.235717	-32.378727	314.260681	-66.218582
2372.239054	-32.495617	316.306244	-68.556396
2372.242373	-31.852718	318.702515	-69.783752
2372.245691	-32.144947	322.150787	-71.654007
2372.249027	-31.677380	324.196381	-74.693161
2372.251937	-31.209818	326.884857	-77.089424
2372.255264	-31.151373	329.281128	-79.544128
2372.258605	-30.859146	332.144958	-81.881943
2372.261930	-30.625364	334.190521	-84.336647
2372.265266	-30.099356	337.521912	-87.258911
2372.268599	-29.865574	340.502625	-90.765633
2372.271966	-29.865574	343.483337	-92.460548
2372.275260	-29.105785	346.113403	-95.967270
2372.278595	-29.281122	349.269440	-98.363533
2372.281924	-28.813559	353.243713	-102.279366
2372.285258	-28.287550	356.282867	-105.260086
2372.288591	-28.112215	358.562256	-108.825241
2372.291931	-28.287550	362.302765	-111.805962
2372.295259	-28.170660	366.101685	-115.838692
2372.298594	-27.293980	369.842194	-119.228516
2372.301971	-27.001753	373.056702	-123.144363
2372.305258	-26.592636	376.621857	-128.053772
2372.308595	-26.358854	381.005249	-132.320282
2372.311929	-26.709526	385.213318	-136.294571
2372.315277	-25.599066	388.953827	-141.028641
2372.318593	-25.774401	392.343658	-146.756287
2372.321930	-25.482174	396.201050	-151.782578
2372.325262	-25.365284	400.935120	-156.808884
2372.328590	-25.189949	404.967834	-162.068970
2372.332768	-24.605494	413.676208	-172.764465
2372.336134	-23.904150	418.760956	-179.251892
2372.339478	-23.611923	422.618347	-185.856216
2372.342836	-23.728813	427.235565	-191.525421
2372.345714	-23.787258	432.261841	-197.837524
2372.349068	-23.085915	436.762146	-204.617187
2372.352355	-23.202805	440.619507	-211.572174
2372.355679	-22.559906	445.412018	-218.351837
2372.359030	-22.384571	449.035645	-226.008179
2372.361917	-22.384571	454.704865	-232.787842
2372.365252	-21.917007	459.029816	-240.794846
2372.368587	-21.975452	463.880768	-248.743408
2372.371920	-21.215664	468.205750	-255.873749
2372.375252	-20.514320	473.290497	-264.699005
2372.378583	-20.397429	477.323212	-272.939789
2372.381914	-19.403856	482.875488	-281.648163
2372.385254	-18.936295	488.018707	-290.940979
2372.388583	-18.410286	492.869659	-300.233795
2372.391919	-17.767387	497.311493	-309.585052
2372.395245	-17.299826	501.753387	-319.111633
2372.398601	-16.832262	505.376953	-329.456451
2372.401940	-16.189363	509.701904	-340.151947
2372.405251	-15.137346	514.552856	-350.555237
2372.408584	-14.143775	517.475159	-361.893616
2372.411917	-14.026885	522.384521	-372.647583
2372.415242	-13.442431	525.949707	-384.628876
2372.418576	-12.331969	529.924011	-396.142609
2372.421912	-11.864407	534.190491	-408.591461
2372.425245	-10.987726	537.697266	-420.981873
2372.428579	-10.286383	540.561035	-433.898315
2372.431909	-9.234365	543.658691	-447.399200
2372.435245	-8.766803	546.697876	-460.783142
2372.439934	-8.416131	551.841003	-489.947418
2372.442785	-7.130333	554.003540	-505.376953
2372.446227	-6.253653	554.588013	-521.274109
2372.449502	-6.253653	556.165955	-536.703674
2372.452780	-5.786090	556.925781	-553.243713
2372.455668	-6.136762	558.153076	-569.666870
2372.459003	-4.967855	558.094666	-585.797791
2372.462334	-4.266511	558.153076	-604.032715
2372.465666	-3.565166	557.919373	-620.105225
2372.468575	-3.974284	556.282837	-639.333740
2372.471908	-2.980713	554.295715	-657.334900
2372.475243	-2.162478	552.074829	-674.810059
2372.478579	-2.396260	549.269409	-693.863220
2372.481905	-2.104033	545.762756	-713.676208
2372.485237	-1.987142	541.963745	-732.846313
2372.488586	-1.052016	536.645203	-751.315002
2372.491910	-0.116891	532.203369	-770.368164
2372.495241	0.409117	525.657532	-790.824097
2372.498574	0.116891	519.579163	-810.111023
2372.501929	0.350672	512.098145	-830.157776
2372.505241	1.110462	504.441833	-850.730591
2372.508571	1.110462	495.441254	-870.543579
2372.511900	2.045588	485.914673	-890.414978
2372.515237	2.688486	475.628296	-910.812378
2372.518567	3.448276	465.049683	-930.566895
2372.521907	3.915838	453.711273	-951.081299
2372.525236	4.441847	441.087097	-969.900635
2372.528573	4.909410	428.638214	-989.479858
2372.531938	6.312099	414.377533	-1009.935669
2372.535237	7.071887	400.818237	-1029.222656
2372.538569	7.422560	385.388672	-1046.288696
2372.541906	7.714787	369.959106	-1066.452393
2372.545238	8.299240	353.711273	-1084.745850
2372.549915	9.234365	318.994751	-1122.501465
2372.552837	9.000585	300.409119	-1140.093506
2372.556203	9.585038	280.479248	-1157.101196
2372.559412	9.643483	261.192261	-1172.121582
2372.562750	9.409702	240.911743	-1188.720093
2372.565651	9.175920	220.514328	-1204.500244
2372.568999	9.351256	198.421982	-1218.410278
2372.572322	8.416131	175.978958	-1232.144897
2372.575697	7.948568	153.477509	-1246.814697
2372.578566	7.773232	130.566925	-1260.432495
2372.581900	7.656341	106.721207	-1272.063110
2372.585235	6.545880	82.817062	-1281.823486
2372.588564	5.493863	58.679134	-1293.337280
2372.591893	4.909410	34.132088	-1301.168945
2372.595241	3.857393	9.994155	-1309.234375
2372.598567	2.337814	-15.488018	-1315.897217
2372.601894	1.168907	-39.801285	-1321.975464
2372.605235	0.292227	-64.348335	-1325.248413
2372.608563	-1.285798	-88.194038	-1328.462891
2372.611895	-2.454705	-112.273529	-1330.917603
2372.615228	-4.850964	-136.119217	-1330.742310
2372.618579	-5.435418	-159.614258	-1331.852783
2372.621892	-6.195207	-182.758621	-1329.865601
2372.625228	-7.890122	-205.318527	-1325.949707
2372.628561	-9.234365	-226.884872	-1322.033936
2372.631895	-9.994155	-248.334320	-1317.182861
2372.635220	-11.513735	-268.556396	-1307.480957
2372.638557	-12.390414	-289.070740	-1300.759766
2372.641887	-13.442431	-308.357697	-1291.759155
2372.645226	-15.137346	-327.410858	-1281.531250
2372.648560	-15.604909	-345.587372	-1270.952759
2372.651890	-16.832262	-362.828766	-1259.088257
2372.655230	-17.358271	-380.420807	-1245.879639
2372.659478	-19.345411	-410.637054	-1218.118042
2372.662769	-20.280537	-425.131500	-1201.636475
2372.666075	-21.040327	-438.807739	-1184.395142
2372.669413	-21.566336	-452.425476	-1166.861450
2372.672741	-22.501461	-464.231445	-1147.983643
2372.675652	-23.378141	-475.978943	-1129.748779
2372.678977	-24.021040	-488.194031	-1111.396851
2372.682338	-25.599066	-497.779083	-1091.817627
2372.685666	-25.540621	-507.364136	-1071.069580
2372.688995	-26.592636	-517.650513	-1049.386353
2372.691925	-26.884863	-524.137939	-1028.287476
2372.695220	-27.878433	-531.443604	-1006.545898
2372.698554	-28.755114	-539.158386	-984.862610
2372.701884	-30.216248	-544.944458	-964.173035
2372.705221	-31.092926	-551.665710	-941.730042
2372.708552	-32.378727	-555.581543	-918.351868
2372.711891	-33.196960	-559.438965	-895.265991
2372.715219	-34.482758	-563.296326	-873.524292
2372.718550	-35.359440	-566.452332	-850.789001
2372.721878	-36.469902	-569.199280	-827.469360
2372.725219	-36.937462	-570.660461	-804.734009
2372.728548	-38.281708	-572.355347	-782.291077
2372.731886	-39.742840	-572.764465	-761.367615
2372.735219	-40.210403	-572.589111	-739.392212
2372.738553	-40.911751	-573.991821	-717.767395
2372.741878	-41.905319	-573.933350	-695.850342
2372.745220	-42.197548	-572.998230	-674.926941
2372.748547	-43.132671	-571.420227	-654.763306
2372.751883	-43.775570	-569.608398	-634.716553
2372.755211	-44.710697	-567.621277	-614.494446
2372.758604	-44.710697	-565.341919	-595.499695
2372.761876	-45.645821	-562.185852	-576.914062
2372.765235	-46.054939	-560.023376	-558.036255
2372.769852	-46.580948	-553.711243	-522.852112
2372.772738	-47.048508	-549.561646	-505.201630
2372.776080	-47.516071	-546.697876	-488.603149
2372.779422	-47.282291	-543.600220	-471.829315
2372.782831	-47.399181	-539.684387	-456.516663
2372.786128	-47.691406	-535.359436	-442.489777
2372.789033	-48.042080	-530.859131	-427.235565
2372.792305	-48.100525	-526.183533	-412.916412
2372.795668	-48.334305	-521.040344	-398.012848
2372.798968	-48.568089	-516.949158	-385.505554
2372.801878	-48.275860	-512.974854	-371.478668
2372.805211	-48.275860	-508.182343	-359.029816
2372.808544	-48.392754	-503.565155	-346.814728
2372.811871	-47.866745	-499.883118	-335.008759
2372.815208	-47.866745	-494.213928	-324.021027
2372.818539	-48.334305	-489.772095	-312.039734
2372.821869	-48.801868	-484.862671	-301.753357
2372.825205	-48.392754	-480.829895	-290.707184
2372.828542	-48.568089	-474.459351	-280.245483
2372.831875	-48.860313	-469.082397	-269.783752
2372.835206	-49.152542	-465.341888	-260.198700
2372.838544	-49.269432	-459.848022	-250.029236
2372.841872	-48.977203	-455.464661	-242.372864
2372.845230	-48.743423	-449.912323	-233.313843
2372.848564	-49.269432	-445.002930	-224.371719
2372.851881	-49.795441	-440.794861	-216.364700
2372.855207	-49.678551	-436.119232	-207.539444
2372.858532	-49.327877	-430.859131	-199.415543
2372.861871	-50.087666	-426.592651	-191.408539
2372.865203	-50.204556	-420.981873	-184.745758
2372.868539	-50.321449	-416.715393	-177.264755
2372.871867	-50.379898	-411.922852	-169.842194
2372.875201	-51.081242	-407.130341	-163.062531
2372.878533	-50.613678	-402.220917	-156.165985
2372.882758	-51.724136	-394.447693	-144.360016
2372.886075	-51.022793	-390.005859	-139.158386
2372.889571	-51.081242	-385.037994	-133.547623
2372.892787	-51.724136	-381.063690	-128.053772
2372.896133	-51.198132	-376.621857	-122.910583
2372.898968	-51.081242	-373.641144	-118.001160
2372.902287	-51.315022	-369.725311	-112.974869
2372.905620	-51.431911	-365.108124	-109.292816
2372.908962	-51.548801	-362.244293	-103.974281
2372.911866	-50.964348	-357.743988	-100.292229
2372.915195	-50.730568	-354.354156	-95.967270
2372.918534	-51.315022	-350.964355	-92.752777
2372.921866	-51.256573	-348.743408	-89.772064
2372.925196	-50.789009	-344.827576	-85.622444
2372.928530	-50.555229	-341.729980	-82.524841
2372.931887	-50.613678	-338.690826	-78.959671
2372.935195	-50.146114	-335.593231	-76.095848
2372.938526	-50.146114	-333.196960	-73.173584
2372.941866	-50.146114	-330.274689	-70.192871
2372.945198	-50.204556	-326.884857	-67.621269
2372.948526	-50.438339	-323.904144	-64.523674
2372.951876	-50.146114	-321.800110	-62.594975
2372.955192	-49.678551	-318.819397	-59.672707
2372.958529	-50.087666	-316.189362	-56.516659
2372.961858	-49.970776	-313.500885	-54.295731
2372.965196	-50.204556	-311.046173	-51.724136
2372.968525	-49.736996	-308.474579	-49.970776
2372.971865	-49.561657	-306.195221	-47.866745
2372.975225	-49.736996	-303.798950	-45.061367
2372.978520	-49.444767	-301.753357	-42.606663
2372.981853	-50.204556	-299.883118	-41.554649
2372.985194	-50.087666	-296.902405	-39.918175
2372.988519	-50.321449	-294.623016	-37.638809
2372.993212	-49.386322	-290.531860	-33.956753
2372.996062	-49.561657	-289.246063	-32.203392
2372.999459	-50.204556	-287.142029	-30.742254
2373.002785	-49.678551	-285.505554	-29.924021
2373.006038	-49.970776	-284.102875	-27.936878
2373.008939	-50.379898	-281.765045	-25.774401
2373.012280	-49.795441	-280.187042	-25.365284
2373.015609	-49.912331	-278.375214	-24.079485
2373.018982	-49.853886	-276.797211	-22.793688
2373.022276	-49.853886	-275.160706	-21.157219
2373.025183	-50.146114	-274.693146	-19.812975
2373.028517	-50.379898	-272.998230	-19.228521
2373.031850	-50.087666	-272.121582	-17.416716
2373.035187	-50.321449	-270.601990	-16.481590
2373.038523	-49.970776	-269.666870	-16.130919
2373.041862	-50.555229	-269.140869	-15.429573
2373.045188	-49.736996	-267.153717	-14.845119
2373.048523	-50.146114	-266.978394	-15.371127
2373.051854	-49.912331	-266.569244	-14.552893
2373.055184	-49.620102	-265.166565	-13.968439
2373.058518	-50.029224	-265.400360	-13.500876
2373.061886	-49.853886	-264.173004	-12.974869
2373.065185	-49.620102	-263.413208	-12.273524
2373.068512	-49.620102	-263.062531	-11.513735
2373.071854	-49.210987	-262.361206	-11.630626
2373.075181	-49.678551	-262.478088	-10.403274
2373.078508	-49.327877	-262.010529	-11.104617
2373.081849	-49.444767	-262.127411	-10.578609
2373.085178	-49.210987	-261.893616	-10.753945
2373.088516	-49.561657	-261.893616	-10.286383
2373.091852	-49.444767	-261.192261	-10.111046
2373.095179	-49.035652	-260.490936	-10.227938
2373.098520	-48.918758	-260.432495	-10.286383
2373.102776	-49.269432	-260.198700	-10.169491
2373.106125	-49.561657	-260.257141	-9.117476
2373.109366	-49.444767	-260.783173	-9.585038
2373.112706	-49.444767	-260.432495	-9.292811
2373.116038	-49.561657	-260.724701	-9.994155
2373.118936	-48.918758	-260.315613	-10.520164
2373.122267	-49.094097	-260.783173	-10.111046
2373.125622	-49.152542	-260.958496	-9.175920
2373.128962	-49.561657	-260.549377	-10.403274
2373.132286	-49.620102	-261.133850	-10.403274
2373.135228	-49.503212	-260.958496	-10.987726
2373.138507	-49.035652	-261.542969	-10.169491
2373.141839	-49.561657	-262.594971	-10.578609
2373.145182	-49.386322	-262.478088	-11.455289
2373.148541	-49.210987	-263.705444	-11.279953
2373.151838	-50.204556	-263.939209	-11.689071
2373.155175	-50.146114	-264.523682	-12.156633
2373.158505	-49.912331	-265.400360	-12.682642
2373.161839	-49.853886	-266.627686	-13.500876
2373.165167	-49.386322	-267.445953	-13.968439
2373.168508	-49.386322	-268.264160	-14.552893
2373.171840	-50.029224	-269.316193	-15.663354
2373.175172	-49.444767	-271.011108	-16.540035
2373.178514	-49.444767	-272.238434	-17.592052
2373.181838	-49.386322	-272.589142	-18.468731
2373.185168	-49.853886	-273.582703	-19.170076
2373.188509	-49.152542	-276.388062	-20.748100
2373.191847	-49.094097	-276.914093	-21.040327
2373.195167	-49.269432	-278.667450	-22.793688
2373.198500	-48.392754	-280.245483	-23.962595
2373.201859	-48.392754	-282.758606	-26.651081
2373.205195	-48.217415	-283.518402	-27.936878
2373.208542	-48.158970	-285.622467	-27.819988
2373.213107	-48.451199	-289.479828	-31.677380
2373.216023	-48.451199	-291.174744	-34.015198
2373.219372	-48.509644	-292.226776	-34.307423
2373.222750	-48.217415	-294.389252	-36.177673
2373.226133	-48.568089	-297.136200	-38.106369
2373.229421	-48.334305	-298.655762	-40.619518
2373.232288	-48.158970	-300.467560	-42.139099
2373.235598	-48.451199	-303.798950	-43.950905
2373.238916	-48.977203	-304.792511	-46.171829
2373.242260	-48.275860	-306.955017	-47.223846
2373.245165	-48.684978	-309.994141	-49.327877
2373.248499	-48.042080	-311.396851	-52.893044
2373.251852	-48.743423	-314.728241	-54.938633
2373.255164	-47.983635	-316.306244	-56.691994
2373.258497	-48.217415	-318.936310	-58.562244
2373.261822	-48.217415	-322.092346	-60.958504
2373.265173	-48.275860	-324.371704	-63.822330
2373.268495	-48.158970	-326.651062	-66.627708
2373.271831	-48.977203	-329.514923	-69.140854
2373.275163	-48.568089	-332.086487	-71.946228
2373.278496	-48.743423	-335.008759	-75.219170
2373.281825	-48.334305	-338.047943	-78.901222
2373.285164	-49.152542	-341.028656	-81.414375
2373.288560	-49.620102	-343.658691	-84.278198
2373.291830	-49.678551	-347.457611	-88.427818
2373.295192	-49.386322	-350.613678	-91.992989
2373.298496	-48.977203	-353.126831	-95.908829
2373.301821	-49.503212	-356.165985	-100.175331
2373.305156	-49.152542	-360.432495	-104.441849
2373.308509	-48.626534	-363.179413	-108.182350
2373.311830	-48.626534	-367.738190	-112.390411
2373.315157	-48.275860	-371.186462	-118.176506
2373.318497	-48.743423	-374.926941	-123.144363
2373.321826	-48.509644	-378.667450	-128.638214
2373.326504	-47.516071	-386.148437	-139.450607
2373.329361	-47.632961	-390.882507	-145.119812
2373.332749	-47.282291	-394.681488	-151.490356
2373.336077	-47.632961	-399.123322	-156.867325
2373.339378	-47.165401	-402.454712	-162.711853
2373.342251	-46.931618	-407.247223	-169.959091
2373.345582	-46.873173	-411.572174	-176.095856
2373.348910	-46.171829	-416.364716	-184.219757
2373.352253	-46.697838	-420.455872	-190.882523
2373.355571	-46.697838	-424.839264	-198.129745
2373.358489	-46.054939	-428.930481	-205.493851
2373.361820	-46.054939	-433.138519	-212.507294
2373.365151	-45.762711	-438.340149	-220.864990
2373.368484	-45.412041	-442.197571	-229.222687
2373.371819	-45.996494	-447.340729	-238.106369
2373.375151	-45.645821	-452.776154	-245.353607
2373.378495	-46.171829	-455.815308	-254.237289
2373.381838	-45.587376	-460.958496	-262.419617
2373.385153	-45.470486	-465.458771	-271.946228
2373.388485	-44.827587	-469.257751	-282.291046
2373.391818	-44.652252	-474.517822	-291.993011
2373.395147	-44.476913	-480.537689	-302.104034
2373.398482	-44.593803	-484.979523	-313.267090
2373.401814	-44.301579	-489.421356	-324.021027
2373.405155	-44.126244	-493.687927	-334.891876
2373.408484	-44.418468	-499.123322	-346.464050
2373.411810	-44.067799	-502.571594	-359.146698
2373.415145	-44.301579	-507.013458	-371.595551
2373.418508	-43.600235	-511.689087	-384.862671
2373.421813	-43.249561	-517.241394	-397.662201
2373.425155	-42.898891	-521.098755	-411.455292
2373.428480	-42.548218	-524.897705	-424.430176
2373.431810	-41.788429	-529.398010	-439.392181
2373.435143	-41.613094	-533.839844	-454.646393
2373.439408	-40.093510	-540.853333	-486.382233
2373.442754	-39.509056	-544.652283	-502.688507
2373.445993	-39.041496	-547.457642	-519.286987
2373.449325	-38.223259	-551.490356	-536.411499
2373.452654	-37.580360	-554.938660	-553.828186
2373.455575	-36.995907	-557.159546	-572.764465
2373.458905	-36.469902	-559.848022	-589.596741
2373.462270	-36.236118	-562.127380	-609.292786
2373.465590	-34.891876	-564.874390	-627.293945
2373.468478	-33.898308	-566.686157	-646.814697
2373.471806	-33.372299	-568.439514	-665.517212
2373.475144	-32.437172	-568.497925	-685.330200
2373.478481	-31.618935	-569.257751	-705.143188
2373.481807	-30.274693	-569.842224	-724.488586
2373.485139	-29.281122	-570.485107	-745.002930
2373.488472	-28.229105	-569.374634	-764.874390
2373.491809	-27.586206	-569.199280	-785.914673
2373.495137	-26.826418	-567.445923	-806.896606
2373.498474	-25.423729	-566.919922	-825.891296
2373.501807	-24.663939	-564.172974	-847.516052
2373.505171	-24.079485	-562.127380	-868.322632
2373.508472	-23.144360	-559.848022	-888.778503
2373.511806	-22.443016	-556.224426	-909.234314
2373.515137	-21.741673	-552.776123	-928.813538
2373.518468	-21.215664	-548.451172	-951.081299
2373.521802	-19.812975	-544.126221	-971.069519
2373.525139	-19.170076	-538.223267	-990.999390
2373.528470	-18.410286	-532.612488	-1010.403259
2373.531800	-17.592052	-525.891296	-1029.164185
2373.535137	-15.897136	-518.176514	-1047.925171
2373.538466	-15.137346	-510.987701	-1067.504395
2373.541806	-13.734658	-502.980713	-1086.966675
2373.545182	-13.267096	-494.623047	-1105.201660
2373.549766	-10.461719	-473.348907	-1141.145508
2373.552652	-9.526592	-463.004120	-1158.445312
2373.555981	-7.831677	-451.490356	-1174.400879
2373.559352	-6.838106	-438.924591	-1190.005859
2373.562672	-5.727644	-426.183502	-1205.143188
2373.565624	-3.623612	-412.156616	-1219.170044
2373.568918	-2.571596	-398.772644	-1233.723022
2373.572248	-0.350672	-384.161316	-1246.171875
2373.575555	0.993571	-368.439514	-1259.964966
2373.578898	2.571596	-352.191711	-1270.309692
2373.581796	4.149620	-335.184082	-1280.479248
2373.585127	5.786090	-319.053192	-1289.538330
2373.588465	7.714787	-301.519592	-1297.019287
2373.591828	9.000585	-282.875519	-1305.727661
2373.595126	10.520164	-264.056122	-1312.215088
2373.598462	12.039742	-245.119812	-1317.182861
2373.601801	14.143775	-225.482178	-1324.546997
2373.605131	15.195791	-206.487442	-1326.125000
2373.608466	16.189363	-186.382233	-1328.345947
2373.611795	18.234951	-165.751022	-1329.514893
2373.615125	19.170076	-144.710693	-1330.216187
2373.618457	20.572765	-124.021042	-1330.917603
2373.621821	21.215664	-103.156052	-1328.053711
2373.625126	22.443016	-82.407951	-1325.423706
2373.628456	23.085915	-61.659847	-1322.501465
2373.631792	23.728813	-40.210403	-1316.364624
2373.635171	24.488602	-19.403856	-1313.208618
2373.638459	25.599066	1.870251	-1306.136841
2373.641796	26.066628	22.793688	-1299.298706
2373.645123	26.592636	43.015781	-1291.350098
2373.648457	27.060200	64.231445	-1284.570435
2373.651790	27.586206	84.395096	-1275.394531
2373.655127	27.878433	104.324959	-1264.582153
2373.658454	27.995323	124.371704	-1254.120361
2373.662638	28.053770	163.179428	-1232.437134
2373.665997	28.053770	182.407959	-1219.754517
2373.669330	28.170660	200.759796	-1207.364136
2373.672735	28.988895	219.111633	-1194.389282
2373.675570	28.287550	237.112808	-1180.888428
2373.678985	28.813559	254.412628	-1166.218506
2373.682218	28.813559	271.654022	-1152.074829
2373.685570	28.521332	288.603149	-1137.054321
2373.688888	29.339567	305.026306	-1122.267700
2373.691785	28.930450	320.806549	-1106.078369
2373.695122	29.105785	336.469910	-1091.583862
2373.698452	28.404442	350.847473	-1074.927002
2373.701788	29.047340	365.458801	-1059.205200
2373.705116	28.696669	380.070129	-1042.314453
2373.708445	28.404442	393.337219	-1024.897705
2373.711781	28.404442	406.662750	-1007.071899
2373.715113	28.813559	418.877838	-990.882507
2373.718456	28.755114	430.274689	-974.050232
2373.721806	28.345997	442.197571	-957.101135
2373.725113	28.170660	452.133270	-939.567444
2373.728449	27.819988	463.062531	-922.209290
2373.731782	27.644651	472.121582	-905.552307
2373.735136	27.235535	482.057281	-888.077148
2373.738456	26.943308	490.298096	-872.296875
2373.741785	26.884863	497.720612	-854.354187
2373.745118	26.709526	505.669220	-837.229736
2373.748449	26.592636	511.747498	-821.040344
2373.751786	26.066628	517.241394	-804.558777
2373.755114	25.014612	523.144348	-789.129150
2373.758446	24.430157	528.053772	-773.348877
2373.761779	23.728813	532.904724	-757.393372
2373.765145	22.969025	537.171265	-742.723572
2373.768450	22.852133	541.087097	-727.527771
2373.772643	21.215664	548.158997	-697.136169
2373.775997	20.864992	550.379883	-683.518433
2373.779376	20.105202	552.483948	-668.497925
2373.782750	19.520748	553.711243	-655.815308
2373.785598	18.819405	556.691956	-642.255981
2373.788902	18.410286	557.217957	-628.112244
2373.792202	17.592052	558.445374	-615.721802
2373.795535	16.540035	559.088257	-603.039185
2373.798864	15.371127	559.088257	-589.187622
2373.801769	15.604909	560.315613	-576.271179
2373.805113	14.494448	559.029846	-563.880798
2373.808471	13.559322	558.386902	-552.250122
2373.811774	12.974869	558.386902	-539.742859
2373.815102	12.682642	557.627075	-527.293945
2373.818439	11.981297	557.042664	-516.715393
2373.821777	10.870836	554.880188	-504.324951
2373.825103	10.403274	553.886597	-493.804779
2373.828437	9.935710	553.126831	-482.407959
2373.831772	9.526592	550.321411	-470.718872
2373.835107	8.649913	549.327881	-459.672699
2373.838437	8.416131	548.275879	-449.736969
2373.841783	7.481005	545.528931	-439.742859
2373.845116	7.130333	543.483337	-429.281128
2373.848437	6.662770	540.736389	-419.345428
2373.851802	6.195207	537.755676	-410.111053
2373.855107	5.727644	535.300964	-400.233795
2373.858438	5.260082	533.255371	-389.947388
2373.861772	4.967855	530.274658	-382.524841
2373.865099	4.850964	527.819946	-373.056702
2373.868435	4.500292	524.196411	-364.699005
2373.871768	4.149620	521.858521	-356.516663
2373.875097	3.506721	518.994751	-348.918762
2373.878434	3.331385	515.721802	-340.385742
2373.882642	2.045588	509.877258	-325.365295
2373.885969	1.811806	506.604340	-318.234955
2373.889344	1.402689	503.798950	-311.279968
2373.892699	0.467563	500.584473	-305.318512
2373.895568	-0.642899	497.486816	-298.947968
2373.898862	-0.526008	495.207489	-291.759216
2373.902205	-1.402689	491.233215	-286.090027
2373.905531	-1.987142	489.012299	-279.427246
2373.908859	-2.513150	486.908234	-273.874939
2373.911764	-2.746932	483.752197	-268.088837
2373.915097	-3.389831	480.654572	-263.062531
2373.918432	-3.740503	476.446533	-258.503784
2373.921764	-4.558738	473.991821	-253.360611
2373.925095	-4.967855	470.718872	-248.100525
2373.928430	-5.727644	467.621277	-244.360016
2373.931760	-6.253653	464.874359	-239.801285
2373.935100	-5.493863	462.244324	-235.300995
2373.938446	-5.902981	460.198730	-231.209824
2373.941762	-6.545880	456.458221	-225.832840
2373.945157	-7.364114	453.945068	-222.384567
2373.948436	-7.013443	451.899475	-217.942719
2373.951767	-7.539450	449.561646	-214.202209
2373.955096	-7.422560	445.061340	-210.227936
2373.958430	-7.890122	442.782013	-205.902985
2373.961754	-8.240795	441.203979	-202.337814
2373.965090	-8.299240	438.515472	-198.246628
2373.968428	-9.234365	436.119232	-194.389252
2373.971758	-9.526592	433.781433	-191.057861
2373.975089	-8.825249	430.742249	-187.434250
2373.978428	-9.585038	428.346008	-184.570435
2373.981797	-10.344828	426.300415	-180.654587
2373.985085	-9.994155	424.079468	-177.732330
2373.988427	-10.052601	422.150818	-173.348923
2373.992628	-10.052601	416.832245	-168.673294
2373.996005	-10.461719	415.020477	-165.341904
2373.999405	-11.221508	412.682617	-163.120987
2374.002678	-10.637054	410.929291	-160.549393
2374.005968	-11.455289	408.825256	-158.445358
2374.008854	-11.747516	406.838074	-156.049103
2374.012185	-10.812390	404.617157	-153.652832
2374.015508	-11.513735	403.272949	-152.250153
2374.018852	-11.864407	401.285797	-149.269440
2374.021753	-11.630626	399.941559	-147.457626
2374.025119	-11.864407	397.895966	-145.470490
2374.028420	-11.922852	396.960815	-143.541794
2374.031751	-12.215078	395.733490	-141.846878
2374.035091	-12.448860	394.330811	-140.970200
2374.038414	-12.507306	393.278778	-139.099945
2374.041750	-12.682642	391.642303	-138.807709
2374.045088	-12.916424	390.531860	-137.112793
2374.048417	-12.682642	389.421387	-135.534775
2374.051800	-12.974869	388.836945	-134.891876
2374.055090	-13.559322	387.258911	-134.132080
2374.058419	-13.617767	386.265350	-133.080063
2374.061751	-13.559322	385.447083	-131.443604
2374.065084	-14.085330	385.037994	-130.508469
2374.068447	-14.085330	383.869080	-130.625366
2374.071747	-14.026885	383.343079	-129.514908
2374.075085	-13.734658	382.641724	-128.287552
2374.078417	-14.319112	382.057281	-127.527763
2374.081746	-14.143775	381.589722	-127.235535
2374.085080	-14.202221	380.245483	-126.651085
2374.088415	-14.903564	379.485687	-126.417305
2374.091751	-13.909994	379.427246	-125.073051
2374.095084	-13.968439	378.725891	-124.780830
2374.098407	-14.669784	378.608978	-125.073051
2374.103082	-14.260666	377.673859	-123.085915
2374.106026	-13.968439	377.849213	-122.852135
2374.109353	-13.676212	377.498535	-122.326126
2374.112638	-14.202221	377.440094	-122.443024
2374.115924	-14.319112	377.440094	-122.092346
2374.118854	-14.026885	376.680298	-121.800110
2374.122173	-14.202221	376.621857	-121.858559
2374.125497	-14.026885	375.978973	-121.449448
2374.128829	-14.085330	376.797211	-121.566330
2374.132192	-13.617767	377.849213	-121.741676
2374.135079	-13.091760	377.440094	-121.449448
2374.138412	-13.851549	376.972534	-122.618355
2374.141743	-14.085330	377.966095	-122.150787
2374.145095	-13.442431	378.433655	-121.683228
2374.148413	-13.617767	378.375214	-122.676804
2374.151738	-13.208650	377.966095	-124.079491
2374.155111	-13.091760	379.368774	-124.371704
2374.158404	-12.799533	380.420807	-124.430153
2374.161757	-12.857978	380.303894	-125.891289
2374.165072	-12.741087	381.180603	-126.300407
2374.168404	-11.981297	382.875519	-127.060196
2374.171739	-13.150205	382.349518	-128.579788
2374.175077	-12.215078	384.102875	-129.047348
2374.178401	-12.273524	384.745758	-130.625366
2374.181736	-12.156633	385.739319	-132.554062
2374.185075	-11.747516	386.966675	-133.606079
2374.188404	-12.039742	388.427826	-133.664520
2374.191736	-11.805962	388.895386	-135.710114
2374.195071	-11.689071	390.824066	-137.229691
2374.198397	-11.805962	391.583862	-139.918167
2374.201742	-11.689071	392.811218	-141.087082
2374.205075	-11.630626	394.330811	-142.197556
2374.208403	-11.279953	395.324371	-144.009354
2374.211737	-11.104617	397.077728	-146.288712
2374.215990	-10.111046	400.467590	-149.386322
2374.219258	-10.286383	402.045593	-151.490356
2374.222590	-9.643483	402.922241	-153.302155
2374.225921	-9.877264	404.617157	-155.113968
2374.229275	-9.701928	406.721222	-157.919342
2374.232157	-9.292811	408.299255	-159.614258
2374.235514	-8.533022	409.643494	-161.718292
2374.238855	-8.533022	410.870850	-163.647003
2374.242218	-8.007013	412.857971	-165.867920
2374.245103	-7.948568	415.429596	-167.913498
2374.248411	-8.065459	417.825836	-170.601990
2374.251735	-7.188778	418.702515	-174.751602
2374.255062	-7.188778	421.391022	-176.271194
2374.258399	-6.662770	423.261261	-178.725891
2374.261727	-6.195207	425.540649	-181.531265
2374.265058	-5.669199	427.527771	-184.453537
2374.268400	-5.318527	429.982483	-187.609589
2374.271727	-5.493863	432.320251	-190.765625
2374.275060	-4.383401	434.015167	-194.389252
2374.278398	-3.974284	437.054352	-198.305084
2374.281730	-3.740503	439.158386	-201.753357
2374.285088	-3.214494	441.496185	-205.493851
2374.288391	-2.980713	444.301544	-208.766800
2374.291732	-2.688486	446.522522	-212.039734
2374.295059	-2.630041	449.386322	-216.598480
2374.298394	-2.337814	452.659271	-221.274109
2374.301723	-1.636470	455.581512	-225.423721
2374.305061	-0.818235	458.211578	-230.040909
2374.308390	0.000000	460.841614	-234.774994
2374.311728	0.876680	464.406769	-239.918182
2374.315058	1.461134	466.627686	-244.593811
2374.318391	1.928697	469.433075	-249.444763
2374.321726	2.045588	472.589111	-254.821747
2374.325914	3.214494	477.966125	-266.160126
2374.329251	3.389831	482.115753	-272.004669
2374.332595	3.915838	484.921112	-277.498535
2374.335938	4.850964	487.434235	-283.810638
2374.338840	5.376973	491.350067	-289.655151
2374.342176	5.727644	495.265900	-295.441284
2374.345524	6.078317	497.545288	-302.279388
2374.348813	7.013443	500.642914	-309.000580
2374.352153	7.422560	503.565155	-315.546478
2374.355057	8.357686	506.019867	-322.793701
2374.358423	8.708358	509.117462	-329.514923
2374.361720	9.760374	512.039734	-336.236115
2374.365049	9.994155	514.260681	-343.191132
2374.368385	10.812390	518.118042	-350.555237
2374.371730	11.630626	520.806580	-358.796021
2374.375053	12.448860	523.085937	-365.867920
2374.378382	13.383986	526.066650	-373.874939
2374.381717	14.494448	528.170654	-381.881958
2374.385050	15.020455	530.099365	-390.239624
2374.388380	15.838690	533.138489	-397.603760
2374.391718	16.598480	536.294556	-406.312073
2374.395052	16.890707	539.333740	-415.312683
2374.398383	18.351841	541.613098	-425.073059
2374.401724	18.644068	543.074219	-434.248962
2374.405048	19.988310	545.704285	-444.827606
2374.408379	20.572765	546.931580	-453.594391
2374.411741	21.449446	549.210999	-464.056122
2374.415074	21.975452	551.607239	-473.524231
2374.418378	23.319696	553.477478	-485.213318
2374.421718	24.196377	554.178833	-496.727051
2374.425049	25.189949	555.347717	-507.656342
2374.428385	25.657511	556.750427	-518.527161
2374.431746	26.943308	558.328491	-530.508484
2374.435899	28.638224	560.374084	-554.997070
2374.439251	29.865574	559.789612	-567.387512
2374.442586	30.625364	559.263611	-579.368774
2374.445986	31.852718	559.555786	-591.583862
2374.449323	32.378727	559.497375	-605.844543
2374.452156	33.313854	557.977783	-618.585632
2374.455473	33.722969	556.925781	-631.502075
2374.458798	35.300995	555.990662	-645.119812
2374.462136	35.593220	554.704834	-659.263611
2374.465040	36.528347	553.009949	-672.530701
2374.468380	37.814144	550.789001	-687.960266
2374.471708	38.573933	548.743408	-700.584473
2374.475061	39.333721	546.288757	-716.189392
2374.478376	40.444183	542.840454	-729.339539
2374.481711	41.379311	539.099915	-744.827576
2374.485043	42.489773	534.833435	-758.796021
2374.488371	42.723553	530.742249	-773.465820
2374.491703	44.009354	526.475769	-788.953857
2374.495037	44.944477	520.572754	-802.396301
2374.498373	46.639393	516.306274	-817.241394
2374.501708	47.399181	511.046173	-832.086487
2374.505042	48.275860	504.091156	-847.866699
2374.508371	49.269432	498.129761	-862.127380
2374.511746	49.970776	491.642334	-878.609009
2374.515034	50.905903	483.401550	-894.213867
2374.518387	52.074806	475.569824	-909.234314
2374.521709	53.419052	466.744629	-924.780823
2374.525035	54.120399	457.802429	-939.567444
2374.528373	55.230862	448.334320	-955.347717
2374.531707	55.639977	438.807739	-969.433105
2374.535031	56.224430	428.521362	-984.862610
2374.538367	56.867332	417.767395	-1001.052002
2374.541701	57.919346	406.253662	-1016.481567
2374.545906	60.140270	381.589722	-1047.691406
2374.549241	60.958504	369.023956	-1061.309204
2374.552649	61.192287	355.932220	-1075.569824
2374.556002	62.010521	342.256012	-1091.467041
2374.559223	62.594975	328.112213	-1105.844482
2374.562155	63.179428	314.085327	-1120.689697
2374.565460	63.062538	298.246643	-1135.768555
2374.568795	63.939220	282.583282	-1148.801880
2374.572126	64.699005	267.212158	-1162.010498
2374.575032	64.640564	250.847458	-1175.569824
2374.578364	64.815895	234.541199	-1188.018677
2374.581696	64.932785	217.650482	-1201.928711
2374.585033	65.283463	200.526001	-1212.448853
2374.588366	65.400352	182.933960	-1224.137939
2374.591700	65.166565	164.991241	-1234.541260
2374.595034	64.874344	147.457626	-1245.295166
2374.598384	64.815895	129.398010	-1254.412598
2374.601694	64.699005	110.169495	-1263.120972
2374.605073	64.348335	92.285217	-1273.524292
2374.608360	64.173004	73.758034	-1280.303955
2374.611691	63.880772	54.997082	-1287.492676
2374.615030	63.120979	36.177673	-1295.791870
2374.618359	62.244301	18.118059	-1301.694824
2374.621696	62.010521	-1.461134	-1306.253662
2374.625031	61.659847	-19.929865	-1312.682617
2374.628360	60.724724	-38.223259	-1315.663330
2374.631694	60.490944	-56.984222	-1318.410278
2374.635020	59.964931	-74.225601	-1321.040283
2374.638359	58.912914	-92.986557	-1322.209229
2374.641724	58.211571	-110.987724	-1323.845703
2374.645022	57.802456	-129.164230	-1324.313232
2374.648369	57.218002	-146.464066	-1324.430176
2374.651692	56.282879	-163.296326	-1323.670410
2374.656378	54.529510	-198.071304	-1319.637695
2374.659277	53.477497	-214.143784	-1314.903564
2374.662622	53.185272	-231.268265	-1311.279907
2374.665871	51.899475	-246.639389	-1305.318604
