time (s)	det(V)
2370.265507	-0.019356	
2370.266978	-0.007795	
2370.268675	0.003634	
2370.270161	0.001523	
2370.271856	0.007984	
2370.273340	0.013870	
2370.275126	0.007892	
2370.276608	-0.008286	
2370.278349	-0.008330	
2370.279849	-0.007609	
2370.281597	-0.015819	
2370.283102	-0.013938	
2370.284860	0.001764	
2370.286378	0.001221	
2370.288092	-0.001406	
2370.289627	0.011223	
2370.291348	0.005736	
2370.292894	-0.007033	
2370.294595	-0.010784	
2370.296171	-0.007795	
2370.297867	-0.017805	
2370.299436	-0.016653	
2370.301105	-0.006002	
2370.302668	0.006836	
2370.304317	-0.004411	
2370.305931	0.012307	
2370.307568	0.007565	
2370.309189	0.001056	
2370.310822	-0.014699	
2370.312450	-0.005841	
2370.314071	-0.017024	
2370.315715	-0.015996	
2370.317308	-0.009962	
2370.318984	0.007163	
2370.320540	-0.003835	
2370.322236	0.008258	
2370.323795	0.008105	
2370.325510	-0.005237	
2370.327066	-0.016166	
2370.328746	-0.008874	
2370.330304	-0.017165	
2370.332021	-0.020395	
2370.333535	-0.017152	
2370.335294	-0.002373	
2370.336775	-0.008254	
2370.338560	-0.000177	
2370.340051	0.006341	
2370.341815	0.003843	
2370.343298	-0.014997	
2370.345062	-0.010876	
2370.346549	-0.012919	
2370.348329	-0.027505	
2370.349844	-0.022695	
2370.351339	-0.003017	
2370.352931	0.001080	
2370.354451	-0.003722	
2370.356099	0.005793	
2370.357597	0.007690	
2370.359247	-0.006195	
2370.360760	-0.015916	
2370.362423	-0.013837	
2370.363902	-0.022526	
2370.365556	-0.020657	
2370.367040	-0.009015	
2370.368684	0.004532	
2370.370164	-0.002816	
2370.371872	0.002349	
2370.373356	0.004552	
2370.375047	0.006804	
2370.376532	-0.011879	
2370.378196	-0.015106	
2370.379719	-0.010236	
2370.381368	-0.019054	
2370.382912	-0.018985	
2370.384611	-0.004749	
2370.386152	0.002586	
2370.387849	-0.007907	
2370.389410	0.008572	
2370.391067	0.010780	
2370.392640	-0.007110	
2370.394284	-0.017696	
2370.395897	-0.005624	
2370.397554	-0.020423	
2370.399163	-0.019964	
2370.400789	-0.003811	
2370.402427	0.006437	
2370.404030	-0.001341	
2370.405701	0.009982	
2370.407279	0.011082	
2370.408969	0.000254	
2370.410558	-0.014864	
2370.412238	-0.005092	
2370.413820	-0.013753	
2370.415519	-0.017314	
2370.417084	-0.010421	
2370.418776	0.004705	
2370.420315	-0.003883	
2370.422032	0.003090	
2370.423542	0.002308	
2370.425274	0.006880	
2370.426757	-0.005873	
2370.428532	-0.008882	
2370.430029	-0.019308	
2370.431815	-0.021088	
2370.433295	-0.019243	
2370.435086	-0.001478	
2370.436567	-0.001619	
2370.438316	-0.001023	
2370.439808	0.009426	
2370.441543	0.005527	
2370.443058	-0.008214	
2370.444803	-0.012556	
2370.446332	-0.013966	
2370.448064	-0.020830	
2370.449593	-0.020834	
2370.451306	-0.007839	
2370.452852	-0.000898	
2370.454545	-0.001873	
2370.456111	0.006582	
2370.457787	0.006578	
2370.459373	-0.007323	
2370.461031	-0.018873	
2370.462652	-0.006079	
2370.464148	-0.017853	
2370.465771	-0.020037	
2370.467294	-0.007331	
2370.468922	0.007396	
2370.470418	0.004270	
2370.472061	0.008343	
2370.473545	0.009447	
2370.475176	0.007863	
2370.476655	-0.004161	
2370.478266	-0.008238	
2370.479764	-0.003005	
2370.481419	-0.014301	
2370.482953	-0.011235	
2370.484582	0.002993	
2370.486139	0.010087	
2370.487731	0.000157	
2370.489323	0.011799	
2370.490873	0.016959	
2370.492498	0.003581	
2370.494113	-0.010957	
2370.495743	0.000947	
2370.497359	-0.010880	
2370.499007	-0.009752	
2370.500597	-0.005217	
2370.502280	0.007473	
2370.503846	0.003053	
2370.505538	0.008778	
2370.507092	0.015018	
2370.508814	0.006155	
2370.510374	-0.011440	
2370.512050	-0.005349	
2370.513584	-0.010981	
2370.515311	-0.016556	
2370.516826	-0.008153	
2370.518603	0.005144	
2370.520087	0.001636	
2370.521874	0.005696	
2370.523366	0.005704	
2370.525127	0.004903	
2370.526612	-0.008395	
2370.528384	-0.008173	
2370.529876	-0.009579	
2370.531651	-0.019396	
2370.533140	-0.014043	
2370.534889	0.003960	
2370.536401	0.002135	
2370.538130	0.001994	
2370.539651	0.009519	
2370.541370	0.005068	
2370.542912	-0.009982	
2370.544612	-0.013229	
2370.546173	-0.004342	
2370.547846	-0.016472	
2370.549404	-0.021841	
2370.551085	-0.007327	
2370.552664	0.004979	
2370.554335	-0.006147	
2370.555935	0.006389	
2370.557561	0.003887	
2370.559174	-0.008061	
2370.560791	-0.019868	
2370.562424	-0.008040	
2370.564033	-0.018498	
2370.565684	-0.022534	
2370.567273	-0.013624	
2370.568956	0.001031	
2370.570526	-0.003082	
2370.572213	0.000496	
2370.573690	0.007807	
2370.575264	0.002421	
2370.576758	-0.015199	
2370.578391	-0.013205	
2370.579896	-0.015428	
2370.581487	-0.018824	
2370.583026	-0.020673	
2370.584590	-0.005495	
2370.586172	0.003892	
2370.587668	-0.002735	
2370.589300	0.006023	
2370.590857	0.010885	
2370.592491	0.001781	
2370.594009	-0.008129	
2370.595693	-0.005136	
2370.597182	-0.012669	
2370.598878	-0.012029	
2370.600368	-0.006437	
2370.602076	0.013402	
2370.603640	0.007094	
2370.605337	0.009527	
2370.606842	0.014756	
2370.608603	0.007980	
2370.610081	-0.007698	
2370.611853	-0.000870	
2370.613343	-0.002381	
2370.615122	-0.009229	
2370.616600	-0.010316	
2370.618382	0.010361	
2370.619858	0.005604	
2370.621617	0.007126	
2370.623120	0.014373	
2370.624865	0.015110	
2370.626373	-0.000665	
2370.628120	-0.006852	
2370.629654	-0.003307	
2370.631376	-0.008492	
2370.632906	-0.018409	
2370.634623	0.004258	
2370.636166	0.008302	
2370.637844	0.003324	
2370.639401	0.012069	
2370.641082	0.011634	
2370.642667	0.002200	
2370.644353	-0.014002	
2370.645932	0.000564	
2370.647580	-0.017676	
2370.649172	-0.018631	
2370.650826	-0.005930	
2370.652455	0.004411	
2370.654056	-0.001055	
2370.655734	0.010131	
2370.657328	0.007867	
2370.658987	-0.005563	
2370.660574	-0.014232	
2370.662227	-0.008193	
2370.663800	-0.019138	
2370.665514	-0.025741	
2370.667053	-0.012504	
2370.668780	-0.000334	
2370.670314	-0.006759	
2370.672030	0.000596	
2370.673555	0.004911	
2370.675274	-0.000213	
2370.676774	-0.020758	
2370.678533	-0.019626	
2370.680032	-0.019118	
2370.681804	-0.020311	
2370.683277	-0.017676	
2370.684908	-0.004902	
2370.686413	-0.002526	
2370.687972	-0.005857	
2370.689524	0.000069	
2370.691028	0.006143	
2370.692687	-0.006131	
2370.694173	-0.012866	
2370.695814	-0.010631	
2370.697352	-0.020581	
2370.699019	-0.020238	
2370.700496	-0.015831	
2370.702218	0.002582	
2370.703694	-0.002916	
2370.705413	0.006687	
2370.706894	0.010321	
2370.708593	0.001354	
2370.710095	-0.012806	
2370.711808	-0.007541	
2370.713295	-0.007174	
2370.715072	-0.016319	
2370.716554	-0.010981	
2370.718331	0.002284	
2370.719817	0.004766	
2370.721552	0.004512	
2370.723051	0.008717	
2370.724788	0.010486	
2370.726315	-0.008290	
2370.728045	-0.015803	
2370.729580	-0.004250	
2370.731280	-0.016725	
2370.732826	-0.018518	
2370.734535	-0.003782	
2370.736106	0.007013	
2370.737775	-0.001164	
2370.739354	0.011714	
2370.741011	0.008879	
2370.742613	-0.007666	
2370.744262	-0.016097	
2370.745860	-0.000793	
2370.747508	-0.016967	
2370.749107	-0.021789	
2370.750705	-0.013358	
2370.752366	0.000850	
2370.753949	-0.008020	
2370.755629	0.000544	
2370.757222	0.004125	
2370.758896	-0.008649	
2370.760471	-0.020125	
2370.762165	-0.012339	
2370.763729	-0.020967	
2370.765442	-0.025310	
2370.767000	-0.018583	
2370.768708	-0.004081	
2370.770260	-0.005640	
2370.771963	-0.006490	
2370.773472	0.002300	
2370.775221	-0.004004	
2370.776713	-0.022369	
2370.778512	-0.018216	
2370.779994	-0.024448	
2370.781773	-0.030680	
2370.783258	-0.025471	
2370.785050	-0.010312	
2370.786539	-0.006377	
2370.788319	-0.007388	
2370.789822	-0.005027	
2370.791397	-0.005164	
2370.792936	-0.020766	
2370.794493	-0.024863	
2370.796105	-0.014417	
2370.797596	-0.023956	
2370.799256	-0.029467	
2370.800766	-0.011783	
2370.802410	0.000073	
2370.803904	-0.006534	
2370.805612	0.000318	
2370.807093	0.003481	
2370.808815	-0.002304	
2370.810295	-0.020391	
2370.811999	-0.013084	
2370.813477	-0.016033	
2370.815177	-0.021636	
2370.816661	-0.015525	
2370.818377	-0.000721	
2370.819859	0.003025	
2370.821624	0.001692	
2370.823122	0.003134	
2370.824860	0.004459	
2370.826367	-0.003988	
2370.828079	-0.010675	
2370.829612	-0.011839	
2370.831333	-0.020580	
2370.832863	-0.017483	
2370.834585	0.000657	
2370.836144	0.006953	
2370.837823	-0.000930	
2370.839396	0.006711	
2370.841067	0.004891	
2370.842637	-0.005204	
2370.844292	-0.016250	
2370.845888	-0.003021	
2370.847516	-0.019956	
2370.849134	-0.018691	
2370.850755	-0.007517	
2370.852385	0.007533	
2370.853997	-0.000814	
2370.855649	0.003908	
2370.857240	0.008439	
2370.858900	-0.002062	
2370.860476	-0.015763	
2370.862184	-0.007199	
2370.863744	-0.015086	
2370.865436	-0.019348	
2370.866990	-0.010860	
2370.868697	0.002119	
2370.870247	-0.002074	
2370.871962	0.007739	
2370.873481	0.008979	
2370.875233	0.004689	
2370.876716	-0.012584	
2370.878501	-0.003134	
2370.879981	-0.013076	
2370.881740	-0.019022	
2370.883223	-0.015412	
2370.885018	0.004915	
2370.886505	0.005640	
2370.888273	0.006667	
2370.889769	0.009467	
2370.891514	0.010107	
2370.893025	-0.009861	
2370.894770	-0.011187	
2370.896298	-0.002449	
2370.898011	-0.012576	
2370.899538	-0.014075	
2370.901058	-0.000737	
2370.902656	0.006244	
2370.904146	-0.003831	
2370.905782	0.010389	
2370.907297	0.013165	
2370.908964	-0.000854	
2370.910448	-0.009479	
2370.912067	-0.003645	
2370.913554	-0.011714	
2370.915176	-0.016335	
2370.916676	-0.009072	
2370.918409	0.004020	
2370.919901	0.003803	
2370.921588	0.005209	
2370.923081	0.014579	
2370.924758	0.012822	
2370.926281	-0.001446	
2370.927908	-0.008077	
2370.929466	-0.001236	
2370.931056	-0.014671	
2370.932631	-0.012504	
2370.934291	0.002635	
2370.935899	0.007352	
2370.937540	0.001809	
2370.939149	0.014131	
2370.940793	0.016307	
2370.942391	0.001865	
2370.944020	-0.013547	
2370.945679	-0.002413	
2370.947261	-0.010433	
2370.948924	-0.015553	
2370.950485	-0.003082	
2370.952166	0.009998	
2370.953740	0.002727	
2370.955428	0.010345	
2370.956999	0.015340	
2370.958705	0.000000	
2370.960251	-0.012318	
2370.961967	-0.008298	
2370.963489	-0.010804	
2370.965222	-0.014897	
2370.966702	-0.014155	
2370.968469	0.007223	
2370.969958	0.007920	
2370.971727	0.002840	
2370.973218	0.010945	
2370.975005	0.004782	
2370.976493	-0.008363	
2370.978253	-0.009615	
2370.979755	-0.010389	
2370.981484	-0.024009	
2370.983003	-0.017632	
2370.984722	-0.000439	
2370.986261	0.007529	
2370.987992	-0.001269	
2370.989530	0.009974	
2370.991231	0.006643	
2370.992778	-0.009301	
2370.994467	-0.015098	
2370.996026	-0.002312	
2370.997688	-0.015034	
2370.999269	-0.018168	
2371.000923	-0.008125	
2371.002529	0.005495	
2371.004171	-0.005442	
2371.005780	0.005555	
2371.007400	0.009257	
2371.009035	-0.002276	
2371.010534	-0.018256	
2371.012182	-0.008492	
2371.013664	-0.020568	
2371.015300	-0.021390	
2371.016784	-0.015759	
2371.018426	0.005410	
2371.019912	0.001797	
2371.021523	0.002075	
2371.023027	0.002856	
2371.024589	0.001958	
2371.026148	-0.005108	
2371.027755	-0.017116	
2371.029344	-0.007279	
2371.030902	-0.018873	
2371.032530	-0.017994	
2371.034076	-0.005700	
2371.035722	0.006260	
2371.037214	-0.001813	
2371.038912	0.005201	
2371.040498	0.012351	
2371.042169	0.004774	
2371.043748	-0.018474	
2371.045461	-0.003980	
2371.047014	-0.010010	
2371.048699	-0.015187	
2371.050245	-0.010614	
2371.051948	0.006957	
2371.053453	0.006159	
2371.055180	0.008572	
2371.056676	0.015034	
2371.058467	0.007046	
2371.059951	-0.006063	
2371.061730	-0.002373	
2371.063217	-0.004508	
2371.064987	-0.003553	
2371.066471	-0.005865	
2371.068232	0.010204	
2371.069735	0.010820	
2371.071494	0.008862	
2371.073004	0.020871	
2371.074749	0.012927	
2371.076276	0.001970	
2371.077981	-0.005180	
2371.079522	-0.001079	
2371.081228	-0.009893	
2371.082792	-0.006159	
2371.084477	0.005716	
2371.086049	0.009620	
2371.087728	0.005954	
2371.089307	0.018196	
2371.090977	0.017693	
2371.092557	0.000508	
2371.094191	-0.006973	
2371.095801	0.005785	
2371.097418	-0.006135	
2371.099040	-0.008061	
2371.100629	0.005656	
2371.102288	0.018929	
2371.103883	0.011867	
2371.105536	0.018446	
2371.107132	0.023550	
2371.108811	0.009487	
2371.110363	-0.002123	
2371.112068	0.009733	
2371.113601	0.005853	
2371.115301	0.003875	
2371.116833	0.012460	
2371.118554	0.024754	
2371.120045	0.031977	
2371.121589	0.035067	
2371.123109	0.044545	
2371.124679	0.034047	
2371.126207	0.027365	
2371.127744	0.022245	
2371.129366	0.032742	
2371.130860	0.021592	
2371.132503	0.019832	
2371.134030	0.046418	
2371.135673	0.050068	
2371.137158	0.044940	
2371.138883	0.061372	
2371.140369	0.063607	
2371.142095	0.058729	
2371.143568	0.043240	
2371.145296	0.042273	
2371.146781	0.045778	
2371.148493	0.037484	
2371.149975	0.046479	
2371.151747	0.063535	
2371.153238	0.061855	
2371.155032	0.064957	
2371.156524	0.070617	
2371.158316	0.063462	
2371.159794	0.048106	
2371.161576	0.051784	
2371.163075	0.061521	
2371.164810	0.050507	
2371.166314	0.049802	
2371.168033	0.067684	
2371.169566	0.071805	
2371.171311	0.065517	
2371.172846	0.073154	
2371.174537	0.067305	
2371.176091	0.065404	
2371.177785	0.054100	
2371.179356	0.066907	
2371.181027	0.045137	
2371.182611	0.057351	
2371.184247	0.065807	
2371.185855	0.076913	
2371.187506	0.081090	
2371.189120	0.082810	
2371.190765	0.087189	
2371.192363	0.076840	
2371.193993	0.060340	
2371.195667	0.065762	
2371.197238	0.067475	
2371.198906	0.060397	
2371.200504	0.064929	
2371.202167	0.084466	
2371.203750	0.082887	
2371.205445	0.091511	
2371.207022	0.094146	
2371.208750	0.083717	
2371.210299	0.065480	
2371.212006	0.078709	
2371.213558	0.065839	
2371.215265	0.066935	
2371.216780	0.075910	
2371.218532	0.092128	
2371.220020	0.086633	
2371.221800	0.089135	
2371.223287	0.089961	
2371.225073	0.089779	
2371.226550	0.074782	
2371.228323	0.068949	
2371.229853	0.061460	
2371.231337	0.064336	
2371.232935	0.068014	
2371.234480	0.083407	
2371.236076	0.088305	
2371.237564	0.085199	
2371.239239	0.092164	
2371.240732	0.090823	
2371.242374	0.081014	
2371.243906	0.073235	
2371.245534	0.086222	
2371.247024	0.071974	
2371.248677	0.077557	
2371.250161	0.083950	
2371.251887	0.101433	
2371.253372	0.092063	
2371.255069	0.099089	
2371.256560	0.099653	
2371.258261	0.099512	
2371.259749	0.080353	
2371.261417	0.083717	
2371.262938	0.083185	
2371.264685	0.076164	
2371.266223	0.071563	
2371.267954	0.086400	
2371.269508	0.092015	
2371.271228	0.089014	
2371.272775	0.098996	
2371.274458	0.091890	
2371.276016	0.071334	
2371.277687	0.064381	
2371.279259	0.067986	
2371.280904	0.054411	
2371.282503	0.050773	
2371.284144	0.058084	
2371.285759	0.069666	
2371.287416	0.051442	
2371.289031	0.065533	
2371.290674	0.066089	
2371.292346	0.035860	
2371.293931	0.028202	
2371.295596	0.021266	
2371.297200	0.011441	
2371.298857	-0.006683	
2371.300434	0.002828	
2371.302095	0.012633	
2371.303662	-0.002522	
2371.305376	-0.006337	
2371.306910	-0.004814	
2371.308616	-0.023864	
2371.310125	-0.047284	
2371.311886	-0.047603	
2371.313385	-0.067825	
2371.315152	-0.080889	
2371.316646	-0.084051	
2371.318435	-0.084812	
2371.319917	-0.095830	
2371.321708	-0.104398	
2371.323192	-0.112217	
2371.324974	-0.129700	
2371.326459	-0.159823	
2371.328195	-0.172396	
2371.329698	-0.190592	
2371.331444	-0.216860	
2371.332967	-0.232672	
2371.334720	-0.236503	
2371.336241	-0.251561	
2371.337946	-0.269591	
2371.339487	-0.279275	
2371.341013	-0.300279	
2371.342617	-0.333674	
2371.344100	-0.362138	
2371.345722	-0.371109	
2371.347247	-0.403811	
2371.348875	-0.427348	
2371.350356	-0.439341	
2371.352009	-0.453540	
2371.353491	-0.477408	
2371.355132	-0.496772	
2371.356624	-0.515951	
2371.358329	-0.555578	
2371.359817	-0.593484	
2371.361482	-0.621550	
2371.362998	-0.654272	
2371.364634	-0.693475	
2371.366175	-0.725754	
2371.367811	-0.746959	
2371.369373	-0.778912	
2371.370972	-0.824355	
2371.372562	-0.852844	
2371.374230	-0.892196	
2371.375826	-0.955695	
2371.377469	-1.009694	
2371.379092	-1.051927	
2371.380719	-1.115905	
2371.382348	-1.166054	
2371.383958	-1.216500	
2371.385622	-1.256828	
2371.387225	-1.322046	
2371.388880	-1.379986	
2371.390468	-1.438223	
2371.392156	-1.518483	
2371.393712	-1.594469	
2371.395433	-1.627264	
2371.396972	-1.630023	
2371.398665	-1.630116	
2371.400220	-1.630019	
2371.401929	-1.630088	
2371.403461	-1.629999	
2371.405208	-1.630011	
2371.406697	-1.630096	
2371.408472	-1.630080	
2371.409954	-1.629983	
2371.411743	-1.630076	
2371.413226	-1.630064	
2371.415004	-1.630048	
2371.416496	-1.630064	
2371.418287	-1.629995	
2371.419771	-1.630080	
2371.421553	-1.629991	
2371.423046	-1.630132	
2371.424788	-1.630096	
2371.426303	-1.630044	
2371.428046	-1.630128	
2371.429575	-1.630116	
2371.431305	-1.630160	
2371.432837	-1.630128	
2371.434539	-1.630044	
2371.436076	-1.630152	
2371.437759	-1.630048	
2371.439325	-1.630205	
2371.440998	-1.630076	
2371.442585	-1.630293	
2371.444234	-1.630172	
2371.445835	-1.630197	
2371.447484	-1.630168	
2371.449096	-1.630164	
2371.450617	-1.630092	
2371.452267	-1.630297	
2371.453767	-1.630128	
2371.455407	-1.630277	
2371.456887	-1.630293	
2371.458531	-1.630193	
2371.460015	-1.630217	
2371.461651	-1.630309	
2371.463136	-1.630285	
2371.464739	-1.630285	
2371.466254	-1.630342	
2371.467893	-1.630338	
2371.469432	-1.630378	
2371.471052	-1.630322	
2371.472624	-1.630410	
2371.474187	-1.630317	
2371.475800	-1.630410	
2371.477343	-1.630607	
2371.478973	-1.630632	
2371.480584	-1.630571	
2371.482257	-1.630656	
2371.483859	-1.630479	
2371.485524	-1.630676	
2371.487109	-1.630579	
2371.488804	-1.630664	
2371.490367	-1.630503	
2371.492065	-1.630708	
2371.493616	-1.630587	
2371.495297	-1.630591	
2371.496840	-1.630656	
2371.498536	-1.630696	
2371.500046	-1.630495	
2371.501819	-1.630692	
2371.503300	-1.630458	
2371.505102	-1.630567	
2371.506586	-1.630672	
2371.508377	-1.630628	
2371.509870	-1.630700	
2371.511639	-1.630579	
2371.513118	-1.630664	
2371.514896	-1.630640	
2371.516388	-1.630563	
2371.518154	-1.630607	
2371.519657	-1.630652	
2371.521400	-1.630604	
2371.522925	-1.630716	
2371.524661	-1.630599	
2371.526195	-1.630644	
2371.527925	-1.630603	
2371.529478	-1.630575	
2371.531182	-1.630563	
2371.532730	-1.630696	
2371.534428	-1.630507	
2371.535994	-1.630640	
2371.537675	-1.630378	
2371.539248	-1.630483	
2371.540896	-1.630334	
2371.542500	-1.630322	
2371.544147	-1.630185	
2371.545752	-1.630374	
2371.547397	-1.630225	
2371.549015	-1.630358	
2371.550647	-1.630112	
2371.552303	-1.630313	
2371.553892	-1.630140	
2371.555556	-1.630205	
2371.557130	-1.630148	
2371.558801	-1.630160	
2371.560283	-1.630241	
2371.561856	-1.630257	
2371.563358	-1.630180	
2371.564987	-1.630148	
2371.566486	-1.630281	
2371.568089	-1.630160	
2371.569627	-1.630193	
2371.571172	-1.630168	
2371.572762	-1.630168	
2371.574266	-1.630092	
2371.575904	-1.630205	
2371.577489	-1.630112	
2371.579092	-1.630205	
2371.580638	-1.630088	
2371.582294	-1.630140	
2371.583782	-1.630088	
2371.585504	-1.630128	
2371.586978	-1.630064	
2371.588718	-1.630132	
2371.590189	-1.630148	
2371.591906	-1.630108	
2371.593422	-1.630019	
2371.595153	-1.630064	
2371.596636	-1.630036	
2371.598414	-1.630100	
2371.599910	-1.630007	
2371.601687	-1.590759	
2371.603164	-1.357036	
2371.604934	-1.123950	
2371.606414	-0.901357	
2371.608158	-0.671714	
2371.609663	-0.474729	
2371.611383	-0.242791	
2371.612900	-0.022969	
2371.614628	0.225566	
2371.616160	0.447877	
2371.617882	0.715132	
2371.619420	0.948319	
2371.621110	1.185454	
2371.622666	1.415157	
2371.624355	1.600170	
2371.625928	1.625121	
2371.627596	1.625278	
2371.629192	1.625101	
2371.630855	1.625170	
2371.632454	1.625105	
2371.634095	1.625210	
2371.635708	1.625085	
2371.637345	1.625154	
2371.638984	1.625101	
2371.640592	1.625073	
2371.642252	1.625097	
2371.643856	1.625254	
2371.645505	1.625182	
2371.647090	1.625250	
2371.648750	1.625174	
2371.650321	1.625242	
2371.652043	1.625125	
2371.653586	1.625234	
2371.655306	1.625202	
2371.656850	1.625162	
2371.658563	1.625121	
2371.660082	1.625238	
2371.661812	1.625238	
2371.663301	1.625250	
2371.665088	1.625162	
2371.666568	1.625186	
2371.668362	1.625186	
2371.669850	1.625198	
2371.671630	1.625238	
2371.673118	1.625170	
2371.674711	1.625226	
2371.676252	1.625202	
2371.677800	1.625315	
2371.679386	1.625190	
2371.680879	1.625170	
2371.682540	1.625162	
2371.684028	1.625198	
2371.685664	1.625145	
2371.687166	1.625210	
2371.688854	1.625218	
2371.690332	1.625214	
2371.692045	1.625234	
2371.693529	1.625246	
2371.695254	1.625129	
2371.696744	1.625153	
2371.698461	1.625206	
2371.699953	1.625202	
2371.701647	1.625154	
2371.703129	1.625262	
2371.704907	1.625222	
2371.706399	1.625250	
2371.708149	1.625246	
2371.709663	1.625274	
2371.711432	1.625238	
2371.712939	1.625198	
2371.714688	1.625331	
2371.716209	1.625246	
2371.717930	1.625327	
2371.719462	1.625266	
2371.721183	1.625351	
2371.722737	1.625174	
2371.724418	1.625262	
2371.725992	1.625230	
2371.727683	1.625323	
2371.729256	1.625230	
2371.730929	1.625274	
2371.732510	1.625214	
2371.734168	1.625226	
2371.735775	1.625162	
2371.737408	1.625266	
2371.739028	1.625202	
2371.740649	1.625266	
2371.742285	1.625142	
2371.743895	1.625363	
2371.745539	1.625250	
2371.747138	1.625218	
2371.748823	1.625238	
2371.750401	1.625250	
2371.752106	1.625299	
2371.753692	1.625234	
2371.755366	1.625166	
2371.756933	1.625294	
2371.758625	1.625206	
2371.760182	1.625246	
2371.761901	1.625105	
2371.763429	1.625178	
2371.765172	1.625137	
2371.766676	1.625202	
2371.768438	1.625230	
2371.769922	1.625258	
2371.771712	1.625202	
2371.773203	1.625149	
2371.774998	1.625258	
2371.776480	1.625182	
2371.778280	1.625258	
2371.779757	1.625146	
2371.781529	1.625202	
2371.783021	1.625158	
2371.784595	1.625182	
2371.786154	1.625033	
2371.787676	1.625222	
2371.789299	1.625121	
2371.790800	1.625222	
2371.792435	1.625045	
2371.793959	1.625206	
2371.795615	1.625117	
2371.797101	1.625150	
2371.798816	1.625097	
2371.800300	1.625210	
2371.802029	1.625222	
2371.803510	1.625202	
2371.805245	1.625165	
2371.806727	1.625162	
2371.808435	1.625105	
2371.809915	1.625093	
2371.811623	1.625194	
2371.813098	1.625121	
2371.814864	1.625162	
2371.816359	1.625113	
2371.818103	1.625174	
2371.819611	1.625077	
2371.821368	1.625238	
2371.822893	1.625141	
2371.824623	1.625137	
2371.826145	1.625194	
2371.827836	1.625121	
2371.829389	1.625117	
2371.831089	1.625174	
2371.832653	1.625145	
2371.834352	1.625242	
2371.835914	1.625182	
2371.837582	1.625210	
2371.839162	1.625186	
2371.840834	1.625198	
2371.842425	1.625117	
2371.844066	1.624952	
2371.845674	1.622160	
2371.847287	1.551762	
2371.848960	1.472629	
2371.850557	1.442546	
2371.852211	1.399922	
2371.853819	1.358712	
2371.855503	1.316987	
2371.857085	1.275193	
2371.858755	1.223897	
2371.860318	1.172652	
2371.862014	1.145135	
2371.863576	1.093423	
2371.865266	1.054659	
2371.866816	1.034469	
2371.868525	1.012530	
2371.870041	0.965858	
2371.871817	0.929563	
2371.873303	0.910755	
2371.875078	0.861283	
2371.876560	0.828730	
2371.878335	0.789390	
2371.879813	0.765937	
2371.881587	0.723454	
2371.883084	0.709395	
2371.884863	0.702749	
2371.886350	0.671400	
2371.888105	0.642678	
2371.889606	0.628728	
2371.891340	0.598085	
2371.892864	0.554732	
2371.894408	0.539622	
2371.896015	0.522860	
2371.897506	0.491411	
2371.899167	0.468627	
2371.900655	0.461690	
2371.902298	0.449202	
2371.903825	0.428094	
2371.905458	0.414067	
2371.906934	0.405124	
2371.908572	0.379045	
2371.910056	0.363790	
2371.911763	0.347475	
2371.913260	0.324759	
2371.914980	0.306273	
2371.916470	0.305468	
2371.918155	0.302938	
2371.919649	0.290120	
2371.921321	0.272987	
2371.922847	0.274736	
2371.924577	0.253353	
2371.926109	0.234452	
2371.927828	0.223975	
2371.929386	0.208844	
2371.931101	0.190938	
2371.932647	0.188187	
2371.934335	0.199781	
2371.935909	0.194657	
2371.937578	0.182539	
2371.939162	0.189762	
2371.940816	0.179397	
2371.942424	0.155340	
2371.944059	0.143565	
2371.945684	0.146405	
2371.947323	0.132318	
2371.948951	0.129374	
2371.950584	0.134864	
2371.952259	0.148049	
2371.953840	0.128572	
2371.955520	0.132093	
2371.957100	0.129204	
2371.958769	0.111315	
2371.960355	0.100225	
2371.962029	0.114477	
2371.963593	0.091983	
2371.965306	0.086142	
2371.966853	0.095467	
2371.968575	0.103576	
2371.970116	0.096636	
2371.971827	0.104483	
2371.973309	0.109301	
2371.975062	0.089981	
2371.976549	0.076550	
2371.978345	0.080901	
2371.979832	0.065948	
2371.981609	0.062898	
2371.983091	0.072256	
2371.984863	0.085916	
2371.986354	0.081638	
2371.988108	0.084123	
2371.989616	0.093469	
2371.991349	0.077900	
2371.992879	0.065843	
2371.994619	0.066532	
2371.996144	0.063003	
2371.997853	0.052320	
2371.999390	0.052058	
2372.001088	0.065335	
2372.002664	0.072494	
2372.004150	0.067313	
2372.005823	0.067773	
2372.007317	0.076305	
2372.008963	0.055688	
2372.010491	0.042861	
2372.012145	0.055035	
2372.013625	0.038269	
2372.015274	0.036287	
2372.016754	0.043083	
2372.018387	0.045710	
2372.019880	0.039808	
2372.021567	0.045258	
2372.023065	0.053428	
2372.024755	0.045955	
2372.026254	0.021423	
2372.027920	0.025806	
2372.029445	0.023602	
2372.031089	0.010043	
2372.032642	0.010502	
2372.034319	0.026881	
2372.035886	0.022442	
2372.037552	0.023856	
2372.039151	0.035643	
2372.040781	0.017326	
2372.042389	0.003823	
2372.044030	-0.005265	
2372.045636	0.002059	
2372.047260	-0.008935	
2372.048940	-0.012822	
2372.050511	0.001660	
2372.052179	0.011904	
2372.053779	-0.004516	
2372.055454	0.007428	
2372.057025	0.009128	
2372.058684	-0.002534	
2372.060239	-0.017003	
2372.061928	-0.010764	
2372.063473	-0.018744	
2372.065185	-0.023932	
2372.066686	-0.008782	
2372.068419	0.003513	
2372.069903	-0.007654	
2372.071684	0.004226	
2372.073169	0.005861	
2372.074951	-0.006071	
2372.076436	-0.027131	
2372.078216	-0.016701	
2372.079693	-0.025769	
2372.081473	-0.027336	
2372.082966	-0.021181	
2372.084715	-0.001877	
2372.086221	-0.003178	
2372.087924	-0.006324	
2372.089451	0.004117	
2372.091156	-0.003021	
2372.092708	-0.018442	
2372.094408	-0.016689	
2372.095961	-0.016596	
2372.097648	-0.026309	
2372.099223	-0.022639	
2372.100882	-0.001551	
2372.102461	0.005229	
2372.104102	-0.002606	
2372.105703	0.009189	
2372.107333	0.012057	
2372.108957	-0.003359	
2372.110497	-0.013462	
2372.112119	-0.000910	
2372.113615	-0.014804	
2372.115253	-0.013946	
2372.116751	0.000290	
2372.118409	0.012158	
2372.119894	0.002461	
2372.121538	0.012053	
2372.123024	0.019308	
2372.124610	0.017656	
2372.126133	-0.001321	
2372.127777	0.000653	
2372.129334	-0.002610	
2372.130937	-0.006401	
2372.132527	-0.008157	
2372.134089	0.002856	
2372.135701	0.014277	
2372.137249	0.005386	
2372.138923	0.014651	
2372.140515	0.016162	
2372.142195	-0.000507	
2372.143786	-0.011972	
2372.145452	-0.001237	
2372.147028	-0.012387	
2372.148730	-0.019964	
2372.150294	-0.006240	
2372.152014	0.006139	
2372.153567	-0.000596	
2372.155267	0.003485	
2372.156819	0.002929	
2372.158523	-0.004939	
2372.160050	-0.021612	
2372.161802	-0.016818	
2372.163298	-0.021342	
2372.165074	-0.035928	
2372.166550	-0.027195	
2372.168332	-0.008165	
2372.169819	-0.020423	
2372.171595	-0.010667	
2372.173085	-0.005680	
2372.174876	-0.023159	
2372.176357	-0.042253	
2372.178126	-0.031183	
2372.179620	-0.044702	
2372.181368	-0.049770	
2372.182881	-0.047667	
2372.184615	-0.032690	
2372.186146	-0.038777	
2372.187873	-0.037479	
2372.189417	-0.039755	
2372.191136	-0.044956	
2372.192674	-0.060707	
2372.194363	-0.057774	
2372.195913	-0.067502	
2372.197579	-0.077642	
2372.199165	-0.080014	
2372.200803	-0.063148	
2372.202401	-0.058024	
2372.204051	-0.072574	
2372.205655	-0.062189	
2372.207282	-0.063285	
2372.208900	-0.081565	
2372.210512	-0.098992	
2372.212183	-0.091415	
2372.213753	-0.102057	
2372.215436	-0.105179	
2372.217001	-0.095133	
2372.218684	-0.088933	
2372.220172	-0.100587	
2372.221733	-0.092349	
2372.223230	-0.089251	
2372.224868	-0.099407	
2372.226372	-0.119879	
2372.227951	-0.116080	
2372.229484	-0.121768	
2372.231021	-0.130791	
2372.232626	-0.129728	
2372.234124	-0.123335	
2372.235774	-0.119081	
2372.237345	-0.126699	
2372.238976	-0.115403	
2372.240506	-0.123021	
2372.242178	-0.139581	
2372.243664	-0.153116	
2372.245385	-0.147779	
2372.246858	-0.159554	
2372.248594	-0.168436	
2372.250078	-0.160641	
2372.251791	-0.158365	
2372.253279	-0.164468	
2372.255038	-0.163517	
2372.256523	-0.165294	
2372.258312	-0.182358	
2372.259807	-0.206355	
2372.261606	-0.204578	
2372.263092	-0.215261	
2372.264872	-0.231846	
2372.266352	-0.230726	
2372.268111	-0.222794	
2372.269615	-0.239508	
2372.271344	-0.241308	
2372.272870	-0.245192	
2372.274598	-0.262493	
2372.276126	-0.287195	
2372.277835	-0.296710	
2372.279380	-0.314314	
2372.281098	-0.329388	
2372.282654	-0.336425	
2372.284375	-0.336139	
2372.285931	-0.348526	
2372.287606	-0.363185	
2372.289186	-0.370150	
2372.290848	-0.387420	
2372.292430	-0.417608	
2372.294096	-0.436807	
2372.295697	-0.447035	
2372.297334	-0.477702	
2372.298954	-0.495616	
2372.300559	-0.501626	
2372.302219	-0.518763	
2372.303819	-0.547984	
2372.305470	-0.555944	
2372.307059	-0.576316	
2372.308727	-0.615733	
2372.310320	-0.656161	
2372.312018	-0.666252	
2372.313570	-0.707304	
2372.315277	-0.736099	
2372.316821	-0.755419	
2372.318524	-0.770916	
2372.320066	-0.805422	
2372.321781	-0.832335	
2372.323288	-0.859486	
2372.325072	-0.905071	
2372.326551	-0.950800	
2372.328336	-0.977536	
2372.329822	-1.026992	
2372.331599	-1.069084	
2372.333082	-1.094092	
2372.334693	-1.116070	
2372.336228	-1.162775	
2372.337791	-1.198260	
2372.339350	-1.230970	
2372.340844	-1.271821	
2372.342499	-1.326429	
2372.343993	-1.372803	
2372.345632	-1.408764	
2372.347159	-1.469833	
2372.348850	-1.519333	
2372.350343	-1.552200	
2372.352029	-1.588093	
2372.353511	-1.622293	
2372.355234	-1.629979	
2372.356719	-1.629939	
2372.358433	-1.630007	
2372.359920	-1.630023	
2372.361614	-1.630031	
2372.363106	-1.630019	
2372.364884	-1.630076	
2372.366367	-1.630096	
2372.368145	-1.630003	
2372.369647	-1.630088	
2372.371413	-1.630060	
2372.372915	-1.630112	
2372.374647	-1.629983	
2372.376165	-1.630108	
2372.377872	-1.630120	
2372.379408	-1.630152	
2372.381109	-1.630027	
2372.382662	-1.630160	
2372.384333	-1.630092	
2372.385908	-1.630088	
2372.387590	-1.630035	
2372.389153	-1.630120	
2372.390813	-1.630108	
2372.392396	-1.630201	
2372.394037	-1.629975	
2372.395655	-1.630120	
2372.397267	-1.630080	
2372.398895	-1.630205	
2372.400506	-1.630019	
2372.402149	-1.630201	
2372.403748	-1.630080	
2372.405419	-1.630172	
2372.407000	-1.630080	
2372.408697	-1.630136	
2372.410256	-1.630052	
2372.411968	-1.630112	
2372.413518	-1.630096	
2372.415216	-1.630205	
2372.416774	-1.630164	
2372.418490	-1.630185	
2372.420031	-1.630168	
2372.421773	-1.630201	
2372.423264	-1.630185	
2372.425035	-1.630140	
2372.426520	-1.630221	
2372.428296	-1.630148	
2372.429783	-1.630177	
2372.431560	-1.630201	
2372.433049	-1.630128	
2372.434857	-1.630176	
2372.436335	-1.630140	
2372.438098	-1.630185	
2372.439611	-1.630261	
2372.441102	-1.630213	
2372.442676	-1.630253	
2372.444187	-1.630201	
2372.445862	-1.630354	
2372.447351	-1.630261	
2372.448984	-1.630305	
2372.450511	-1.630245	
2372.452154	-1.630313	
2372.453637	-1.630382	
2372.455285	-1.630241	
2372.456758	-1.630301	
2372.458476	-1.630438	
2372.459961	-1.630394	
2372.461664	-1.630382	
2372.463156	-1.630434	
2372.464865	-1.630293	
2372.466361	-1.630487	
2372.468034	-1.630575	
2372.469542	-1.630640	
2372.471307	-1.630495	
2372.472829	-1.630603	
2372.474551	-1.630612	
2372.476086	-1.630664	
2372.477811	-1.630559	
2372.479353	-1.630595	
2372.481057	-1.630531	
2372.482620	-1.630607	
2372.484310	-1.630604	
2372.485879	-1.630668	
2372.487565	-1.630551	
2372.489137	-1.630644	
2372.490799	-1.630503	
2372.492400	-1.630648	
2372.494034	-1.630487	
2372.495653	-1.630620	
2372.497292	-1.630418	
2372.498908	-1.630587	
2372.500535	-1.630422	
2372.502175	-1.630483	
2372.503767	-1.630261	
2372.505453	-1.630406	
2372.507022	-1.630277	
2372.508718	-1.630350	
2372.510285	-1.630317	
2372.511970	-1.630354	
2372.513535	-1.630374	
2372.515213	-1.630317	
2372.516762	-1.630177	
2372.518480	-1.630221	
2372.519995	-1.630253	
2372.521751	-1.630213	
2372.523241	-1.630261	
2372.524999	-1.630197	
2372.526488	-1.630144	
2372.528252	-1.630193	
2372.529741	-1.630205	
2372.531509	-1.630213	
2372.532992	-1.630193	
2372.534771	-1.630084	
2372.536275	-1.630140	
2372.538035	-1.630229	
2372.539547	-1.630241	
2372.541284	-1.630112	
2372.542816	-1.630217	
2372.544518	-1.630100	
2372.546058	-1.630197	
2372.547780	-1.630084	
2372.549314	-1.630148	
2372.550835	-1.630136	
2372.552427	-1.630120	
2372.553928	-1.630044	
2372.555555	-1.630152	
2372.557090	-1.630116	
2372.558719	-1.630140	
2372.560207	-1.630124	
2372.561863	-1.630132	
2372.563348	-1.630112	
2372.565003	-1.630064	
2372.566486	-1.630156	
2372.568178	-1.630027	
2372.569658	-1.630193	
2372.571336	-1.630044	
2372.572842	-1.630100	
2372.574501	-1.630124	
2372.576057	-1.630168	
2372.577663	-1.630084	
2372.579238	-1.630056	
2372.580933	-1.630003	
2372.582500	-1.569405	
2372.584154	-1.323444	
2372.585734	-1.136752	
2372.587384	-0.946160	
2372.588976	-0.748123	
2372.590599	-0.555767	
2372.592228	-0.386227	
2372.593830	-0.210955	
2372.595519	-0.003460	
2372.597117	0.175562	
2372.598782	0.375431	
2372.600385	0.571840	
2372.602062	0.771641	
2372.603637	0.941257	
2372.605340	1.155778	
2372.606901	1.324298	
2372.608620	1.496900	
2372.610180	1.607997	
2372.611865	1.625178	
2372.613432	1.625182	
2372.615138	1.625093	
2372.616658	1.625149	
2372.618392	1.625158	
2372.619873	1.625121	
2372.621645	1.625093	
2372.623125	1.625141	
2372.624892	1.625194	
2372.626377	1.625117	
2372.628156	1.625186	
2372.629643	1.625133	
2372.631406	1.625165	
2372.632910	1.625157	
2372.634665	1.625250	
2372.636182	1.625198	
2372.637926	1.625137	
2372.639449	1.625190	
2372.641173	1.625222	
2372.642718	1.625125	
2372.644437	1.625129	
2372.645982	1.625129	
2372.647691	1.625226	
2372.649240	1.625089	
2372.650917	1.625234	
2372.652489	1.625246	
2372.654146	1.625315	
2372.655742	1.625210	
2372.657376	1.625319	
2372.658989	1.625178	
2372.660512	1.625206	
2372.662146	1.625105	
2372.663636	1.625121	
2372.665287	1.625234	
2372.666784	1.625109	
2372.668438	1.625198	
2372.669934	1.625270	
2372.671583	1.625218	
2372.673066	1.625174	
2372.674702	1.625194	
2372.676203	1.625170	
2372.677866	1.625327	
2372.679389	1.625198	
2372.681034	1.625234	
2372.682589	1.625214	
2372.684188	1.625238	
2372.685789	1.625125	
2372.687358	1.625182	
2372.688976	1.625258	
2372.690509	1.625206	
2372.692177	1.625182	
2372.693780	1.625367	
2372.695418	1.625210	
2372.697004	1.625315	
2372.698684	1.625202	
2372.700268	1.625399	
2372.701975	1.625226	
2372.703524	1.625335	
2372.705220	1.625234	
2372.706771	1.625290	
2372.708480	1.625198	
2372.710003	1.625314	
2372.711726	1.625250	
2372.713217	1.625230	
2372.714986	1.625109	
2372.716471	1.625246	
2372.718253	1.625254	
2372.719731	1.625222	
2372.721496	1.625286	
2372.722977	1.625270	
2372.724751	1.625286	
2372.726250	1.625121	
2372.728010	1.625363	
2372.729515	1.625234	
2372.731260	1.625162	
2372.732783	1.625339	
2372.734513	1.625226	
2372.736042	1.625153	
2372.737742	1.625150	
2372.739292	1.625254	
2372.740978	1.625182	
2372.742546	1.625234	
2372.744231	1.625270	
2372.745799	1.625202	
2372.747450	1.625226	
2372.749028	1.625170	
2372.750688	1.625347	
2372.752301	1.625234	
2372.753914	1.625307	
2372.755552	1.625145	
2372.757179	1.625262	
2372.758832	1.625117	
2372.760434	1.625302	
2372.762088	1.625133	
2372.763684	1.625303	
2372.765368	1.625166	
2372.766940	1.625178	
2372.768632	1.625174	
2372.770113	1.625101	
2372.771678	1.625161	
2372.773181	1.625129	
2372.774832	1.625162	
2372.776330	1.625101	
2372.777920	1.625145	
2372.779463	1.625158	
2372.781013	1.625174	
2372.782599	1.625113	
2372.784090	1.625174	
2372.785737	1.625222	
2372.787233	1.625149	
2372.788880	1.625153	
2372.790382	1.625097	
2372.792070	1.625157	
2372.793555	1.625182	
2372.795266	1.625105	
2372.796751	1.625133	
2372.798476	1.625149	
2372.799961	1.625222	
2372.801687	1.625053	
2372.803171	1.625158	
2372.804956	1.625162	
2372.806438	1.625194	
2372.808221	1.625137	
2372.809702	1.625081	
2372.811483	1.625174	
2372.812967	1.625093	
2372.814747	1.625129	
2372.816240	1.625057	
2372.817984	1.625154	
2372.819498	1.625149	
2372.821243	1.625242	
2372.822763	1.625210	
2372.824469	1.625230	
2372.826011	1.625069	
2372.827735	1.625161	
2372.829273	1.625097	
2372.830967	1.625141	
2372.832527	1.625101	
2372.834213	1.625133	
2372.835777	1.625133	
2372.837460	1.625234	
2372.839060	1.625154	
2372.840705	1.625154	
2372.842321	1.625121	
2372.843950	1.625218	
2372.845568	1.624581	
2372.847180	1.601527	
2372.848817	1.517847	
2372.850434	1.479006	
2372.852110	1.444890	
2372.853696	1.385335	
2372.855384	1.358027	
2372.856973	1.306143	
2372.858644	1.252518	
2372.860213	1.208504	
2372.861899	1.172535	
2372.863462	1.119011	
2372.865172	1.083542	
2372.866723	1.050062	
2372.868439	1.025002	
2372.869949	0.976143	
2372.871701	0.950909	
2372.873184	0.928105	
2372.874951	0.867745	
2372.876450	0.828299	
2372.878235	0.802989	
2372.879717	0.773148	
2372.881512	0.724554	
2372.882996	0.717037	
2372.884594	0.697866	
2372.886135	0.660447	
2372.887682	0.642795	
2372.889304	0.618984	
2372.890786	0.594480	
2372.892439	0.564360	
2372.893929	0.529656	
2372.895569	0.512487	
2372.897092	0.481550	
2372.898738	0.466600	
2372.900216	0.458443	
2372.901934	0.438531	
2372.903408	0.423896	
2372.905111	0.408371	
2372.906599	0.402852	
2372.908327	0.374590	
2372.909810	0.340526	
2372.911525	0.339072	
2372.913004	0.320691	
2372.914789	0.296146	
2372.916269	0.296037	
2372.918031	0.300754	
2372.919529	0.271094	
2372.921262	0.270341	
2372.922785	0.261619	
2372.924515	0.239625	
2372.926038	0.225808	
2372.927759	0.209368	
2372.929300	0.203156	
2372.931007	0.185533	
2372.932571	0.186048	
2372.934261	0.185565	
2372.935832	0.172428	
2372.937526	0.180747	
2372.939097	0.164928	
2372.940764	0.169516	
2372.942357	0.139211	
2372.944009	0.139090	
2372.945603	0.131597	
2372.947238	0.118936	
2372.948866	0.106779	
2372.950468	0.122606	
2372.952141	0.130703	
2372.953763	0.116527	
2372.955412	0.115335	
2372.957016	0.117176	
2372.958694	0.105341	
2372.960260	0.088120	
2372.961952	0.092104	
2372.963508	0.082234	
2372.965226	0.080563	
2372.966776	0.090601	
2372.968469	0.096414	
2372.970007	0.089900	
2372.971733	0.089816	
2372.973239	0.090077	
2372.975019	0.076401	
2372.976501	0.065432	
2372.978268	0.072236	
2372.979754	0.057388	
2372.981543	0.047031	
2372.983025	0.060264	
2372.984819	0.064993	
2372.986308	0.061839	
2372.988096	0.069098	
2372.989582	0.067648	
2372.991330	0.051720	
2372.992863	0.039175	
2372.994356	0.039345	
2372.995936	0.032867	
2372.997433	0.028130	
2372.999098	0.028428	
2373.000584	0.039135	
2373.002223	0.040368	
2373.003754	0.035296	
2373.005385	0.046958	
2373.006863	0.046282	
2373.008496	0.022357	
2373.009976	0.014792	
2373.011692	0.022672	
2373.013177	0.011827	
2373.014865	0.005394	
2373.016353	0.015046	
2373.018028	0.028710	
2373.019548	0.016871	
2373.021208	0.023187	
2373.022724	0.034930	
2373.024367	0.017141	
2373.025914	0.003166	
2373.027615	-0.003110	
2373.029190	-0.008137	
2373.030861	-0.018200	
2373.032441	-0.021845	
2373.034095	-0.003420	
2373.035693	-0.001402	
2373.037319	-0.005265	
2373.038922	0.001612	
2373.040548	0.002514	
2373.042153	-0.013483	
2373.043766	-0.020863	
2373.045430	-0.010244	
2373.047027	-0.027844	
2373.048694	-0.027715	
2373.050283	-0.015142	
2373.051958	-0.005644	
2373.053532	-0.019586	
2373.055211	-0.002755	
2373.056755	-0.002103	
2373.058466	-0.016391	
2373.060010	-0.030047	
2373.061739	-0.022063	
2373.063230	-0.033890	
2373.064996	-0.031397	
2373.066480	-0.026188	
2373.068260	-0.008157	
2373.069752	-0.021221	
2373.071541	-0.008620	
2373.073019	-0.008729	
2373.074795	-0.011046	
2373.076275	-0.025890	
2373.078044	-0.018180	
2373.079540	-0.026470	
2373.081281	-0.030047	
2373.082793	-0.018901	
2373.084548	-0.001378	
2373.086076	-0.008294	
2373.087788	-0.001833	
2373.089317	0.000947	
2373.091029	-0.000850	
2373.092580	-0.018591	
2373.094261	-0.011183	
2373.095829	-0.015896	
2373.097514	-0.016117	
2373.099101	-0.014079	
2373.100743	0.000250	
2373.102345	0.005438	
2373.103851	0.002337	
2373.105507	0.018663	
2373.107008	0.013572	
2373.108651	0.003392	
2373.110150	-0.003146	
2373.111782	-0.000451	
2373.113277	-0.005128	
2373.114903	-0.010292	
2373.116390	0.004222	
2373.118024	0.021870	
2373.119516	0.018800	
2373.121202	0.025020	
2373.122717	0.025121	
2373.124354	0.015702	
2373.125896	0.000931	
2373.127480	0.003912	
2373.129068	0.002804	
2373.130624	-0.003464	
2373.132247	-0.005072	
2373.133788	0.013197	
2373.135460	0.016492	
2373.137052	0.008508	
2373.138713	0.026386	
2373.140305	0.024186	
2373.141975	0.015743	
2373.143542	-0.004689	
2373.145238	0.001841	
2373.146784	-0.005587	
2373.148488	-0.008057	
2373.150015	0.005817	
2373.151708	0.016540	
2373.153209	0.003823	
2373.154967	0.013817	
2373.156458	0.012323	
2373.158242	0.007598	
2373.159723	-0.014236	
2373.161500	-0.007219	
2373.162987	-0.015799	
2373.164757	-0.018812	
2373.166240	-0.010268	
2373.168023	0.004024	
2373.169518	-0.004661	
2373.171270	0.002184	
2373.172793	0.001438	
2373.174501	-0.005611	
2373.176035	-0.023868	
2373.177753	-0.018450	
2373.179300	-0.027864	
2373.181010	-0.031904	
2373.182556	-0.030643	
2373.184250	-0.018156	
2373.185815	-0.018095	
2373.187506	-0.017418	
2373.189081	-0.012476	
2373.190762	-0.017080	
2373.192356	-0.035896	
2373.194028	-0.036372	
2373.195642	-0.038934	
2373.197280	-0.049109	
2373.198889	-0.045717	
2373.200530	-0.034978	
2373.202160	-0.027235	
2373.203783	-0.036907	
2373.205440	-0.025487	
2373.207032	-0.026055	
2373.208711	-0.043228	
2373.210272	-0.053117	
2373.211944	-0.047361	
2373.213421	-0.057730	
2373.215002	-0.059248	
2373.216487	-0.048094	
2373.218132	-0.043711	
2373.219624	-0.045895	
2373.221216	-0.039389	
2373.222771	-0.034809	
2373.224321	-0.049109	
2373.225916	-0.061698	
2373.227407	-0.064743	
2373.229054	-0.062427	
2373.230542	-0.072038	
2373.232178	-0.075394	
2373.233681	-0.064006	
2373.235382	-0.057677	
2373.236868	-0.070375	
2373.238575	-0.061182	
2373.240059	-0.055273	
2373.241762	-0.069762	
2373.243248	-0.085799	
2373.244960	-0.078012	
2373.246443	-0.090484	
2373.248224	-0.100188	
2373.249704	-0.091986	
2373.251471	-0.084119	
2373.252951	-0.098323	
2373.254692	-0.091805	
2373.256197	-0.096011	
2373.257951	-0.103230	
2373.259461	-0.127198	
2373.261195	-0.120741	
2373.262712	-0.134828	
2373.264421	-0.146752	
2373.265968	-0.144218	
2373.267679	-0.139344	
2373.269231	-0.146659	
2373.270928	-0.154345	
2373.272493	-0.156653	
2373.274159	-0.164138	
2373.275736	-0.188453	
2373.277390	-0.201061	
2373.278969	-0.213606	
2373.280627	-0.224466	
2373.282235	-0.235516	
2373.283865	-0.231048	
2373.285496	-0.232958	
2373.287115	-0.253925	
2373.288780	-0.261152	
2373.290387	-0.268475	
2373.292028	-0.295046	
2373.293628	-0.317258	
2373.295319	-0.325408	
2373.296892	-0.347753	
2373.298589	-0.364885	
2373.300145	-0.365655	
2373.301863	-0.376205	
2373.303427	-0.401245	
2373.305115	-0.408028	
2373.306682	-0.421842	
2373.308393	-0.449669	
2373.309890	-0.476300	
2373.311641	-0.489195	
2373.313123	-0.517425	
2373.314890	-0.537837	
2373.316376	-0.551876	
2373.318147	-0.559445	
2373.319631	-0.592090	
2373.321423	-0.606113	
2373.322896	-0.625973	
2373.324659	-0.659400	
2373.326181	-0.697169	
2373.327674	-0.718157	
2373.329248	-0.742246	
2373.330755	-0.771923	
2373.332410	-0.796955	
2373.333907	-0.812625	
2373.335541	-0.834680	
2373.337060	-0.867583	
2373.338716	-0.888668	
2373.340195	-0.916414	
2373.341840	-0.953455	
2373.343315	-0.997372	
2373.345019	-1.025280	
2373.346507	-1.063569	
2373.348209	-1.099103	
2373.349694	-1.129448	
2373.351396	-1.156587	
2373.352887	-1.192479	
2373.354541	-1.218849	
2373.356061	-1.245839	
2373.357716	-1.288063	
2373.359260	-1.342587	
2373.360967	-1.384763	
2373.362514	-1.427907	
2373.364194	-1.484134	
2373.365758	-1.511885	
2373.367433	-1.545316	
2373.369028	-1.588342	
2373.370683	-1.624899	
2373.372266	-1.630072	
2373.373914	-1.629902	
2373.375525	-1.630136	
2373.377152	-1.630015	
2373.378790	-1.630100	
2373.380389	-1.629894	
2373.382059	-1.630152	
2373.383646	-1.630068	
2373.385318	-1.630019	
2373.386911	-1.630007	
2373.388589	-1.630096	
2373.390158	-1.630084	
2373.391848	-1.630088	
2373.393414	-1.630076	
2373.395127	-1.630052	
2373.396681	-1.630048	
2373.398387	-1.630104	
2373.399905	-1.629987	
2373.401650	-1.630096	
2373.403137	-1.630068	
2373.404889	-1.630128	
2373.406388	-1.630124	
2373.408172	-1.630044	
2373.409657	-1.630104	
2373.411428	-1.630048	
2373.412906	-1.630144	
2373.414668	-1.630076	
2373.416165	-1.630112	
2373.417933	-1.630148	
2373.419451	-1.630136	
2373.421199	-1.630015	
2373.422716	-1.630112	
2373.424425	-1.630116	
2373.425958	-1.630132	
2373.427659	-1.630048	
2373.429215	-1.630197	
2373.430903	-1.630003	
2373.432465	-1.630225	
2373.434136	-1.630132	
2373.435718	-1.630237	
2373.437387	-1.630172	
2373.438999	-1.630193	
2373.440497	-1.630116	
2373.442128	-1.630229	
2373.443659	-1.630245	
2373.445309	-1.630221	
2373.446792	-1.630176	
2373.448454	-1.630160	
2373.449932	-1.630249	
2373.451570	-1.630088	
2373.453056	-1.630253	
2373.454712	-1.630152	
2373.456204	-1.630293	
2373.457873	-1.630128	
2373.459397	-1.630185	
2373.461049	-1.630193	
2373.462608	-1.630233	
2373.464210	-1.630152	
2373.465780	-1.630273	
2373.467370	-1.630189	
2373.468972	-1.630354	
2373.470614	-1.630209	
2373.472209	-1.630217	
2373.473843	-1.630140	
2373.475455	-1.630370	
2373.477070	-1.630245	
2373.478736	-1.630285	
2373.480319	-1.630257	
2373.481998	-1.630321	
2373.483589	-1.630305	
2373.485270	-1.630350	
2373.486846	-1.630245	
2373.488531	-1.630354	
2373.490102	-1.630289	
2373.491799	-1.630350	
2373.493343	-1.630329	
2373.495074	-1.630297	
2373.496592	-1.630177	
2373.498317	-1.630285	
2373.499800	-1.630253	
2373.501589	-1.630334	
2373.503079	-1.630277	
2373.504873	-1.630326	
2373.506348	-1.630386	
2373.508119	-1.630386	
2373.509601	-1.630338	
2373.511382	-1.630366	
2373.512864	-1.630329	
2373.514611	-1.630261	
2373.516122	-1.630394	
2373.517839	-1.630193	
2373.519366	-1.630261	
2373.521085	-1.630197	
2373.522625	-1.630374	
2373.524331	-1.630201	
2373.525877	-1.630386	
2373.527562	-1.630164	
2373.529119	-1.630253	
2373.530789	-1.630193	
2373.532375	-1.630378	
2373.534037	-1.630128	
2373.535634	-1.630221	
2373.537278	-1.630172	
2373.538885	-1.630221	
2373.540535	-1.630112	
2373.542163	-1.630273	
2373.543774	-1.630229	
2373.545447	-1.630249	
2373.547046	-1.630176	
2373.548713	-1.630273	
2373.550195	-1.630313	
2373.551763	-1.630269	
2373.553266	-1.630281	
2373.554894	-1.630176	
2373.556388	-1.630289	
2373.558012	-1.630152	
2373.559525	-1.630225	
2373.561102	-1.630100	
2373.562644	-1.630201	
2373.564184	-1.630112	
2373.565779	-1.630164	
2373.567368	-1.629991	
2373.568973	-1.630257	
2373.570536	-1.630164	
2373.572154	-1.630229	
2373.573676	-1.630072	
2373.575365	-1.630181	
2373.576841	-1.630132	
2373.578585	-1.630197	
2373.580062	-1.630257	
2373.581772	-1.630128	
2373.583331	-1.630044	
2373.585042	-1.630189	
2373.586561	-1.630080	
2373.588300	-1.630168	
2373.589800	-1.630072	
2373.591589	-1.630044	
2373.593070	-1.630003	
2373.594851	-1.630044	
2373.596328	-1.630031	
2373.598104	-1.630056	
2373.599582	-1.630128	
2373.601339	-1.630011	
2373.602846	-1.630084	
2373.604610	-1.630007	
2373.606112	-1.630052	
2373.607841	-1.630027	
2373.609362	-1.630128	
2373.611073	-1.629939	
2373.612616	-1.630039	
2373.614310	-1.630056	
2373.615866	-1.593885	
2373.617539	-1.397521	
2373.619114	-1.257025	
2373.620789	-1.109532	
2373.622372	-0.968368	
2373.624041	-0.820279	
2373.625632	-0.696428	
2373.627278	-0.554820	
2373.628881	-0.422418	
2373.630497	-0.295413	
2373.632130	-0.160375	
2373.633760	-0.004826	
2373.635412	0.140713	
2373.637030	0.278160	
2373.638662	0.417020	
2373.640259	0.548029	
2373.641940	0.668419	
2373.643511	0.791134	
2373.645242	0.941584	
2373.646812	1.066079	
2373.648504	1.205177	
2373.650068	1.336403	
2373.651753	1.488461	
2373.653320	1.584882	
2373.655044	1.624537	
2373.656558	1.625198	
2373.658303	1.625149	
2373.659789	1.625117	
2373.661572	1.625178	
2373.663062	1.625109	
2373.664670	1.625121	
2373.666183	1.625033	
2373.667750	1.625218	
2373.669282	1.625045	
2373.670813	1.625089	
2373.672434	1.625174	
2373.673924	1.625105	
2373.675573	1.625226	
2373.677132	1.625170	
2373.678797	1.625121	
2373.680296	1.625174	
2373.681995	1.625162	
2373.683486	1.625210	
2373.685211	1.625186	
2373.686684	1.625149	
2373.688405	1.625121	
2373.689893	1.625190	
2373.691603	1.625218	
2373.693091	1.625182	
2373.694869	1.625174	
2373.696359	1.625154	
2373.698118	1.625234	
2373.699610	1.625141	
2373.701385	1.625206	
2373.702868	1.625250	
2373.704633	1.625230	
2373.706133	1.625210	
2373.707896	1.625170	
2373.709406	1.625194	
2373.711130	1.625242	
2373.712658	1.625178	
2373.714369	1.625278	
2373.715914	1.625170	
2373.717624	1.625306	
2373.719169	1.625162	
2373.720843	1.625250	
2373.722405	1.625133	
2373.724063	1.625242	
2373.725649	1.625166	
2373.727281	1.625250	
2373.728887	1.625170	
2373.730539	1.625246	
2373.732153	1.625161	
2373.733802	1.625250	
2373.735429	1.625182	
2373.737034	1.625190	
2373.738708	1.625258	
2373.740290	1.625222	
2373.741967	1.625170	
2373.743557	1.625174	
2373.745222	1.625206	
2373.746800	1.625327	
2373.748505	1.625157	
2373.750072	1.625194	
2373.751787	1.625198	
2373.753333	1.625323	
2373.755044	1.625186	
2373.756570	1.625311	
2373.758316	1.625238	
2373.759816	1.625286	
2373.761581	1.625190	
2373.763078	1.625278	
2373.764868	1.625162	
2373.766350	1.625210	
2373.768128	1.625113	
2373.769610	1.625133	
2373.771371	1.625214	
2373.772860	1.625170	
2373.774435	1.625162	
2373.775983	1.625242	
2373.777524	1.625278	
2373.779131	1.625150	
2373.780634	1.625258	
2373.782260	1.625065	
2373.783782	1.625149	
2373.785449	1.625182	
2373.786958	1.625182	
2373.788655	1.625125	
2373.790146	1.625246	
2373.791849	1.625258	
2373.793335	1.625165	
2373.795070	1.625266	
2373.796554	1.625242	
2373.798268	1.625145	
2373.799754	1.625198	
2373.801474	1.625286	
2373.802956	1.625242	
2373.804728	1.625194	
2373.806212	1.625206	
2373.807967	1.625242	
2373.809472	1.625174	
2373.811234	1.625363	
2373.812729	1.625101	
2373.814458	1.625262	
2373.815982	1.625149	
2373.817711	1.625258	
2373.819252	1.625194	
2373.820984	1.625149	
2373.822543	1.625194	
2373.824253	1.625351	
2373.825798	1.625186	
2373.827495	1.625194	
2373.829056	1.625158	
2373.830716	1.625266	
2373.832302	1.625254	
2373.833959	1.625254	
2373.835571	1.625170	
2373.837205	1.625303	
2373.838837	1.625234	
2373.840465	1.625218	
2373.842075	1.625057	
2373.843711	1.625238	
2373.845390	1.625133	
2373.846976	1.625238	
2373.848661	1.625004	
2373.850242	1.625097	
2373.851935	1.625166	
2373.853500	1.625218	
2373.855164	1.625129	
2373.856724	1.625182	
2373.858441	1.625133	
2373.859988	1.625266	
2373.861708	1.625166	
2373.863245	1.625154	
2373.864968	1.625117	
2373.866466	1.625105	
2373.868217	1.625226	
2373.869701	1.625121	
2373.871479	1.625214	
2373.872969	1.625109	
2373.874758	1.625133	
2373.876242	1.625129	
2373.877997	1.625109	
2373.879493	1.625182	
2373.881254	1.625157	
2373.882773	1.625194	
2373.884339	1.625158	
2373.885881	1.625129	
2373.887386	1.625101	
2373.889028	1.625170	
2373.890518	1.625158	
2373.892160	1.625157	
2373.893677	1.625113	
2373.895322	1.625125	
2373.896800	1.625097	
2373.898515	1.625093	
2373.899995	1.625121	
2373.901713	1.625170	
2373.903202	1.625037	
2373.904928	1.625161	
2373.906414	1.625190	
2373.908124	1.625157	
2373.909601	1.625069	
2373.911283	1.624573	
2373.912782	1.605652	
2373.914528	1.524341	
2373.916048	1.503623	
2373.917802	1.474422	
2373.919335	1.427117	
2373.921070	1.400740	
2373.922607	1.372743	
2373.924316	1.339014	
2373.925858	1.292302	
2373.927562	1.265106	
2373.929125	1.230942	
2373.930808	1.199702	
2373.932378	1.180294	
2373.934062	1.171673	
2373.935636	1.135161	
2373.937290	1.118729	
2373.938880	1.099337	
2373.940519	1.074937	
2373.942128	1.046654	
2373.943742	1.015334	
2373.945420	0.993061	
2373.947017	0.960606	
2373.948689	0.949439	
2373.950285	0.940270	
2373.951952	0.926844	
2373.953561	0.898308	
2373.955254	0.902900	
2373.956817	0.870440	
2373.958521	0.842862	
2373.960089	0.806264	
2373.961807	0.805705	
2373.963372	0.783122	
2373.965060	0.762287	
2373.966630	0.757808	
2373.968350	0.756059	
2373.969875	0.722870	
2373.971614	0.722081	
2373.973093	0.697612	
2373.974871	0.675215	
2373.976362	0.642163	
2373.978138	0.641148	
2373.979630	0.609670	
2373.981437	0.593742	
2373.982918	0.591966	
2373.984697	0.584074	
2373.986183	0.567627	
2373.987924	0.564807	
2373.989429	0.549173	
2373.991156	0.528838	
2373.992686	0.493566	
2373.994241	0.491008	
2373.995827	0.469465	
2373.997316	0.451079	
2373.998980	0.445750	
2374.000481	0.447663	
2374.002098	0.429234	
2374.003618	0.421109	
2374.005268	0.420101	
2374.006759	0.400677	
2374.008398	0.379681	
2374.009893	0.355697	
2374.011616	0.357429	
2374.013101	0.332276	
2374.014799	0.313158	
2374.016287	0.317210	
2374.017980	0.322246	
2374.019466	0.302801	
2374.021140	0.301701	
2374.022662	0.298374	
2374.024394	0.270389	
2374.025937	0.249599	
2374.027666	0.251935	
2374.029217	0.225030	
2374.030928	0.214637	
2374.032479	0.222641	
2374.034182	0.219306	
2374.035757	0.210927	
2374.037439	0.205884	
2374.039008	0.212373	
2374.040663	0.189545	
2374.042257	0.167699	
2374.043899	0.167268	
2374.045507	0.155860	
2374.047151	0.141217	
2374.048767	0.144975	
2374.050394	0.153177	
2374.052066	0.144029	
2374.053649	0.144721	
2374.055320	0.147368	
2374.056909	0.146792	
2374.058589	0.124882	
2374.060173	0.111500	
2374.061849	0.119250	
2374.063422	0.101997	
2374.065134	0.100015	
2374.066685	0.114783	
2374.068396	0.112563	
2374.069935	0.107717	
2374.071654	0.114320	
2374.073179	0.113417	
2374.074915	0.107137	
2374.076409	0.079555	
2374.078198	0.096168	
2374.079677	0.074049	
2374.081472	0.072820	
2374.082956	0.080003	
2374.084734	0.088027	
2374.086212	0.084897	
2374.087971	0.093558	
2374.089471	0.102525	
2374.091239	0.080643	
2374.092744	0.065489	
2374.094501	0.076015	
2374.096022	0.062403	
2374.097748	0.055236	
2374.099278	0.054987	
2374.100998	0.072462	
2374.102537	0.061766	
2374.104058	0.072542	
2374.105659	0.064441	
2374.107152	0.069231	
2374.108787	0.046664	
2374.110308	0.043490	
2374.111953	0.044888	
2374.113429	0.025262	
2374.115081	0.015594	
2374.116564	0.037866	
2374.118208	0.042044	
2374.119715	0.030349	
2374.121437	0.030136	
2374.122925	0.037588	
2374.124613	0.013576	
2374.126103	-0.003021	
2374.127782	-0.001732	
2374.129290	-0.014868	
2374.130921	-0.022212	
2374.132474	-0.023908	
2374.134065	-0.013571	
2374.135656	-0.023856	
2374.137307	-0.025769	
2374.138912	-0.025866	
2374.140538	-0.034132	
2374.142139	-0.060006	
2374.143771	-0.057436	
2374.145391	-0.070242	
2374.147013	-0.078476	
2374.148693	-0.083491	
2374.150279	-0.072187	
2374.151948	-0.075761	
2374.153525	-0.086887	
2374.155210	-0.090770	
2374.156776	-0.092240	
2374.158469	-0.110255	
2374.160045	-0.125071	
2374.161777	-0.123927	
2374.163313	-0.138743	
2374.165032	-0.147271	
2374.166569	-0.139573	
2374.168274	-0.134820	
2374.169780	-0.151646	
2374.171547	-0.142707	
2374.173034	-0.149974	
2374.174841	-0.168368	
2374.176325	-0.182704	
2374.178104	-0.183506	
2374.179593	-0.196340	
2374.181374	-0.203583	
2374.182852	-0.195792	
2374.184621	-0.186930	
2374.186111	-0.203756	
2374.187882	-0.197533	
2374.189404	-0.200445	
2374.191144	-0.215805	
2374.192661	-0.235653	
2374.194391	-0.230178	
2374.195924	-0.244922	
2374.197640	-0.255601	
2374.199180	-0.252124	
2374.200867	-0.240201	
2374.202443	-0.251802	
2374.204136	-0.249748	
2374.205699	-0.249272	
2374.207345	-0.258707	
2374.208931	-0.281491	
2374.210586	-0.281080	
2374.212177	-0.295880	
2374.213808	-0.303425	
2374.215426	-0.304638	
2374.216949	-0.290700	
2374.218592	-0.298357	
2374.220070	-0.305596	
2374.221715	-0.298535	
2374.223194	-0.307780	
2374.224828	-0.326983	
2374.226317	-0.340389	
2374.227933	-0.341485	
2374.229456	-0.360289	
2374.231041	-0.365820	
2374.232572	-0.362500	
2374.234178	-0.356442	
2374.235762	-0.374054	
2374.237365	-0.377248	
2374.238949	-0.379238	
2374.240525	-0.391210	
2374.242149	-0.417169	
2374.243682	-0.421515	
2374.245363	-0.434140	
2374.246953	-0.452167	
2374.248625	-0.460477	
2374.250215	-0.459333	
2374.251899	-0.469887	
2374.253483	-0.486428	
2374.255158	-0.486005	
2374.256715	-0.510928	
2374.258419	-0.539779	
2374.259973	-0.565854	
2374.261693	-0.568517	
2374.263235	-0.599535	
2374.264963	-0.619938	
2374.266482	-0.616035	
2374.268207	-0.629582	
2374.269689	-0.661672	
2374.271463	-0.672250	
2374.272951	-0.691711	
2374.274727	-0.723857	
2374.276210	-0.759588	
2374.277984	-0.771359	
2374.279463	-0.808822	
2374.281202	-0.834023	
2374.282707	-0.847615	
2374.284428	-0.858592	
2374.285950	-0.890770	
2374.287675	-0.913063	
2374.289203	-0.933491	
2374.290920	-0.975808	
2374.292467	-1.016885	
2374.294161	-1.042731	
2374.295719	-1.078160	
2374.297407	-1.114914	
2374.298999	-1.138661	
2374.300666	-1.150158	
2374.302248	-1.190320	
2374.303910	-1.221439	
2374.305503	-1.243860	
2374.307144	-1.277501	
2374.308745	-1.329092	
2374.310381	-1.360186	
2374.312032	-1.398580	
2374.313629	-1.439166	
2374.315293	-1.478124	
2374.316880	-1.492609	
2374.318557	-1.529182	
2374.320135	-1.568499	
2374.321800	-1.598957	
2374.323370	-1.621902	
2374.325077	-1.629987	
2374.326552	-1.630048	
2374.328191	-1.629951	
2374.329673	-1.630072	
2374.331321	-1.629991	
2374.332806	-1.630164	
2374.334408	-1.630064	
2374.335949	-1.630068	
2374.337493	-1.630132	
2374.339085	-1.630136	
2374.340662	-1.630088	
2374.342263	-1.630072	
2374.343820	-1.630031	
2374.345437	-1.630112	
2374.346943	-1.630076	
2374.348626	-1.630189	
2374.350102	-1.630072	
2374.351814	-1.630084	
2374.353296	-1.630084	
2374.355011	-1.630084	
2374.356582	-1.630100	
2374.358299	-1.630056	
2374.359804	-1.630092	
2374.361562	-1.630027	
2374.363049	-1.630092	
2374.364842	-1.630088	
2374.366329	-1.630015	
2374.368100	-1.630108	
2374.369596	-1.630023	
2374.371396	-1.630100	
2374.372870	-1.630007	
2374.374657	-1.630136	
2374.376143	-1.630104	
2374.377913	-1.629991	
2374.379405	-1.630148	
2374.381149	-1.630072	
2374.382669	-1.630100	
2374.384416	-1.630068	
2374.385944	-1.630128	
2374.387676	-1.630088	
2374.389209	-1.630164	
2374.390918	-1.630040	
2374.392469	-1.630124	
2374.394168	-1.630039	
2374.395733	-1.630100	
2374.397411	-1.630116	
2374.399003	-1.630124	
2374.400674	-1.630060	
2374.402254	-1.630168	
2374.403915	-1.630036	
2374.405503	-1.630156	
2374.407154	-1.630036	
2374.408768	-1.630148	
2374.410381	-1.630092	
2374.412037	-1.630172	
2374.413641	-1.630060	
2374.415294	-1.630229	
2374.416897	-1.629995	
2374.418553	-1.630197	
2374.420134	-1.630096	
2374.421832	-1.630188	
2374.423390	-1.630136	
2374.425106	-1.630193	
2374.426654	-1.630116	
2374.428356	-1.630241	
2374.429912	-1.630172	
2374.431622	-1.630241	
2374.433140	-1.630148	
2374.434879	-1.630164	
2374.436362	-1.630293	
2374.438005	-1.630209	
2374.439490	-1.630342	
2374.441085	-1.630132	
2374.442620	-1.630193	
2374.444162	-1.630217	
2374.445764	-1.630164	
2374.447263	-1.630100	
2374.448917	-1.630201	
2374.450413	-1.630144	
2374.452037	-1.630253	
2374.453532	-1.630177	
2374.455230	-1.630301	
2374.456711	-1.630217	
2374.458431	-1.630301	
2374.459910	-1.630293	
2374.461613	-1.630313	
2374.463095	-1.630213	
2374.464799	-1.630317	
2374.466295	-1.630168	
2374.468087	-1.630185	
2374.469568	-1.630205	
2374.471357	-1.630245	
2374.472838	-1.630229	
2374.474600	-1.630229	
2374.476096	-1.630209	
2374.477843	-1.630172	
2374.479351	-1.630273	
2374.481106	-1.630148	
2374.482634	-1.630201	
2374.484387	-1.630221	
2374.485912	-1.630221	
2374.487613	-1.630176	
2374.489153	-1.630237	
2374.490845	-1.630156	
2374.492399	-1.630261	
2374.494097	-1.630205	
2374.495670	-1.630217	
2374.497342	-1.630088	
2374.498946	-1.630301	
2374.500617	-1.630128	
2374.502198	-1.630273	
2374.503844	-1.630064	
2374.505459	-1.630253	
2374.507081	-1.630112	
2374.508705	-1.630281	
2374.510322	-1.630112	
2374.511967	-1.630164	
2374.513571	-1.630180	
2374.515225	-1.630305	
2374.516804	-1.630116	
2374.518489	-1.630193	
2374.520060	-1.630100	
2374.521764	-1.630193	
2374.523316	-1.630092	
2374.525023	-1.630152	
2374.526584	-1.630072	
2374.528273	-1.630180	
2374.529797	-1.630160	
2374.531540	-1.630116	
2374.533017	-1.630213	
2374.534805	-1.630168	
2374.536290	-1.630148	
2374.538070	-1.630185	
2374.539554	-1.630209	
2374.541331	-1.630068	
2374.542811	-1.630092	
2374.544568	-1.630120	
2374.546074	-1.630104	
2374.547659	-1.630112	
2374.549186	-1.630132	
2374.550716	-1.630080	
2374.552330	-1.630164	
2374.553824	-1.630056	
2374.555449	-1.630156	
2374.556980	-1.630092	
2374.558607	-1.630213	
2374.560100	-1.630096	
2374.561768	-1.630168	
2374.563240	-1.630080	
2374.564957	-1.630180	
2374.566441	-1.630052	
2374.568152	-1.630100	
2374.569633	-1.630128	
2374.571328	-1.630156	
2374.572809	-1.630128	
2374.574502	-1.629975	
2374.576009	-1.630096	
2374.577719	-1.630052	
2374.579258	-1.630056	
2374.581004	-1.629987	
2374.582538	-1.630104	
2374.584232	-1.630051	
2374.585775	-1.630088	
2374.587484	-1.629979	
2374.589038	-1.630100	
2374.590718	-1.629959	
2374.592295	-1.630040	
2374.593946	-1.629890	
2374.595541	-1.630011	
2374.597201	-1.591573	
2374.598802	-1.442928	
2374.600436	-1.310823	
2374.602041	-1.204492	
2374.603656	-1.078208	
2374.605324	-0.955961	
2374.606907	-0.853295	
2374.608581	-0.756039	
2374.610188	-0.641683	
2374.611840	-0.524656	
2374.613431	-0.429717	
2374.615132	-0.312320	
2374.616696	-0.192775	
2374.618406	-0.076018	
2374.619947	0.026962	
2374.621657	0.154865	
2374.623224	0.255134	
2374.624928	0.362343	
2374.626457	0.440316	
2374.628199	0.567462	
2374.629690	0.646477	
2374.631469	0.759729	
2374.632957	0.873094	
2374.634739	0.996937	
2374.636224	1.083562	
2374.638004	1.211393	
2374.639495	1.321543	
2374.641272	1.422013	
2374.642766	1.512006	
2374.644529	1.604496	
2374.646020	1.624743	
2374.647768	1.625133	
2374.649283	1.625182	
2374.651008	1.625113	
2374.652539	1.625154	
2374.654241	1.625254	
2374.655796	1.625154	
2374.657330	1.625133	
2374.658921	1.625081	
2374.660411	1.625073	
2374.662051	1.625121	
2374.663580	1.625166	
2374.665214	1.625033	
