time (s)	det(V)
4560.477111	-0.002812	
4560.478599	0.003726	
4560.480338	0.021161	
4560.481853	0.012403	
4560.483414	0.013720	
4560.484998	0.023288	
4560.486485	0.025362	
4560.488151	0.017862	
4560.489653	0.011138	
4560.491282	0.022961	
4560.492806	0.012488	
4560.494433	0.012943	
4560.495911	0.009334	
4560.497542	0.022120	
4560.499022	0.021048	
4560.500736	0.032585	
4560.502237	0.044396	
4560.503934	0.028593	
4560.505424	0.017592	
4560.507124	0.029556	
4560.508607	0.019864	
4560.510287	0.015602	
4560.511799	0.019868	
4560.513460	0.034748	
4560.515005	0.031783	
4560.516721	0.029399	
4560.518266	0.046640	
4560.519965	0.033898	
4560.521542	0.029068	
4560.523223	0.027936	
4560.524796	0.027759	
4560.526440	0.025149	
4560.528036	0.016585	
4560.529688	0.038901	
4560.531298	0.037653	
4560.532915	0.025874	
4560.534540	0.026091	
4560.536155	0.039465	
4560.537799	0.025713	
4560.539400	0.027421	
4560.541060	0.027026	
4560.542643	0.022966	
4560.544341	0.015690	
4560.545908	0.022442	
4560.547630	0.029483	
4560.549190	0.021040	
4560.550892	0.033367	
4560.552445	0.043695	
4560.554163	0.036855	
4560.555718	0.028275	
4560.557453	0.032662	
4560.558955	0.019247	
4560.560707	0.003251	
4560.562189	0.015868	
4560.563971	0.026398	
4560.565450	0.017410	
4560.567240	0.020516	
4560.568737	0.020246	
4560.570532	0.018240	
4560.572011	0.016468	
4560.573790	0.025189	
4560.575276	0.013978	
4560.577022	-0.001950	
4560.578529	-0.007114	
4560.580252	0.010031	
4560.581786	0.007634	
4560.583506	0.006127	
4560.585042	0.011924	
4560.586738	0.008182	
4560.588278	-0.007062	
4560.589965	-0.007887	
4560.591522	-0.011324	
4560.593175	-0.021966	
4560.594786	-0.022796	
4560.596272	-0.023932	
4560.597909	-0.011453	
4560.599434	-0.019453	
4560.601080	-0.015416	
4560.602555	-0.016661	
4560.604190	-0.028613	
4560.605675	-0.040569	
4560.607320	-0.039554	
4560.608815	-0.047248	
4560.610441	-0.060844	
4560.611949	-0.054258	
4560.613615	-0.052138	
4560.615136	-0.060054	
4560.616775	-0.058950	
4560.618308	-0.058036	
4560.619920	-0.065565	
4560.621503	-0.081283	
4560.623088	-0.086424	
4560.624689	-0.090355	
4560.626343	-0.111754	
4560.627966	-0.116515	
4560.629586	-0.107113	
4560.631212	-0.111717	
4560.632814	-0.120008	
4560.634457	-0.121510	
4560.636045	-0.123267	
4560.637697	-0.144246	
4560.639272	-0.159521	
4560.640975	-0.154462	
4560.642533	-0.178467	
4560.644244	-0.186616	
4560.645771	-0.185790	
4560.647492	-0.186165	
4560.649021	-0.204997	
4560.650744	-0.202197	
4560.652253	-0.208772	
4560.654027	-0.235874	
4560.655498	-0.251472	
4560.657277	-0.254400	
4560.658760	-0.275642	
4560.660551	-0.298921	
4560.662030	-0.302350	
4560.663799	-0.302325	
4560.665286	-0.325625	
4560.667046	-0.327740	
4560.668550	-0.339148	
4560.670292	-0.362077	
4560.671806	-0.390207	
4560.673524	-0.402699	
4560.675052	-0.421745	
4560.676746	-0.440642	
4560.678291	-0.457017	
4560.679987	-0.464123	
4560.681554	-0.488450	
4560.683224	-0.511339	
4560.684802	-0.520701	
4560.686469	-0.547364	
4560.688053	-0.586411	
4560.689707	-0.615846	
4560.691303	-0.637184	
4560.692928	-0.677451	
4560.694549	-0.707107	
4560.696149	-0.721960	
4560.697823	-0.749807	
4560.699435	-0.789559	
4560.701086	-0.813475	
4560.702699	-0.850169	
4560.704383	-0.903157	
4560.705945	-0.945632	
4560.707629	-0.983659	
4560.709101	-1.024998	
4560.710738	-1.075674	
4560.712213	-1.108505	
4560.713853	-1.145437	
4560.715338	-1.202027	
4560.716942	-1.241295	
4560.718478	-1.284692	
4560.720028	-1.336979	
4560.721603	-1.407672	
4560.723194	-1.463722	
4560.724793	-1.521581	
4560.726358	-1.589007	
4560.727972	-1.623345	
4560.729500	-1.625890	
4560.731164	-1.626104	
4560.732638	-1.626064	
4560.734346	-1.626060	
4560.735829	-1.626068	
4560.737559	-1.626052	
4560.739102	-1.626011	
4560.740815	-1.626100	
4560.742347	-1.626048	
4560.744080	-1.626080	
4560.745583	-1.626036	
4560.747354	-1.626076	
4560.748833	-1.625911	
4560.750595	-1.626072	
4560.752081	-1.626104	
4560.753869	-1.626080	
4560.755351	-1.626056	
4560.757144	-1.626044	
4560.758622	-1.626120	
4560.760394	-1.626048	
4560.761883	-1.626088	
4560.763610	-1.626064	
4560.765147	-1.626112	
4560.766889	-1.626112	
4560.768416	-1.626197	
4560.770130	-1.626064	
4560.771662	-1.626237	
4560.773382	-1.625991	
4560.774929	-1.626193	
4560.776618	-1.626044	
4560.778186	-1.626112	
4560.779841	-1.626120	
4560.781424	-1.626217	
4560.783090	-1.626068	
4560.784678	-1.626136	
4560.786318	-1.626011	
4560.787928	-1.626168	
4560.789560	-1.626048	
4560.791199	-1.626265	
4560.792809	-1.626092	
4560.794466	-1.626265	
4560.796071	-1.626124	
4560.797713	-1.626265	
4560.799292	-1.626148	
4560.800957	-1.626310	
4560.802518	-1.626140	
4560.804242	-1.626305	
4560.805787	-1.626269	
4560.807496	-1.626293	
4560.809032	-1.626189	
4560.810754	-1.626273	
4560.812261	-1.626245	
4560.814012	-1.626189	
4560.815501	-1.626181	
4560.817268	-1.626217	
4560.818753	-1.626297	
4560.820275	-1.626326	
4560.821830	-1.626330	
4560.823408	-1.626378	
4560.824974	-1.626430	
4560.826470	-1.626390	
4560.828141	-1.626346	
4560.829635	-1.626366	
4560.831270	-1.626390	
4560.832802	-1.626354	
4560.834455	-1.626483	
4560.835931	-1.626422	
4560.837656	-1.626462	
4560.839130	-1.626487	
4560.840837	-1.626628	
4560.842320	-1.626616	
4560.844031	-1.626620	
4560.845515	-1.626688	
4560.847215	-1.626567	
4560.848707	-1.626672	
4560.850405	-1.626519	
4560.851910	-1.626583	
4560.853660	-1.626543	
4560.855162	-1.626704	
4560.856892	-1.626507	
4560.858411	-1.626539	
4560.860121	-1.626446	
4560.861660	-1.626527	
4560.863377	-1.626386	
4560.864937	-1.626414	
4560.866620	-1.626225	
4560.868179	-1.626434	
4560.869838	-1.626297	
4560.871422	-1.626342	
4560.873084	-1.626253	
4560.874688	-1.626426	
4560.876329	-1.626185	
4560.877935	-1.626305	
4560.879566	-1.626330	
4560.881191	-1.626285	
4560.882797	-1.626092	
4560.884434	-1.626366	
4560.886037	-1.626185	
4560.887709	-1.626281	
4560.889287	-1.626197	
4560.890979	-1.626285	
4560.892545	-1.626213	
4560.894252	-1.626253	
4560.895821	-1.626185	
4560.897496	-1.626229	
4560.899053	-1.626124	
4560.900756	-1.626213	
4560.902281	-1.626152	
4560.904045	-1.626164	
4560.905521	-1.626181	
4560.907281	-1.626120	
4560.908769	-1.626177	
4560.910536	-1.626124	
4560.912017	-1.626132	
4560.913802	-1.626112	
4560.915292	-1.626092	
4560.917047	-1.626132	
4560.918543	-1.626181	
4560.920298	-1.626148	
4560.921806	-1.626148	
4560.923541	-1.626068	
4560.925061	-1.626072	
4560.926785	-1.625955	
4560.928331	-1.626060	
4560.930030	-1.626060	
4560.931594	-1.626152	
4560.933085	-1.626120	
4560.934755	-1.626076	
4560.936251	-1.626031	
4560.937878	-1.626152	
4560.939393	-1.626128	
4560.941016	-1.626048	
4560.942507	-1.623844	
4560.944170	-1.449136	
4560.945654	-1.255043	
4560.947298	-1.062224	
4560.948786	-0.882122	
4560.950500	-0.680657	
4560.951982	-0.499504	
4560.953668	-0.320521	
4560.955164	-0.156388	
4560.956820	0.042048	
4560.958354	0.221276	
4560.959981	0.400878	
4560.961556	0.590729	
4560.963158	0.785087	
4560.964750	0.974451	
4560.966412	1.164100	
4560.968005	1.350853	
4560.969646	1.536389	
4560.971242	1.624066	
4560.972887	1.629242	
4560.974518	1.629093	
4560.976119	1.629190	
4560.977800	1.629061	
4560.979386	1.629294	
4560.981046	1.629157	
4560.982634	1.629182	
4560.984321	1.629129	
4560.985903	1.629238	
4560.987604	1.629202	
4560.989159	1.629254	
4560.990878	1.629214	
4560.992420	1.629186	
4560.994130	1.629198	
4560.995663	1.629150	
4560.997397	1.629125	
4560.998891	1.629186	
4561.000662	1.629153	
4561.002141	1.629165	
4561.003913	1.629141	
4561.005392	1.629210	
4561.007157	1.629161	
4561.008638	1.629133	
4561.010389	1.629161	
4561.011877	1.629258	
4561.013646	1.629254	
4561.015166	1.629149	
4561.016902	1.629121	
4561.018418	1.629210	
4561.020132	1.629222	
4561.021669	1.629117	
4561.023383	1.629165	
4561.024928	1.629157	
4561.026620	1.629198	
4561.028191	1.629206	
4561.029884	1.629314	
4561.031458	1.629226	
4561.033126	1.629250	
4561.034698	1.629137	
4561.036354	1.629266	
4561.037949	1.629125	
4561.039567	1.629302	
4561.041209	1.629129	
4561.042735	1.629218	
4561.044377	1.629242	
4561.045857	1.629166	
4561.047497	1.629170	
4561.048976	1.629089	
4561.050619	1.629218	
4561.052111	1.629238	
4561.053713	1.629202	
4561.055229	1.629194	
4561.056799	1.629230	
4561.058330	1.629202	
4561.059942	1.629234	
4561.061522	1.629198	
4561.063127	1.629266	
4561.064705	1.629214	
4561.066277	1.629286	
4561.067889	1.629146	
4561.069415	1.629218	
4561.071077	1.629206	
4561.072553	1.629234	
4561.074289	1.629218	
4561.075857	1.629238	
4561.077564	1.629166	
4561.079113	1.629310	
4561.080818	1.629157	
4561.082369	1.629250	
4561.084067	1.629198	
4561.085575	1.629282	
4561.087352	1.629238	
4561.088832	1.629161	
4561.090614	1.629282	
4561.092100	1.629226	
4561.093873	1.629363	
4561.095356	1.629158	
4561.097139	1.629202	
4561.098630	1.629290	
4561.100407	1.629186	
4561.101893	1.629109	
4561.103643	1.629274	
4561.105147	1.629186	
4561.106880	1.629262	
4561.108401	1.629270	
4561.110121	1.629246	
4561.111659	1.629230	
4561.113382	1.629299	
4561.114927	1.629133	
4561.116611	1.629226	
4561.118170	1.629133	
4561.119847	1.629198	
4561.121433	1.629081	
4561.123099	1.629262	
4561.124686	1.629105	
4561.126322	1.629153	
4561.127920	1.629069	
4561.129561	1.629254	
4561.131170	1.629234	
4561.132796	1.629250	
4561.134451	1.629153	
4561.136043	1.629206	
4561.137727	1.629149	
4561.139291	1.629311	
4561.140990	1.629174	
4561.142553	1.629198	
4561.144249	1.629157	
4561.145819	1.629133	
4561.147523	1.629101	
4561.149083	1.629198	
4561.150791	1.629133	
4561.152325	1.629258	
4561.154049	1.629081	
4561.155531	1.629113	
4561.157097	1.629061	
4561.158611	1.629069	
4561.160198	1.629161	
4561.161751	1.629117	
4561.163299	1.629234	
4561.164915	1.629085	
4561.166401	1.629186	
4561.168047	1.629081	
4561.169549	1.629069	
4561.171190	1.629109	
4561.172703	1.629198	
4561.174391	1.629186	
4561.175864	1.629177	
4561.177571	1.629153	
4561.179048	1.629073	
4561.180755	1.629182	
4561.182236	1.629157	
4561.183966	1.629226	
4561.185440	1.629238	
4561.187233	1.629165	
4561.188711	1.629194	
4561.190504	1.629182	
4561.191981	1.629186	
4561.193761	1.629101	
4561.195244	1.628364	
4561.196993	1.596448	
4561.198506	1.504050	
4561.200269	1.441482	
4561.201776	1.411942	
4561.203507	1.349540	
4561.205018	1.291185	
4561.206728	1.251160	
4561.208261	1.212750	
4561.209948	1.153965	
4561.211503	1.118556	
4561.213180	1.095602	
4561.214753	1.048467	
4561.216433	1.015487	
4561.218011	0.979414	
4561.219662	0.949012	
4561.221258	0.910457	
4561.222889	0.865295	
4561.224507	0.833902	
4561.226113	0.801942	
4561.227779	0.769554	
4561.229387	0.754557	
4561.231045	0.724445	
4561.232648	0.696984	
4561.234327	0.693580	
4561.235887	0.660105	
4561.237584	0.622033	
4561.239136	0.599140	
4561.240837	0.591083	
4561.242402	0.559328	
4561.244095	0.540323	
4561.245632	0.517176	
4561.247355	0.507975	
4561.248855	0.479592	
4561.250640	0.468470	
4561.252115	0.465098	
4561.253879	0.445117	
4561.255357	0.417253	
4561.257127	0.410627	
4561.258610	0.396544	
4561.260366	0.375157	
4561.261860	0.372237	
4561.263615	0.365719	
4561.265121	0.352373	
4561.266850	0.348289	
4561.268375	0.344160	
4561.269921	0.324715	
4561.271528	0.310471	
4561.273019	0.304920	
4561.274670	0.285624	
4561.276172	0.267589	
4561.277829	0.265317	
4561.279316	0.265059	
4561.280940	0.263364	
4561.282417	0.246578	
4561.284059	0.250412	
4561.285536	0.247343	
4561.287234	0.234001	
4561.288712	0.222976	
4561.290418	0.209497	
4561.291905	0.194781	
4561.293593	0.185488	
4561.295107	0.181947	
4561.296739	0.188884	
4561.298284	0.182716	
4561.299977	0.176013	
4561.301525	0.177496	
4561.303226	0.170620	
4561.304794	0.161064	
4561.306478	0.148444	
4561.308057	0.134707	
4561.309704	0.125454	
4561.311304	0.126139	
4561.312960	0.127931	
4561.314566	0.127150	
4561.316199	0.113562	
4561.317807	0.133092	
4561.319420	0.124676	
4561.321074	0.097606	
4561.322666	0.099588	
4561.324336	0.099693	
4561.325905	0.082528	
4561.327577	0.066963	
4561.329149	0.084172	
4561.330840	0.086883	
4561.332401	0.076059	
4561.334118	0.072401	
4561.335659	0.080623	
4561.337382	0.071112	
4561.338885	0.051035	
4561.340654	0.059675	
4561.342138	0.053637	
4561.343909	0.033169	
4561.345400	0.042926	
4561.347193	0.052227	
4561.348677	0.046338	
4561.350467	0.042583	
4561.351944	0.050874	
4561.353734	0.040195	
4561.355218	0.023123	
4561.356985	0.028359	
4561.358483	0.016552	
4561.360226	0.006643	
4561.361748	0.006292	
4561.363486	0.017604	
4561.365013	0.009189	
4561.366731	0.010844	
4561.368270	0.015694	
4561.369976	0.013841	
4561.371523	-0.000653	
4561.373215	0.002574	
4561.374785	0.000999	
4561.376452	-0.015662	
4561.378037	-0.013378	
4561.379535	0.000886	
4561.381149	-0.000479	
4561.382672	-0.000689	
4561.384292	0.006522	
4561.385786	0.007694	
4561.387431	-0.004302	
4561.388918	-0.012069	
4561.390572	-0.002784	
4561.392049	-0.010659	
4561.393665	-0.027485	
4561.395155	-0.009132	
4561.396813	0.007207	
4561.398334	-0.006530	
4561.399952	-0.000471	
4561.401508	0.002300	
4561.403097	0.010872	
4561.404701	-0.005861	
4561.406265	-0.001374	
4561.407881	-0.004826	
4561.409412	-0.017962	
4561.411092	-0.018667	
4561.412682	0.001019	
4561.414339	0.010937	
4561.415956	0.002280	
4561.417621	0.013028	
4561.419201	0.014534	
4561.420915	0.005253	
4561.422467	0.000814	
4561.424166	0.005769	
4561.425727	-0.000008	
4561.427414	-0.010357	
4561.428962	0.001031	
4561.430673	0.013813	
4561.432187	0.006453	
4561.433956	0.018240	
4561.435439	0.022538	
4561.437222	0.012782	
4561.438701	0.008178	
4561.440461	0.011179	
4561.441938	0.004882	
4561.443708	-0.004858	
4561.445207	0.007920	
4561.446970	0.016556	
4561.448465	0.012589	
4561.450201	0.016971	
4561.451718	0.026845	
4561.453441	0.026643	
4561.454967	0.001458	
4561.456670	0.016564	
4561.458221	0.006868	
4561.459910	-0.004302	
4561.461469	0.000504	
4561.463142	0.011312	
4561.464708	0.011996	
4561.466364	0.017805	
4561.467949	0.019517	
4561.469596	0.021410	
4561.471203	0.006768	
4561.472821	0.008282	
4561.474455	0.005116	
4561.476050	-0.008572	
4561.477717	-0.007751	
4561.479308	0.000653	
4561.480967	0.004528	
4561.482548	-0.001764	
4561.484238	0.007658	
4561.485787	0.008214	
4561.487505	-0.001370	
4561.488978	-0.009120	
4561.490545	-0.002014	
4561.492039	-0.017358	
4561.493672	-0.020093	
4561.495171	-0.012762	
4561.496751	-0.006482	
4561.498302	-0.010204	
4561.499838	-0.009523	
4561.501430	0.001587	
4561.502919	0.000737	
4561.504533	-0.017906	
4561.506052	-0.018083	
4561.507702	-0.018885	
4561.509185	-0.025278	
4561.510894	-0.031058	
4561.512366	-0.018208	
4561.514058	-0.016436	
4561.515547	-0.019763	
4561.517233	-0.014546	
4561.518731	-0.010397	
4561.520437	-0.017656	
4561.521915	-0.025866	
4561.523693	-0.021833	
4561.525187	-0.039260	
4561.526925	-0.039478	
4561.528433	-0.028714	
4561.530161	-0.020275	
4561.531679	-0.025225	
4561.533417	-0.023252	
4561.534950	-0.021769	
4561.536655	-0.010977	
4561.538210	-0.032150	
4561.539899	-0.030289	
4561.541447	-0.033729	
4561.543129	-0.044098	
4561.544700	-0.034269	
4561.546334	-0.023944	
4561.547929	-0.022953	
4561.549564	-0.024448	
4561.551175	-0.015940	
4561.552794	-0.013733	
4561.554422	-0.029862	
4561.556038	-0.032948	
4561.557713	-0.029197	
4561.559276	-0.041423	
4561.560942	-0.043796	
4561.562511	-0.032271	
4561.564215	-0.026905	
4561.565775	-0.030817	
4561.567468	-0.025100	
4561.569008	-0.020065	
4561.570705	-0.032472	
4561.572240	-0.041403	
4561.573977	-0.035115	
4561.575457	-0.042591	
4561.577241	-0.052211	
4561.578725	-0.043518	
4561.580505	-0.035357	
4561.581988	-0.045169	
4561.583746	-0.037890	
4561.585237	-0.035272	
4561.587011	-0.047578	
4561.588508	-0.058656	
4561.590266	-0.059494	
4561.591769	-0.063648	
4561.593521	-0.076848	
4561.595041	-0.076933	
4561.596754	-0.067478	
4561.598286	-0.072578	
4561.600010	-0.077211	
4561.601549	-0.070685	
4561.603071	-0.078508	
4561.604666	-0.099403	
4561.606156	-0.106601	
4561.607810	-0.103206	
4561.609309	-0.119258	
4561.610930	-0.127956	
4561.612418	-0.125539	
4561.614043	-0.125418	
4561.615537	-0.136234	
4561.617172	-0.132592	
4561.618662	-0.136963	
4561.620356	-0.154373	
4561.621841	-0.166736	
4561.623524	-0.174418	
4561.625030	-0.187091	
4561.626687	-0.200506	
4561.628217	-0.206367	
4561.629830	-0.205138	
4561.631410	-0.216643	
4561.632996	-0.226807	
4561.634591	-0.235983	
4561.636219	-0.233304	
4561.637829	-0.255806	
4561.639456	-0.271227	
4561.641089	-0.282538	
4561.642707	-0.301012	
4561.644376	-0.312324	
4561.645950	-0.316026	
4561.647630	-0.323921	
4561.649205	-0.338294	
4561.650900	-0.342838	
4561.652475	-0.354806	
4561.654162	-0.370883	
4561.655716	-0.396201	
4561.657439	-0.405587	
4561.658992	-0.424239	
4561.660709	-0.439167	
4561.662238	-0.439885	
4561.663976	-0.446201	
4561.665462	-0.471934	
4561.667227	-0.468333	
4561.668708	-0.483986	
4561.670482	-0.522014	
4561.671970	-0.540319	
4561.673754	-0.543453	
4561.675230	-0.575772	
4561.677005	-0.599156	
4561.678490	-0.605972	
4561.680231	-0.618621	
4561.681743	-0.638469	
4561.683457	-0.648644	
4561.684992	-0.670550	
4561.686732	-0.690680	
4561.688261	-0.725223	
4561.689977	-0.742568	
4561.691525	-0.770412	
4561.693201	-0.805624	
4561.694757	-0.823107	
4561.696430	-0.835244	
4561.698015	-0.863845	
4561.699674	-0.885501	
4561.701270	-0.905256	
4561.702919	-0.933696	
4561.704514	-0.977855	
4561.706151	-1.003596	
4561.707763	-1.036801	
4561.709361	-1.079610	
4561.711028	-1.113037	
4561.712609	-1.132240	
4561.714283	-1.166605	
4561.715758	-1.204661	
4561.717349	-1.230056	
4561.718856	-1.254580	
4561.720494	-1.304112	
4561.721984	-1.357717	
4561.723605	-1.392159	
4561.725133	-1.447879	
4561.726687	-1.493681	
4561.728229	-1.535386	
4561.729741	-1.570606	
4561.731354	-1.608323	
4561.732918	-1.625395	
4561.734545	-1.625935	
4561.736096	-1.625963	
4561.737775	-1.626136	
4561.739277	-1.626056	
4561.740964	-1.626100	
4561.742449	-1.625995	
4561.744196	-1.626104	
4561.745665	-1.626116	
4561.747377	-1.626148	
4561.748893	-1.625975	
4561.750645	-1.626124	
4561.752130	-1.626040	
4561.753897	-1.626068	
4561.755382	-1.626052	
4561.757161	-1.626100	
4561.758646	-1.626027	
4561.760435	-1.626136	
4561.761923	-1.626011	
4561.763701	-1.626076	
4561.765179	-1.626032	
4561.766924	-1.626056	
4561.768432	-1.626120	
4561.770157	-1.626116	
4561.771679	-1.626092	
4561.773410	-1.626076	
4561.774930	-1.626092	
4561.776618	-1.626011	
4561.778159	-1.626148	
4561.779855	-1.626100	
4561.781413	-1.626156	
4561.783067	-1.626076	
4561.784652	-1.626176	
4561.786292	-1.626100	
4561.787892	-1.626120	
4561.789532	-1.626003	
4561.791132	-1.626205	
4561.792762	-1.626068	
4561.794424	-1.626197	
4561.796015	-1.625983	
4561.797700	-1.626156	
4561.799283	-1.625999	
4561.800962	-1.626201	
4561.802552	-1.626084	
4561.804229	-1.626205	
4561.805805	-1.626084	
4561.807488	-1.626193	
4561.809046	-1.626173	
4561.810758	-1.626201	
4561.812291	-1.626104	
4561.813996	-1.626184	
4561.815502	-1.626104	
4561.817264	-1.626156	
4561.818747	-1.626245	
4561.820517	-1.626193	
4561.822005	-1.626197	
4561.823806	-1.626148	
4561.825291	-1.626168	
4561.827067	-1.626277	
4561.828542	-1.626201	
4561.830144	-1.626181	
4561.831682	-1.626213	
4561.833242	-1.626209	
4561.834855	-1.626265	
4561.836337	-1.626265	
4561.838001	-1.626326	
4561.839491	-1.626297	
4561.841134	-1.626261	
4561.842624	-1.626221	
4561.844317	-1.626322	
4561.845795	-1.626269	
4561.847507	-1.626277	
4561.848983	-1.626277	
4561.850688	-1.626209	
4561.852179	-1.626277	
4561.853876	-1.626225	
4561.855378	-1.626277	
4561.857076	-1.626229	
4561.858560	-1.626257	
4561.860312	-1.626261	
4561.861804	-1.626261	
4561.863527	-1.626217	
4561.865038	-1.626269	
4561.866755	-1.626265	
4561.868285	-1.626217	
4561.870017	-1.626096	
4561.871559	-1.626273	
4561.873256	-1.626176	
4561.874802	-1.626221	
4561.876487	-1.626185	
4561.878051	-1.626322	
4561.879741	-1.626241	
4561.881328	-1.626241	
4561.882981	-1.626160	
4561.884585	-1.626277	
4561.886232	-1.626160	
4561.887829	-1.626342	
4561.889453	-1.626108	
4561.891076	-1.626277	
4561.892691	-1.626193	
4561.894368	-1.626253	
4561.895968	-1.626120	
4561.897648	-1.626297	
4561.899245	-1.626173	
4561.900917	-1.626217	
4561.902500	-1.626225	
4561.904187	-1.626205	
4561.905747	-1.626156	
4561.907448	-1.626253	
4561.909001	-1.626064	
4561.910723	-1.626301	
4561.912264	-1.626245	
4561.913978	-1.626124	
4561.915472	-1.626128	
4561.917237	-1.626152	
4561.918730	-1.626168	
4561.920512	-1.626120	
4561.921992	-1.626124	
4561.923777	-1.626116	
4561.925258	-1.626132	
4561.927045	-1.626096	
4561.928525	-1.626136	
4561.930264	-1.626124	
4561.931771	-1.626160	
4561.933511	-1.626060	
4561.935020	-1.626160	
4561.936753	-1.626104	
4561.938279	-1.626184	
4561.939822	-1.626072	
4561.941438	-1.626160	
4561.942933	-1.626136	
4561.944569	-1.626128	
4561.946085	-1.626124	
4561.947760	-1.626241	
4561.949246	-1.626100	
4561.950877	-1.626152	
4561.952353	-1.626108	
4561.953994	-1.626132	
4561.955474	-1.626181	
4561.957171	-1.626007	
4561.958658	-1.626144	
4561.960375	-1.626108	
4561.961849	-1.626217	
4561.963543	-1.625963	
4561.965064	-1.626112	
4561.966723	-1.626027	
4561.968255	-1.626060	
4561.969957	-1.625995	
4561.971505	-1.626156	
4561.973196	-1.625967	
4561.974752	-1.626072	
4561.976430	-1.625951	
4561.977996	-1.595086	
4561.979668	-1.425216	
4561.981267	-1.307951	
4561.982929	-1.188592	
4561.984525	-1.075251	
4561.986161	-0.966720	
4561.987773	-0.864723	
4561.989400	-0.748945	
4561.991063	-0.642868	
4561.992656	-0.546168	
4561.994316	-0.443442	
4561.995893	-0.330000	
4561.997565	-0.200880	
4561.999143	-0.105216	
4562.000812	0.003009	
4562.002359	0.109482	
4562.004087	0.202846	
4562.005638	0.305443	
4562.007355	0.425846	
4562.008867	0.526530	
4562.010612	0.620772	
4562.012113	0.741328	
4562.013862	0.853395	
4562.015358	0.949471	
4562.017155	1.073777	
4562.018633	1.186610	
4562.020392	1.281828	
4562.021868	1.354100	
4562.023624	1.463259	
4562.025115	1.564048	
4562.026869	1.622877	
4562.028378	1.629101	
4562.030129	1.629149	
4562.031658	1.629149	
4562.033400	1.629194	
4562.034923	1.629073	
4562.036645	1.629093	
4562.038177	1.629105	
4562.039864	1.629222	
4562.041415	1.629117	
4562.043084	1.629226	
4562.044662	1.629061	
4562.046327	1.629198	
4562.047955	1.629157	
4562.049448	1.629198	
4562.051100	1.629169	
4562.052597	1.629149	
4562.054231	1.629049	
4562.055723	1.629133	
4562.057354	1.629162	
4562.058851	1.629214	
4562.060497	1.629129	
4562.061976	1.629141	
4562.063604	1.629081	
4562.065096	1.629125	
4562.066768	1.629238	
4562.068283	1.629109	
4562.069928	1.629319	
4562.071486	1.629153	
4562.073101	1.629137	
4562.074687	1.629218	
4562.076268	1.629158	
4562.077875	1.629194	
4562.079505	1.629254	
4562.081123	1.629093	
4562.082746	1.629190	
4562.084370	1.629089	
4562.085996	1.629286	
4562.087659	1.629133	
4562.089245	1.629266	
4562.090925	1.629101	
4562.092506	1.629307	
4562.094205	1.629117	
4562.095780	1.629230	
4562.097476	1.629133	
4562.099037	1.629274	
4562.100727	1.629161	
4562.102278	1.629214	
4562.104013	1.629230	
4562.105549	1.629222	
4562.107273	1.629202	
4562.108769	1.629258	
4562.110528	1.629161	
4562.112011	1.629129	
4562.113808	1.629198	
4562.115290	1.629202	
4562.117073	1.629109	
4562.118552	1.629214	
4562.120337	1.629310	
4562.121818	1.629089	
4562.123579	1.629133	
4562.125077	1.629250	
4562.126854	1.629246	
4562.128365	1.629178	
4562.130102	1.629182	
4562.131615	1.629254	
4562.133319	1.629303	
4562.134852	1.629178	
4562.136558	1.629226	
4562.138103	1.629133	
4562.139791	1.629460	
4562.141364	1.629190	
4562.143040	1.629262	
4562.144629	1.629226	
4562.146284	1.629351	
4562.147887	1.629194	
4562.149548	1.629242	
4562.151152	1.629166	
4562.152781	1.629182	
4562.154407	1.629158	
4562.156034	1.629198	
4562.157684	1.629129	
4562.159167	1.629226	
4562.160791	1.629270	
4562.162271	1.629097	
4562.163912	1.629174	
4562.165401	1.629129	
4562.167028	1.629206	
4562.168539	1.629161	
4562.170135	1.629302	
4562.171661	1.629065	
4562.173216	1.629198	
4562.174787	1.629101	
4562.176388	1.629161	
4562.177967	1.629169	
4562.179561	1.629230	
4562.181166	1.629202	
4562.182699	1.629198	
4562.184374	1.629081	
4562.185850	1.629278	
4562.187554	1.629174	
4562.189117	1.629121	
4562.190805	1.629141	
4562.192355	1.629194	
4562.194051	1.629222	
4562.195599	1.629206	
4562.197301	1.629161	
4562.198834	1.629141	
4562.200576	1.629174	
4562.202051	1.629194	
4562.203834	1.629190	
4562.205318	1.629242	
4562.207097	1.629210	
4562.208579	1.629149	
4562.210360	1.629153	
4562.211844	1.629222	
4562.213618	1.629254	
4562.215106	1.629145	
4562.216863	1.629210	
4562.218362	1.629145	
4562.220099	1.629194	
4562.221620	1.629169	
4562.223352	1.629137	
4562.224884	1.629093	
4562.226593	1.629266	
4562.228152	1.629113	
4562.229845	1.629158	
4562.231403	1.629101	
4562.233098	1.629286	
4562.234663	1.629085	
4562.236342	1.629242	
4562.237934	1.629186	
4562.239585	1.629262	
4562.241191	1.629145	
4562.242839	1.629290	
4562.244436	1.629149	
4562.246061	1.629214	
4562.247710	1.629150	
4562.249336	1.629166	
4562.251012	1.629109	
4562.252605	1.629178	
4562.254281	1.629129	
4562.255866	1.629146	
4562.257540	1.629101	
4562.259120	1.629258	
4562.260813	1.629113	
4562.262379	1.629125	
4562.264083	1.629161	
4562.265624	1.629242	
4562.267336	1.629226	
4562.268816	1.629166	
4562.270458	1.629177	
4562.271933	1.629157	
4562.273565	1.629194	
4562.275085	1.629133	
4562.276652	1.629222	
4562.278200	1.629137	
4562.279713	1.629105	
4562.281343	1.629117	
4562.282830	1.629101	
4562.284469	1.629053	
4562.286007	1.629141	
4562.287694	1.629145	
4562.289169	1.629158	
4562.290872	1.629101	
4562.292355	1.629153	
4562.294065	1.629121	
4562.295551	1.629129	
4562.297271	1.629121	
4562.298774	1.629190	
4562.300531	1.629045	
4562.302008	1.629109	
4562.303783	1.628807	
4562.305266	1.623175	
4562.307036	1.584560	
4562.308529	1.547781	
4562.310301	1.508586	
4562.311796	1.496420	
4562.313557	1.481278	
4562.315055	1.464113	
4562.316800	1.441720	
4562.318309	1.428579	
4562.320051	1.384997	
4562.321575	1.359909	
4562.323301	1.342180	
4562.324847	1.315859	
4562.326544	1.285876	
4562.328098	1.268168	
4562.329786	1.252344	
4562.331343	1.232356	
4562.333015	1.220098	
4562.334586	1.198353	
4562.336249	1.173059	
4562.337842	1.141147	
4562.339480	1.112058	
4562.341103	1.084271	
4562.342734	1.055444	
4562.344362	1.032374	
4562.345970	1.019294	
4562.347621	1.002029	
4562.349195	0.969544	
4562.350881	0.970777	
4562.352453	0.937072	
4562.354146	0.898247	
4562.355708	0.863672	
4562.357406	0.849806	
4562.358954	0.819373	
4562.360659	0.784161	
4562.362210	0.792548	
4562.363942	0.764563	
4562.365439	0.734846	
4562.367215	0.719236	
4562.368697	0.721500	
4562.370464	0.675352	
4562.371949	0.638948	
4562.373735	0.640410	
4562.375222	0.594467	
4562.377006	0.566849	
4562.378507	0.565326	
4562.380003	0.567828	
4562.381578	0.536536	
4562.383127	0.521647	
4562.384737	0.511782	
4562.386238	0.490730	
4562.387879	0.461384	
4562.389389	0.452159	
4562.391044	0.436227	
4562.392528	0.410446	
4562.394161	0.396415	
4562.395632	0.403026	
4562.397352	0.387444	
4562.398839	0.363709	
4562.400556	0.366988	
4562.402037	0.352160	
4562.403740	0.326693	
4562.405233	0.310825	
4562.406933	0.306857	
4562.408439	0.287521	
4562.410099	0.268628	
4562.411606	0.269660	
4562.413329	0.269732	
4562.414856	0.256427	
4562.416557	0.254179	
4562.418099	0.255915	
4562.419775	0.235625	
4562.421342	0.218822	
4562.423001	0.212373	
4562.424589	0.203676	
4562.426246	0.192175	
4562.427838	0.185379	
4562.429476	0.191289	
4562.431065	0.179961	
4562.432696	0.181146	
4562.434364	0.187172	
4562.435961	0.182003	
4562.437630	0.168134	
4562.439213	0.153628	
4562.440888	0.162378	
4562.442479	0.143638	
4562.444148	0.136077	
4562.445729	0.147050	
4562.447431	0.150808	
4562.448977	0.137918	
4562.450692	0.146433	
4562.452233	0.146365	
4562.453957	0.122392	
4562.455465	0.125518	
4562.457206	0.125740	
4562.458692	0.105063	
4562.460493	0.096772	
4562.461970	0.102146	
4562.463770	0.103246	
4562.465248	0.091793	
4562.467043	0.094029	
4562.468521	0.099943	
4562.470296	0.089066	
4562.471782	0.070637	
4562.473559	0.068502	
4562.475059	0.049806	
4562.476804	0.038128	
4562.478312	0.028863	
4562.480037	0.039715	
4562.481561	0.033032	
4562.483289	0.026567	
4562.484817	0.028665	
4562.486528	0.008903	
4562.488095	-0.014216	
4562.489780	-0.025125	
4562.491367	-0.040710	
4562.492859	-0.060405	
4562.494496	-0.067313	
4562.496012	-0.063325	
4562.497660	-0.077739	
4562.499154	-0.087390	
4562.500806	-0.091777	
4562.502283	-0.095975	
4562.503923	-0.123831	
4562.505404	-0.141603	
4562.507052	-0.149024	
4562.508532	-0.167296	
4562.510224	-0.185452	
4562.511717	-0.185573	
4562.513395	-0.194064	
4562.514912	-0.209336	
4562.516546	-0.215942	
4562.518110	-0.222597	
4562.519698	-0.238287	
4562.521279	-0.266067	
4562.522942	-0.275863	
4562.524539	-0.293157	
4562.526203	-0.316686	
4562.527807	-0.326830	
4562.529433	-0.324332	
4562.531046	-0.337259	
4562.532649	-0.351749	
4562.534310	-0.351684	
4562.535900	-0.367540	
4562.537576	-0.392068	
4562.539175	-0.403553	
4562.540849	-0.417338	
4562.542435	-0.438362	
4562.544124	-0.451075	
4562.545660	-0.450729	
4562.547368	-0.459728	
4562.548915	-0.478093	
4562.550620	-0.473585	
4562.552145	-0.481501	
4562.553891	-0.511734	
4562.555383	-0.527843	
4562.557153	-0.536298	
4562.558644	-0.556839	
4562.560424	-0.569242	
4562.561905	-0.566422	
4562.563694	-0.574443	
4562.565172	-0.586447	
4562.566962	-0.586568	
4562.568438	-0.602157	
4562.570216	-0.613783	
4562.571722	-0.636954	
4562.573474	-0.639407	
4562.574979	-0.649337	
4562.576706	-0.667529	
4562.578234	-0.671118	
4562.579954	-0.667767	
4562.581496	-0.688186	
4562.583207	-0.689632	
4562.584769	-0.693926	
4562.586456	-0.709907	
4562.588013	-0.734020	
4562.589685	-0.731942	
4562.591255	-0.754291	
4562.592911	-0.784914	
4562.594507	-0.786409	
4562.596137	-0.782533	
4562.597749	-0.798320	
4562.599359	-0.811727	
4562.601018	-0.814905	
4562.602515	-0.828146	
4562.604136	-0.868788	
4562.605613	-0.880978	
4562.607242	-0.890456	
4562.608726	-0.913917	
4562.610357	-0.940798	
4562.611858	-0.950994	
4562.613442	-0.955562	
4562.614960	-0.980973	
4562.616506	-0.999374	
4562.618072	-1.010895	
4562.619675	-1.039452	
4562.621252	-1.080017	
4562.622832	-1.099623	
4562.624431	-1.128175	
4562.625970	-1.163588	
4562.627621	-1.190651	
4562.629105	-1.208573	
4562.630822	-1.230636	
4562.632296	-1.256058	
4562.634011	-1.288732	
4562.635549	-1.311259	
4562.637249	-1.359756	
4562.638764	-1.400558	
4562.640509	-1.434646	
4562.641990	-1.477527	
4562.643748	-1.520163	
4562.645240	-1.540160	
4562.647011	-1.574292	
4562.648487	-1.608158	
4562.650270	-1.624448	
4562.651750	-1.625939	
4562.653484	-1.625903	
4562.654990	-1.626044	
4562.656734	-1.626052	
4562.658263	-1.626068	
4562.660016	-1.625991	
4562.661546	-1.626172	
4562.663267	-1.626015	
4562.664804	-1.626076	
4562.666509	-1.626027	
4562.668059	-1.626120	
4562.669759	-1.625983	
4562.671322	-1.626128	
4562.672980	-1.626015	
4562.674573	-1.626140	
4562.676224	-1.625947	
4562.677807	-1.626124	
4562.679456	-1.626007	
4562.681048	-1.626108	
4562.682659	-1.625983	
4562.684340	-1.626112	
4562.685924	-1.626023	
4562.687588	-1.626124	
4562.689187	-1.626052	
4562.690853	-1.626132	
4562.692436	-1.626076	
4562.694101	-1.626072	
4562.695664	-1.625971	
4562.697382	-1.626076	
4562.698919	-1.625979	
4562.700631	-1.626116	
4562.702167	-1.626044	
4562.703903	-1.626120	
4562.705398	-1.626068	
4562.707171	-1.626116	
4562.708657	-1.626076	
4562.710434	-1.626140	
4562.711913	-1.626092	
4562.713694	-1.626184	
4562.715168	-1.626172	
4562.716772	-1.626156	
4562.718293	-1.626136	
4562.719850	-1.626128	
4562.721459	-1.626209	
4562.722941	-1.626048	
4562.724601	-1.626209	
4562.726096	-1.626076	
4562.727736	-1.626084	
4562.729250	-1.626096	
4562.730944	-1.626172	
4562.732416	-1.626128	
4562.734141	-1.626088	
4562.735613	-1.626064	
4562.737337	-1.626172	
4562.738823	-1.626128	
4562.740553	-1.626108	
4562.742037	-1.626193	
4562.743742	-1.626128	
4562.745228	-1.626108	
4562.747018	-1.626116	
4562.748500	-1.626136	
4562.750269	-1.626108	
4562.751751	-1.626185	
4562.753508	-1.626003	
4562.755015	-1.626148	
4562.756770	-1.626120	
4562.758280	-1.626193	
4562.759997	-1.626156	
4562.761514	-1.626176	
4562.763220	-1.626100	
4562.764763	-1.626148	
4562.766459	-1.626120	
4562.768008	-1.626221	
4562.769701	-1.626056	
4562.771275	-1.626245	
4562.772945	-1.626076	
4562.774523	-1.626205	
4562.776183	-1.626088	
4562.777764	-1.626249	
4562.779414	-1.626060	
4562.781030	-1.626225	
4562.782640	-1.626031	
4562.784307	-1.626100	
4562.785893	-1.626056	
4562.787546	-1.626342	
4562.789138	-1.626027	
4562.790784	-1.626173	
4562.792355	-1.626148	
4562.794071	-1.626253	
4562.795618	-1.626185	
4562.797316	-1.626185	
4562.798842	-1.626088	
4562.800550	-1.626181	
4562.802050	-1.626148	
4562.803776	-1.626148	
4562.805262	-1.626132	
4562.807053	-1.626036	
4562.808529	-1.626100	
4562.810318	-1.626181	
4562.811805	-1.626132	
4562.813561	-1.626184	
4562.815047	-1.626148	
4562.816794	-1.626136	
4562.818299	-1.626181	
4562.820032	-1.626136	
4562.821558	-1.626181	
4562.823279	-1.626132	
4562.824807	-1.626148	
4562.826326	-1.626225	
4562.827921	-1.626128	
4562.829418	-1.626176	
4562.831046	-1.626265	
4562.832574	-1.626229	
4562.834200	-1.626241	
4562.835685	-1.626112	
4562.837336	-1.626201	
4562.838812	-1.626124	
4562.840458	-1.626084	
4562.841940	-1.626181	
4562.843641	-1.626084	
4562.845121	-1.626148	
4562.846797	-1.626112	
4562.848300	-1.626172	
4562.849954	-1.626189	
4562.851490	-1.626164	
4562.853102	-1.626209	
4562.854682	-1.626217	
4562.856267	-1.626080	
4562.857861	-1.626193	
4562.859498	-1.626040	
4562.861102	-1.626184	
4562.862729	-1.626088	
4562.864330	-1.626213	
4562.865957	-1.626168	
4562.867622	-1.626164	
4562.869207	-1.626007	
4562.870867	-1.626176	
4562.872426	-1.626108	
4562.874138	-1.626136	
4562.875701	-1.625931	
4562.877389	-1.626136	
4562.878954	-1.626044	
4562.880645	-1.626124	
4562.882193	-1.626076	
4562.883904	-1.626120	
4562.885411	-1.626193	
4562.887145	-1.626112	
4562.888624	-1.626108	
4562.890390	-1.626048	
4562.891877	-1.626068	
4562.893659	-1.626108	
4562.895138	-1.626019	
4562.896920	-1.626156	
4562.898396	-1.626128	
4562.900142	-1.625999	
4562.901640	-1.626124	
4562.903370	-1.626116	
4562.904888	-1.626068	
4562.906613	-1.626060	
4562.908145	-1.626189	
4562.909863	-1.626027	
4562.911413	-1.626120	
4562.913098	-1.626044	
4562.914653	-1.626213	
4562.916348	-1.626007	
4562.917915	-1.626124	
4562.919594	-1.625983	
4562.921186	-1.626168	
4562.922834	-1.626080	
4562.924428	-1.626088	
4562.926073	-1.626011	
4562.927683	-1.626076	
4562.929309	-1.626007	
4562.930949	-1.626120	
4562.932556	-1.625979	
4562.934222	-1.626164	
4562.935807	-1.626003	
4562.937489	-1.626068	
4562.938960	-1.626056	
4562.940534	-1.626173	
4562.942029	-1.626048	
4562.943667	-1.626068	
4562.945171	-1.626124	
4562.946761	-1.625987	
4562.948299	-1.625911	
4562.949844	-1.588093	
4562.951411	-1.481818	
4562.952904	-1.403056	
4562.954537	-1.351042	
4562.956107	-1.273549	
4562.957708	-1.209358	
4562.959226	-1.142057	
4562.960893	-1.066534	
4562.962380	-0.980916	
4562.964092	-0.893820	
4562.965577	-0.837572	
4562.967322	-0.746444	
4562.968799	-0.666131	
4562.970504	-0.593267	
4562.971986	-0.528757	
4562.973753	-0.439425	
4562.975240	-0.374791	
4562.977009	-0.300053	
4562.978490	-0.215298	
4562.980262	-0.124229	
4562.981748	-0.054789	
4562.983521	0.042422	
4562.985018	0.123670	
4562.986775	0.185633	
4562.988285	0.255013	
4562.990010	0.334963	
4562.991531	0.390530	
4562.993256	0.460179	
4562.994792	0.535368	
4562.996500	0.624345	
4562.998047	0.696903	
4562.999747	0.770296	
4563.001306	0.855744	
4563.002991	0.925349	
4563.004561	0.986995	
4563.006231	1.062900	
4563.007824	1.131072	
4563.009468	1.188785	
4563.011079	1.261726	
4563.012720	1.336105	
4563.014326	1.406814	
4563.015964	1.470941	
4563.017635	1.554376	
4563.019217	1.606401	
4563.020882	1.627848	
4563.022466	1.629157	
4563.024154	1.629109	
4563.025738	1.629194	
4563.027396	1.629093	
4563.028963	1.629174	
4563.030649	1.629069	
4563.032196	1.629190	
4563.033912	1.629101	
4563.035429	1.629206	
4563.037177	1.629141	
4563.038666	1.629226	
4563.040428	1.629186	
4563.041910	1.629149	
4563.043684	1.629242	
4563.045180	1.629133	
4563.046957	1.629113	
4563.048466	1.629093	
4563.049958	1.629145	
4563.051532	1.629133	
4563.053085	1.629174	
4563.054697	1.629129	
4563.056185	1.629186	
4563.057835	1.629065	
4563.059331	1.629182	
4563.060974	1.629089	
4563.062498	1.629133	
4563.064129	1.629109	
4563.065607	1.629117	
4563.067262	1.629149	
4563.068746	1.629186	
4563.070446	1.629190	
4563.071924	1.629149	
4563.073634	1.629069	
4563.075119	1.629153	
4563.076814	1.629157	
4563.078314	1.629045	
4563.079971	1.629242	
4563.081509	1.629230	
4563.083228	1.629218	
4563.084768	1.629129	
4563.086489	1.629186	
4563.088036	1.629190	
4563.089717	1.629266	
4563.091281	1.629069	
4563.092966	1.629174	
4563.094538	1.629174	
4563.096204	1.629315	
4563.097788	1.629186	
4563.099440	1.629170	
4563.101041	1.629141	
4563.102671	1.629210	
4563.104298	1.629133	
4563.105906	1.629250	
4563.107580	1.629210	
4563.109164	1.629258	
4563.110819	1.629202	
4563.112403	1.629278	
4563.114089	1.629178	
4563.115654	1.629274	
4563.117378	1.629266	
4563.118919	1.629186	
4563.120625	1.629222	
4563.122180	1.629198	
4563.123896	1.629125	
4563.125432	1.629218	
4563.127137	1.629254	
4563.128624	1.629290	
4563.130384	1.629238	
4563.131883	1.629198	
4563.133675	1.629270	
4563.135156	1.629226	
4563.136931	1.629214	
4563.138410	1.629258	
4563.140185	1.629182	
4563.141678	1.629282	
4563.143456	1.629274	
4563.144966	1.629206	
4563.146731	1.629170	
4563.148237	1.629149	
4563.149952	1.629270	
4563.151470	1.629061	
4563.153175	1.629238	
4563.154717	1.629113	
4563.156421	1.629242	
4563.157976	1.629182	
4563.159648	1.629194	
4563.161248	1.629141	
4563.162742	1.629262	
4563.164377	1.629117	
4563.165899	1.629174	
4563.167533	1.629137	
4563.169017	1.629169	
4563.170675	1.629194	
4563.172165	1.629190	
4563.173807	1.629186	
4563.175289	1.629081	
4563.176932	1.629166	
4563.178408	1.629137	
4563.180100	1.629294	
4563.181606	1.629125	
4563.183258	1.629170	
4563.184781	1.629101	
4563.186414	1.629141	
4563.187997	1.629105	
4563.189592	1.629230	
4563.191190	1.629153	
4563.192757	1.629206	
4563.194378	1.629133	
4563.196013	1.629254	
4563.197643	1.629089	
4563.199268	1.629258	
4563.200924	1.629121	
4563.202510	1.629210	
4563.204186	1.629137	
4563.205761	1.629258	
4563.207436	1.629101	
4563.209002	1.629198	
4563.210701	1.629178	
4563.212257	1.629182	
4563.213921	1.629129	
4563.215481	1.629178	
4563.217203	1.629162	
4563.218712	1.629258	
4563.220462	1.629145	
4563.221947	1.629206	
4563.223736	1.629113	
4563.225228	1.629194	
4563.227007	1.629194	
4563.228500	1.629230	
4563.230286	1.629145	
4563.231762	1.629178	
4563.233517	1.629057	
4563.235008	1.628992	
4563.236748	1.629246	
4563.238252	1.629161	
4563.240006	1.629250	
4563.241528	1.629105	
4563.243249	1.629162	
4563.244787	1.629077	
4563.246503	1.629214	
4563.248042	1.629061	
4563.249746	1.629230	
4563.251299	1.629125	
4563.252963	1.629210	
4563.254538	1.629069	
4563.256195	1.629166	
4563.257784	1.629097	
4563.259438	1.629266	
4563.261031	1.629113	
4563.262661	1.629218	
4563.264286	1.629137	
4563.265913	1.629210	
4563.267589	1.629133	
4563.269175	1.629270	
4563.270847	1.629101	
4563.272322	1.629109	
4563.273906	1.629101	
4563.275390	1.629049	
4563.277021	1.629222	
4563.278507	1.629113	
4563.280123	1.629129	
4563.281644	1.629085	
4563.283205	1.629105	
4563.284757	1.629141	
4563.286252	1.629206	
4563.287881	1.629097	
4563.289454	1.629161	
4563.291052	1.629109	
4563.292603	1.629149	
4563.294264	1.629170	
4563.295736	1.629270	
4563.297433	1.629153	
4563.298916	1.629109	
4563.300641	1.629109	
4563.302121	1.629226	
4563.303841	1.629141	
4563.305337	1.629093	
4563.307106	1.629081	
4563.308584	1.629190	
4563.310348	1.629113	
4563.311830	1.629202	
4563.313597	1.629105	
4563.315084	1.629178	
4563.316867	1.629105	
4563.318354	1.629121	
4563.320118	1.629089	
4563.321612	1.629065	
4563.323352	1.627353	
4563.324874	1.608073	
4563.326600	1.547624	
4563.328128	1.521565	
4563.329820	1.515567	
4563.331373	1.491618	
4563.333069	1.475207	
4563.334630	1.456649	
4563.336315	1.423902	
4563.337882	1.400216	
4563.339550	1.382354	
4563.341141	1.360976	
4563.342796	1.340528	
4563.344404	1.325301	
4563.346015	1.313885	
4563.347624	1.298360	
4563.349251	1.285159	
4563.350894	1.278367	
4563.352499	1.250934	
4563.354161	1.228150	
4563.355747	1.226450	
4563.357443	1.194385	
4563.359006	1.164716	
4563.360706	1.141328	
4563.362279	1.134029	
4563.363967	1.128127	
4563.365523	1.098523	
4563.367242	1.090184	
4563.368773	1.070216	
4563.370515	1.032998	
4563.372009	1.019020	
4563.373774	0.998536	
4563.375261	0.961955	
4563.377012	0.935690	
4563.378499	0.931106	
4563.380301	0.922369	
4563.381781	0.881046	
4563.383550	0.877904	
4563.385036	0.860578	
4563.386643	0.827337	
4563.388175	0.794087	
4563.389730	0.778034	
4563.391331	0.760752	
4563.392824	0.727829	
4563.394491	0.715136	
4563.395976	0.705705	
4563.397605	0.680915	
4563.399132	0.662195	
4563.400773	0.648576	
4563.402249	0.624889	
4563.403965	0.574024	
4563.405435	0.559546	
4563.407141	0.549447	
4563.408624	0.523331	
4563.410336	0.505881	
4563.411829	0.490903	
4563.413535	0.494428	
4563.415017	0.448501	
4563.416791	0.450145	
4563.418290	0.440448	
4563.420023	0.420947	
4563.421532	0.395508	
4563.423250	0.384137	
4563.424779	0.365135	
4563.426507	0.338822	
4563.428065	0.330987	
4563.429773	0.331958	
4563.431318	0.321855	
4563.433001	0.299747	
4563.434569	0.293221	
4563.436259	0.277918	
4563.437829	0.254832	
4563.439466	0.244169	
4563.441071	0.227713	
4563.442704	0.210186	
4563.444333	0.196812	
4563.445962	0.203817	
4563.447576	0.199148	
4563.449190	0.187667	
4563.450866	0.167900	
4563.452444	0.177041	
4563.454134	0.148770	
4563.455710	0.142558	
4563.457398	0.129482	
4563.458978	0.119480	
4563.460648	0.119597	
4563.462203	0.119105	
4563.463899	0.114485	
4563.465444	0.098416	
4563.467165	0.095177	
4563.468670	0.104116	
4563.470425	0.082029	
4563.471905	0.067164	
4563.473682	0.066173	
4563.475164	0.048928	
4563.476945	0.039510	
4563.478435	0.041306	
4563.480229	0.045854	
4563.481703	0.039582	
4563.483461	0.033681	
4563.484963	0.027453	
4563.486731	0.012266	
4563.488235	0.000185	
4563.489955	-0.014997	
4563.491477	-0.025769	
4563.493192	-0.035900	
4563.494725	-0.039417	
4563.496255	-0.035663	
4563.497851	-0.052207	
4563.499346	-0.052219	
4563.500971	-0.061935	
4563.502495	-0.068888	
4563.504111	-0.092587	
4563.505599	-0.104350	
4563.507254	-0.112459	
4563.508735	-0.129063	
4563.510380	-0.146526	
4563.511869	-0.152718	
4563.513553	-0.154913	
4563.515027	-0.172219	
4563.516719	-0.177355	
4563.518218	-0.185109	
4563.519860	-0.203813	
4563.521404	-0.227689	
4563.523027	-0.236769	
4563.524599	-0.257244	
4563.526182	-0.279142	
4563.527782	-0.289942	
4563.529434	-0.293773	
4563.531033	-0.306894	
4563.532673	-0.322225	
4563.534276	-0.335769	
4563.535901	-0.357135	
4563.537562	-0.384350	
4563.539142	-0.398022	
4563.540816	-0.414007	
4563.542386	-0.434019	
4563.544052	-0.452131	
4563.545635	-0.460280	
4563.547312	-0.474685	
4563.548860	-0.495201	
4563.550568	-0.500378	
4563.552113	-0.516298	
4563.553843	-0.548826	
4563.555361	-0.568940	
4563.557097	-0.584630	
4563.558579	-0.608268	
4563.560347	-0.630231	
4563.561834	-0.634392	
4563.563616	-0.647041	
4563.565096	-0.673112	
4563.566875	-0.681471	
4563.568348	-0.693068	
4563.570120	-0.715877	
4563.571616	-0.740301	
4563.573353	-0.753872	
4563.574867	-0.785289	
4563.576595	-0.798715	
4563.578132	-0.801877	
4563.579847	-0.806949	
4563.581395	-0.844509	
4563.583115	-0.848836	
4563.584664	-0.854169	
4563.586357	-0.877852	
4563.587920	-0.907923	
4563.589593	-0.916302	
4563.591178	-0.930514	
4563.592831	-0.956835	
4563.594421	-0.968763	
4563.596069	-0.968062	
4563.597665	-0.983998	
4563.599281	-0.993476	
4563.600894	-0.997545	
4563.602483	-1.014109	
4563.604158	-1.037208	
4563.605630	-1.059533	
4563.607211	-1.068025	
4563.608697	-1.093653	
4563.610339	-1.108461	
4563.611817	-1.110201	
4563.613455	-1.116473	
4563.614962	-1.141984	
4563.616537	-1.147713	
4563.618100	-1.155193	
4563.619640	-1.171883	
4563.621213	-1.200355	
4563.622789	-1.214144	
4563.624400	-1.235732	
4563.625947	-1.253819	
4563.627585	-1.270250	
4563.629078	-1.280462	
4563.630766	-1.297304	
4563.632243	-1.318469	
4563.633959	-1.334357	
4563.635441	-1.352259	
4563.637139	-1.384264	
4563.638650	-1.412208	
4563.640412	-1.432221	
4563.641889	-1.459847	
4563.643654	-1.492251	
4563.645138	-1.512642	
4563.646928	-1.521803	
4563.648414	-1.554617	
4563.650186	-1.581341	
4563.651674	-1.600129	
4563.653439	-1.620078	
4563.654935	-1.625959	
4563.656680	-1.625939	
4563.658196	-1.626044	
4563.659921	-1.626072	
4563.661445	-1.626064	
4563.663165	-1.625951	
4563.664711	-1.626108	
4563.666418	-1.626011	
4563.667969	-1.626080	
4563.669655	-1.626003	
4563.671215	-1.626164	
4563.672886	-1.625991	
4563.674467	-1.626068	
4563.676134	-1.626027	
4563.677744	-1.626088	
4563.679372	-1.626072	
4563.680981	-1.626096	
4563.682599	-1.625963	
4563.684203	-1.626116	
4563.685810	-1.626060	
4563.687459	-1.626120	
4563.689044	-1.626108	
4563.690729	-1.626076	
4563.692281	-1.626044	
4563.693977	-1.626128	
4563.695524	-1.626011	
4563.697240	-1.626116	
4563.698778	-1.625971	
4563.700493	-1.626080	
4563.702007	-1.626015	
4563.703771	-1.626132	
4563.705243	-1.626072	
4563.707018	-1.626019	
4563.708501	-1.626068	
4563.710276	-1.626048	
4563.711760	-1.626128	
4563.713531	-1.626084	
4563.715016	-1.626003	
4563.716759	-1.626116	
4563.718281	-1.626120	
4563.719773	-1.626108	
4563.721361	-1.626253	
4563.722879	-1.626088	
4563.724519	-1.626080	
4563.726009	-1.626140	
4563.727636	-1.626132	
4563.729157	-1.626156	
4563.730791	-1.626096	
4563.732281	-1.626136	
4563.733933	-1.626136	
4563.735406	-1.626031	
4563.737128	-1.626181	
4563.738622	-1.626160	
4563.740325	-1.626116	
4563.741804	-1.626104	
4563.743485	-1.626088	
4563.744972	-1.626128	
4563.746646	-1.626019	
4563.748155	-1.626112	
4563.749800	-1.625999	
4563.751344	-1.626136	
4563.753026	-1.626060	
4563.754594	-1.626172	
4563.756275	-1.626080	
4563.757830	-1.626124	
4563.759493	-1.626003	
4563.761080	-1.626176	
4563.762722	-1.626072	
4563.764331	-1.626152	
4563.765944	-1.626120	
4563.767571	-1.626128	
4563.769187	-1.626027	
4563.770843	-1.626092	
4563.772456	-1.626128	
4563.774114	-1.626152	
4563.775705	-1.626076	
4563.777395	-1.626164	
4563.778963	-1.626044	
4563.780662	-1.626100	
4563.782224	-1.626096	
4563.783908	-1.626205	
4563.785456	-1.626136	
4563.787160	-1.626136	
4563.788682	-1.625931	
4563.790442	-1.626176	
4563.791936	-1.626088	
4563.793701	-1.626261	
4563.795177	-1.626092	
4563.796932	-1.626100	
4563.798411	-1.626128	
4563.800192	-1.626088	
4563.801676	-1.626096	
4563.803461	-1.626197	
4563.804949	-1.626201	
4563.806700	-1.626144	
4563.808211	-1.626193	
4563.809940	-1.626100	
4563.811459	-1.626068	
4563.813181	-1.626080	
4563.814710	-1.626273	
4563.816396	-1.626096	
4563.817948	-1.626193	
4563.819652	-1.625991	
4563.821218	-1.626217	
4563.822893	-1.626080	
4563.824466	-1.626148	
4563.826121	-1.626108	
4563.827699	-1.626249	
4563.829332	-1.626040	
4563.830957	-1.626209	
4563.832477	-1.626193	
4563.834112	-1.626225	
4563.835587	-1.626048	
4563.837219	-1.626213	
4563.838700	-1.626193	
4563.840342	-1.626068	
4563.841827	-1.626168	
4563.843445	-1.626144	
4563.844966	-1.626132	
4563.846544	-1.626132	
4563.848072	-1.626164	
4563.849688	-1.626164	
4563.851251	-1.626168	
4563.852853	-1.626040	
4563.854450	-1.626156	
4563.856018	-1.626056	
4563.857630	-1.626124	
4563.859165	-1.626132	
4563.860862	-1.626217	
4563.862461	-1.626068	
4563.864134	-1.626136	
4563.865713	-1.626084	
4563.867398	-1.626176	
4563.868972	-1.626060	
4563.870649	-1.626172	
4563.872211	-1.626176	
4563.873894	-1.626124	
4563.875446	-1.626040	
4563.877170	-1.626092	
4563.878700	-1.626064	
4563.880455	-1.626108	
4563.881961	-1.626007	
4563.883701	-1.626201	
4563.885177	-1.626124	
4563.886925	-1.626068	
4563.888407	-1.626104	
4563.890186	-1.626128	
4563.891666	-1.626124	
4563.893429	-1.626185	
4563.894926	-1.626189	
4563.896650	-1.626112	
4563.898157	-1.626148	
4563.899887	-1.626035	
4563.901424	-1.626168	
4563.903137	-1.626048	
4563.904678	-1.626168	
4563.906390	-1.626007	
4563.907938	-1.626209	
4563.909639	-1.625987	
4563.911208	-1.626229	
4563.912902	-1.626064	
4563.914479	-1.626209	
4563.916137	-1.626092	
4563.917749	-1.626164	
4563.919399	-1.626015	
4563.920999	-1.626084	
4563.922656	-1.626003	
4563.924267	-1.626249	
4563.925893	-1.625991	
4563.927516	-1.626084	
4563.929112	-1.626084	
4563.930793	-1.626072	
4563.932396	-1.626003	
4563.934056	-1.626136	
4563.935647	-1.625975	
4563.937341	-1.626080	
4563.938919	-1.625959	
4563.940626	-1.626056	
4563.942170	-1.626060	
4563.943873	-1.626116	
4563.945354	-1.626100	
4563.946998	-1.626096	
4563.948480	-1.626189	
4563.950109	-1.626072	
4563.951624	-1.626080	
4563.953199	-1.626015	
4563.954751	-1.626080	
4563.956270	-1.626052	
4563.957862	-1.626088	
4563.959433	-1.626036	
4563.961054	-1.626052	
4563.962617	-1.626068	
4563.964229	-1.626112	
4563.965732	-1.626116	
4563.967432	-1.626080	
4563.968918	-1.625995	
4563.970642	-1.626048	
4563.972109	-1.626128	
4563.973824	-1.626072	
4563.975343	-1.626007	
4563.977085	-1.625999	
4563.978582	-1.625858	
4563.980354	-1.612549	
4563.981840	-1.545489	
4563.983606	-1.484061	
4563.985098	-1.432966	
4563.986879	-1.397344	
4563.988359	-1.359099	
4563.990137	-1.301796	
4563.991617	-1.259462	
4563.993381	-1.217258	
4563.994883	-1.159681	
4563.996634	-1.098986	
4563.998150	-1.059021	
4563.999880	-1.001960	
4564.001403	-0.944794	
4564.003108	-0.907963	
4564.004651	-0.872659	
4564.006349	-0.821000	
4564.007911	-0.786465	
4564.009594	-0.751664	
4564.011159	-0.700416	
4564.012838	-0.637325	
4564.014425	-0.591712	
4564.016098	-0.534949	
4564.017684	-0.480804	
4564.019331	-0.446100	
4564.020935	-0.419054	
4564.022555	-0.372825	
4564.024198	-0.346859	
4564.025804	-0.323796	
4564.027459	-0.275577	
4564.029036	-0.222573	
4564.030714	-0.166108	
4564.032303	-0.134506	
4564.033961	-0.085545	
4564.035520	-0.042148	
4564.037244	-0.009084	
4564.038776	0.025145	
4564.040493	0.083064	
4564.042011	0.114392	
4564.043751	0.161379	
4564.045256	0.206045	
4564.046998	0.262268	
4564.048497	0.289697	
4564.050285	0.339088	
4564.051763	0.382344	
4564.053552	0.404246	
4564.055038	0.426656	
4564.056656	0.470016	
4564.058170	0.494505	
4564.059741	0.528024	
4564.061311	0.561528	
4564.062810	0.616220	
4564.064472	0.646122	
4564.065956	0.692500	
4564.067573	0.738673	
4564.069089	0.779742	
4564.070738	0.800661	
4564.072214	0.841158	
4564.073930	0.879503	
4564.075399	0.903959	
4564.077118	0.956436	
4564.078597	0.997734	
4564.080306	1.045224	
4564.081800	1.074639	
4564.083533	1.119442	
4564.085005	1.165876	
4564.086771	1.193765	
4564.088264	1.220456	
4564.089995	1.251168	
4564.091498	1.284950	
4564.093224	1.315657	
4564.094746	1.365480	
4564.096478	1.410959	
4564.098019	1.446808	
4564.099740	1.493294	
4564.101284	1.544837	
4564.102963	1.563665	
4564.104514	1.581728	
4564.106195	1.606212	
4564.107754	1.624646	
4564.109409	1.629000	
4564.111007	1.629069	
4564.112634	1.629170	
4564.114257	1.629057	
4564.115881	1.629218	
4564.117507	1.629049	
4564.119120	1.629210	
4564.120778	1.629117	
4564.122370	1.629178	
4564.124050	1.629145	
4564.125627	1.629169	
4564.127313	1.629137	
4564.128881	1.629290	
4564.130565	1.629101	
4564.132122	1.629258	
4564.133843	1.629214	
4564.135395	1.629157	
4564.137125	1.629101	
4564.138645	1.629137	
4564.140371	1.629117	
4564.141847	1.629194	
4564.143615	1.629206	
4564.145097	1.629178	
4564.146874	1.629149	
4564.148364	1.629133	
4564.150145	1.629077	
4564.151619	1.629222	
4564.153364	1.629214	
4564.154873	1.629125	
4564.156632	1.629097	
4564.158143	1.629174	
4564.159875	1.629161	
4564.161407	1.629129	
4564.163119	1.629218	
4564.164650	1.629125	
4564.166168	1.629158	
4564.167755	1.629069	
4564.169246	1.629137	
4564.170924	1.629085	
4564.172411	1.629081	
4564.174036	1.629093	
4564.175530	1.629214	
4564.177166	1.629113	
4564.178651	1.629101	
4564.180301	1.629198	
4564.181780	1.629141	
4564.183419	1.629137	
4564.184904	1.629170	
4564.186583	1.629186	
4564.188100	1.629125	
4564.189751	1.629319	
4564.191301	1.629105	
4564.192899	1.629246	
4564.194484	1.629105	
4564.196050	1.629202	
4564.197650	1.629146	
4564.199280	1.629270	
4564.200905	1.629113	
4564.202541	1.629274	
4564.204167	1.629117	
4564.205788	1.629141	
4564.207440	1.629145	
4564.209028	1.629246	
4564.210727	1.629109	
4564.212303	1.629278	
4564.213988	1.629178	
4564.215558	1.629162	
4564.217230	1.629073	
4564.218791	1.629242	
4564.220484	1.629053	
4564.222037	1.629109	
4564.223755	1.629161	
4564.225262	1.629214	
4564.227012	1.629141	
4564.228496	1.629166	
4564.230264	1.629222	
4564.231745	1.629218	
4564.233505	1.629234	
4564.234994	1.629190	
4564.236783	1.629214	
4564.238258	1.629137	
4564.240022	1.629202	
4564.241518	1.629194	
4564.243253	1.629186	
4564.244764	1.629178	
4564.246486	1.629226	
4564.248030	1.629161	
4564.249757	1.629169	
4564.251293	1.629053	
4564.252995	1.629169	
4564.254542	1.629125	
4564.256228	1.629170	
4564.257800	1.629174	
4564.259469	1.629246	
4564.261058	1.629113	
4564.262701	1.629198	
4564.264308	1.629081	
4564.265956	1.629145	
4564.267555	1.629113	
4564.269180	1.629202	
4564.270808	1.629117	
4564.272407	1.629186	
4564.274083	1.629097	
4564.275657	1.629153	
4564.277356	1.629202	
4564.278829	1.629093	
4564.280399	1.629117	
4564.281908	1.629129	
4564.283561	1.629174	
4564.285052	1.629129	
4564.286658	1.629178	
4564.288185	1.629137	
4564.289750	1.629149	
4564.291295	1.629101	
4564.292784	1.629190	
4564.294416	1.629166	
4564.295978	1.629141	
4564.297587	1.629222	
4564.299112	1.629153	
4564.300761	1.629186	
4564.302243	1.629077	
4564.303941	1.629178	
4564.305418	1.629190	
4564.307135	1.629206	
4564.308618	1.629153	
4564.310328	1.629105	
4564.311808	1.629214	
4564.313592	1.629121	
4564.315074	1.629206	
4564.316840	1.629194	
4564.318328	1.629117	
4564.320116	1.629238	
4564.321600	1.629153	
4564.323370	1.629077	
4564.324866	1.629158	
4564.326621	1.629141	
4564.328128	1.629089	
4564.329855	1.629194	
4564.331386	1.629166	
4564.333102	1.629234	
4564.334637	1.629129	
4564.336363	1.629222	
4564.337913	1.629178	
4564.339629	1.629178	
4564.341184	1.629089	
4564.342859	1.629214	
4564.344446	1.629113	
4564.346121	1.629073	
4564.347711	1.629166	
4564.349343	1.629190	
4564.350954	1.629109	
4564.352593	1.629210	
4564.354190	1.629117	
4564.355801	1.629141	
4564.357434	1.629033	
4564.359037	1.629250	
4564.360713	1.629133	
4564.362282	1.629262	
4564.363977	1.629073	
4564.365552	1.629262	
4564.367237	1.629133	
4564.368792	1.629157	
4564.370483	1.629089	
4564.372043	1.629210	
4564.373752	1.629101	
4564.375264	1.629145	
4564.377006	1.629121	
4564.378488	1.629182	
4564.380261	1.629222	
4564.381748	1.629161	
4564.383524	1.629182	
4564.385010	1.629161	
4564.386817	1.629222	
4564.388294	1.629137	
4564.390050	1.629069	
4564.391542	1.627369	
4564.393114	1.617109	
4564.394657	1.584834	
4564.396190	1.560285	
4564.397812	1.531261	
4564.399292	1.511913	
4564.400926	1.491006	
4564.402450	1.469805	
4564.404093	1.420253	
4564.405571	1.395462	
4564.407229	1.365903	
4564.408698	1.336125	
4564.410404	1.304825	
4564.411900	1.285824	
4564.413597	1.258633	
4564.415076	1.234708	
4564.416788	1.218406	
4564.418282	1.195855	
4564.419945	1.159882	
4564.421463	1.121392	
4564.423215	1.095562	
4564.424740	1.055658	
4564.426452	1.017932	
4564.427988	1.002975	
4564.429688	0.977387	
4564.431232	0.945398	
4564.432936	0.919686	
4564.434504	0.911291	
4564.436189	0.870024	
4564.437756	0.827151	
4564.439413	0.805064	
4564.440999	0.769526	
4564.442630	0.729098	
4564.444225	0.722423	
4564.445840	0.696037	
4564.447475	0.674679	
4564.449079	0.643742	
4564.450751	0.642175	
4564.452354	0.609835	
4564.454009	0.577576	
4564.455602	0.555586	
4564.457309	0.524507	
4564.458852	0.495379	
4564.460561	0.469956	
4564.462104	0.451132	
4564.463813	0.447691	
4564.465378	0.422377	
4564.467102	0.409974	
4564.468647	0.394848	
4564.470384	0.366738	
4564.471877	0.341009	
4564.473650	0.333819	
4564.475130	0.302031	
4564.476903	0.288972	
4564.478391	0.285958	
4564.480156	0.273696	
4564.481641	0.247327	
4564.483437	0.239754	
4564.484920	0.227769	
4564.486712	0.197476	
4564.488203	0.178221	
4564.489949	0.171715	
4564.491453	0.154200	
4564.493178	0.124499	
4564.494700	0.122239	
4564.496399	0.106964	
4564.497945	0.088840	
4564.499642	0.082983	
4564.501230	0.071652	
4564.502723	0.047184	
4564.504388	0.016903	
4564.505878	0.003879	
4564.507502	-0.024943	
4564.509033	-0.050318	
4564.510678	-0.063801	
4564.512156	-0.070326	
4564.513799	-0.082653	
4564.515280	-0.102541	
4564.516982	-0.113752	
4564.518462	-0.127428	
4564.520167	-0.157560	
4564.521642	-0.186709	
4564.523340	-0.198862	
4564.524835	-0.230851	
4564.526497	-0.253454	
4564.528018	-0.267001	
4564.529658	-0.282881	
4564.531216	-0.304908	
4564.532897	-0.320860	
4564.534452	-0.336087	
4564.536151	-0.370517	
4564.537725	-0.402022	
4564.539388	-0.416504	
4564.540977	-0.446495	
4564.542616	-0.489554	
4564.544233	-0.508616	
4564.545864	-0.517269	
4564.547482	-0.551111	
4564.549101	-0.575587	
4564.550750	-0.592949	
4564.552348	-0.624321	
4564.554014	-0.664967	
4564.555579	-0.686039	
4564.557272	-0.717573	
4564.558823	-0.754384	
4564.560511	-0.783460	
4564.562066	-0.801011	
4564.563764	-0.829016	
4564.565311	-0.857529	
4564.567054	-0.881481	
4564.568556	-0.900587	
4564.570305	-0.945797	
4564.571781	-0.969883	
4564.573556	-1.003233	
4564.575046	-1.034231	
4564.576820	-1.059235	
4564.578296	-1.076371	
4564.580090	-1.096783	
4564.581578	-1.123559	
4564.583349	-1.146476	
4564.584847	-1.161687	
4564.586608	-1.205060	
4564.588113	-1.231333	
4564.589848	-1.244598	
4564.591372	-1.270572	
4564.593108	-1.297756	
4564.594648	-1.312334	
4564.596374	-1.328556	
4564.597920	-1.348170	
4564.599622	-1.352315	
4564.601170	-1.372433	
4564.602865	-1.394604	
4564.604437	-1.430730	
4564.606111	-1.440825	
4564.607696	-1.464939	
4564.609370	-1.489673	
4564.610980	-1.498205	
4564.612480	-1.501649	
4564.614123	-1.519410	
4564.615624	-1.535338	
4564.617257	-1.544478	
4564.618751	-1.560189	
4564.620378	-1.585547	
4564.621874	-1.599807	
4564.623512	-1.607247	
4564.624998	-1.620634	
4564.626670	-1.625774	
4564.628166	-1.625979	
4564.629839	-1.625858	
4564.631357	-1.625983	
4564.632994	-1.625967	
4564.634546	-1.625975	
4564.636142	-1.626031	
4564.637736	-1.626024	
4564.639298	-1.625995	
4564.640912	-1.626104	
4564.642529	-1.625903	
4564.644161	-1.626096	
4564.645784	-1.625975	
4564.647432	-1.626136	
4564.649029	-1.626035	
4564.650695	-1.626068	
4564.652272	-1.626088	
4564.653952	-1.626104	
4564.655517	-1.625959	
4564.657218	-1.626152	
4564.658791	-1.625991	
4564.660494	-1.626060	
4564.662049	-1.625995	
4564.663769	-1.626136	
4564.665288	-1.626044	
4564.667019	-1.626088	
4564.668501	-1.626136	
4564.670283	-1.626096	
4564.671765	-1.626132	
4564.673548	-1.626128	
4564.675030	-1.626104	
4564.676805	-1.626007	
4564.678297	-1.626072	
4564.680092	-1.626032	
4564.681571	-1.626116	
4564.683347	-1.626040	
4564.684841	-1.626072	
4564.686590	-1.626056	
4564.688098	-1.626052	
4564.689832	-1.626076	
4564.691362	-1.626084	
4564.693081	-1.626040	
4564.694611	-1.626080	
4564.696320	-1.626015	
4564.697865	-1.626132	
4564.699531	-1.626052	
4564.701094	-1.626172	
4564.702768	-1.626003	
4564.704348	-1.626100	
4564.705994	-1.626104	
4564.707600	-1.626152	
4564.709247	-1.626019	
4564.710836	-1.626152	
4564.712464	-1.625963	
4564.714103	-1.626140	
4564.715699	-1.626032	
4564.717362	-1.626132	
4564.718945	-1.625935	
4564.720624	-1.626108	
4564.722093	-1.626152	
4564.723728	-1.626128	
4564.725217	-1.626112	
4564.726846	-1.626035	
4564.728334	-1.626160	
4564.729931	-1.626040	
4564.731461	-1.626148	
4564.733014	-1.626120	
4564.734566	-1.626044	
4564.736056	-1.626148	
4564.737713	-1.626140	
4564.739286	-1.626060	
4564.740895	-1.626088	
4564.742431	-1.626052	
4564.744087	-1.626152	
4564.745578	-1.626072	
4564.747286	-1.626156	
4564.748769	-1.626176	
4564.750507	-1.626108	
4564.752044	-1.626056	
4564.753754	-1.626092	
4564.755278	-1.626060	
4564.757021	-1.626128	
4564.758526	-1.626132	
4564.760290	-1.626007	
4564.761779	-1.626032	
4564.763565	-1.626044	
4564.765044	-1.626076	
4564.766826	-1.626152	
4564.768311	-1.626007	
4564.770083	-1.626072	
4564.771574	-1.626003	
4564.773345	-1.625995	
4564.774843	-1.626044	
4564.776593	-1.626015	
4564.778099	-1.626080	
4564.779847	-1.626076	
4564.781366	-1.626064	
4564.783068	-1.626040	
4564.784593	-1.626092	
4564.786273	-1.625999	
4564.787824	-1.626148	
4564.789505	-1.625967	
4564.791088	-1.626152	
4564.792765	-1.626056	
4564.794338	-1.626156	
4564.795995	-1.625995	
4564.797586	-1.626035	
4564.799249	-1.625955	
4564.800872	-1.626124	
4564.802478	-1.625955	
4564.804114	-1.626116	
4564.805714	-1.625963	
4564.807382	-1.626156	
4564.808985	-1.626064	
4564.810651	-1.626156	
4564.812237	-1.626068	
4564.813934	-1.626108	
4564.815501	-1.626032	
4564.817207	-1.626104	
4564.818746	-1.626040	
4564.820432	-1.626172	
4564.821974	-1.626052	
4564.823701	-1.626100	
4564.825213	-1.626032	
4564.826966	-1.626148	
4564.828462	-1.626140	
4564.830022	-1.626060	
4564.831529	-1.626044	
4564.833129	-1.626068	
4564.834654	-1.626092	
4564.836195	-1.626096	
4564.837812	-1.626072	
4564.839306	-1.626092	
4564.840945	-1.626072	
4564.842461	-1.626052	
4564.844118	-1.626080	
4564.845593	-1.626068	
4564.847313	-1.626112	
4564.848790	-1.626072	
4564.850529	-1.626144	
4564.852004	-1.626104	
4564.853716	-1.626104	
4564.855196	-1.626088	
4564.856903	-1.626032	
4564.858389	-1.626164	
4564.860088	-1.626100	
4564.861580	-1.626036	
4564.863364	-1.626052	
4564.864860	-1.626044	
4564.866601	-1.626007	
4564.868106	-1.626164	
4564.869832	-1.625983	
4564.871356	-1.626068	
4564.873060	-1.626023	
4564.874594	-1.626124	
4564.876314	-1.625999	
4564.877871	-1.626108	
4564.879550	-1.625979	
4564.881109	-1.626092	
4564.882793	-1.625999	
4564.884358	-1.626048	
4564.886000	-1.626003	
4564.887587	-1.626164	
4564.889207	-1.626027	
4564.890820	-1.626104	
4564.892444	-1.626044	
4564.894091	-1.626120	
4564.895686	-1.625979	
4564.897338	-1.626116	
4564.898939	-1.625979	
4564.900620	-1.626080	
4564.902189	-1.625883	
4564.903885	-1.625943	
4564.905435	-1.625866	
4564.907129	-1.625427	
4564.908695	-1.617012	
4564.910405	-1.587887	
4564.911962	-1.552337	
4564.913692	-1.520582	
4564.915204	-1.488170	
4564.916967	-1.460343	
4564.918445	-1.427931	
4564.920200	-1.413223	
4564.921686	-1.395027	
4564.923445	-1.363864	
4564.924929	-1.356738	
4564.926702	-1.340355	
4564.928193	-1.290082	
4564.929941	-1.256502	
4564.931438	-1.247953	
4564.933186	-1.217757	
4564.934702	-1.186453	
4564.936415	-1.172656	
4564.937954	-1.156603	
4564.939475	-1.122717	
4564.941077	-1.110274	
4564.942571	-1.092807	
4564.944203	-1.062989	
4564.945720	-1.035730	
4564.947367	-1.020249	
4564.948840	-0.988187	
4564.950469	-0.955469	
4564.951944	-0.934836	
4564.953577	-0.924105	
4564.955062	-0.902219	
4564.956746	-0.868627	
4564.958236	-0.860856	
4564.959927	-0.842370	
4564.961436	-0.805326	
4564.963089	-0.772221	
4564.964621	-0.756136	
4564.966249	-0.724111	
4564.967809	-0.695630	
4564.969416	-0.678865	
4564.971005	-0.664202	
4564.972649	-0.632233	
4564.974246	-0.622609	
4564.975872	-0.604558	
4564.977485	-0.572863	
4564.979090	-0.535162	
4564.980776	-0.508982	
4564.982369	-0.481993	
4564.984020	-0.440416	
4564.985626	-0.417479	
4564.987297	-0.406349	
4564.988874	-0.377446	
4564.990559	-0.351555	
4564.992115	-0.332659	
4564.993816	-0.310886	
4564.995373	-0.271674	
4564.997060	-0.249111	
4564.998601	-0.218218	
4565.000339	-0.187027	
4565.001839	-0.154474	
4565.003601	-0.135666	
4565.005078	-0.125784	
4565.006863	-0.077525	
4565.008346	-0.061082	
4565.010117	-0.048090	
4565.011597	-0.016863	
4565.013384	0.024077	
4565.014865	0.049722	
4565.016631	0.084857	
4565.018131	0.113973	
4565.019854	0.130683	
4565.021370	0.150841	
4565.023095	0.185391	
4565.024626	0.211277	
4565.026357	0.224345	
4565.027899	0.261817	
4565.029599	0.296384	
4565.031146	0.327728	
4565.032816	0.356732	
4565.034379	0.391106	
4565.036046	0.408500	
4565.037625	0.414232	
4565.039282	0.442346	
4565.040892	0.470939	
4565.042512	0.490287	
4565.044139	0.522989	
4565.045772	0.559969	
4565.047411	0.572714	
4565.049014	0.606157	
4565.050685	0.632474	
4565.052164	0.659782	
4565.053810	0.664838	
4565.055284	0.682579	
4565.056935	0.702048	
4565.058419	0.712960	
4565.060054	0.738472	
4565.061532	0.779162	
4565.063134	0.803195	
4565.064665	0.819352	
4565.066213	0.858491	
4565.067792	0.880325	
4565.069377	0.898863	
4565.070974	0.908314	
4565.072537	0.944399	
4565.074158	0.973855	
4565.075665	0.993541	
4565.077355	1.024797	
4565.078830	1.062002	
4565.080537	1.063972	
4565.082114	1.086676	
4565.083776	1.132558	
4565.085332	1.150903	
4565.087044	1.153679	
4565.088576	1.174928	
4565.090315	1.193930	
4565.091808	1.206748	
4565.093571	1.225677	
4565.095054	1.252538	
4565.096835	1.283040	
4565.098330	1.292430	
4565.100138	1.322816	
4565.101617	1.341906	
4565.103412	1.362511	
4565.104895	1.378624	
4565.106646	1.414468	
4565.108136	1.433208	
4565.109879	1.450977	
4565.111393	1.480416	
4565.113133	1.524759	
4565.114652	1.535793	
4565.116374	1.571158	
4565.117906	1.597148	
4565.119603	1.614635	
4565.121145	1.616480	
4565.122844	1.622354	
4565.124414	1.627341	
4565.126071	1.629153	
4565.127648	1.629045	
4565.129306	1.629169	
4565.130893	1.629161	
4565.132530	1.629214	
4565.134132	1.629089	
4565.135753	1.629234	
4565.137417	1.629093	
4565.139010	1.629274	
4565.140689	1.629093	
4565.142268	1.629238	
4565.143930	1.629101	
4565.145515	1.629161	
4565.147198	1.629085	
4565.148764	1.629198	
4565.150467	1.629158	
4565.152013	1.629121	
4565.153724	1.629081	
4565.155259	1.629270	
4565.156985	1.629057	
4565.158489	1.629161	
4565.160219	1.629105	
4565.161699	1.629113	
4565.163237	1.629113	
4565.164773	1.629101	
4565.166346	1.629137	
4565.167895	1.629065	
4565.169396	1.629198	
4565.171042	1.629169	
4565.172529	1.629137	
4565.174156	1.629061	
4565.175680	1.629065	
4565.177303	1.629012	
4565.178788	1.629109	
4565.180498	1.629125	
4565.181979	1.629190	
4565.183695	1.629129	
4565.185179	1.629149	
4565.186913	1.629170	
4565.188403	1.629125	
4565.190099	1.629069	
4565.191577	1.629037	
4565.193276	1.629177	
4565.194774	1.629097	
4565.196507	1.629186	
4565.198020	1.629190	
4565.199764	1.629214	
4565.201303	1.629105	
4565.203027	1.629218	
4565.204561	1.629073	
4565.206272	1.629202	
4565.207815	1.629246	
4565.209517	1.629117	
4565.211069	1.629153	
4565.212754	1.629178	
4565.214342	1.629149	
4565.215994	1.629158	
4565.217580	1.629153	
4565.219219	1.629190	
4565.220805	1.629125	
4565.222432	1.629234	
4565.224072	1.629161	
4565.225663	1.629210	
4565.227336	1.629057	
4565.228918	1.629170	
4565.230600	1.629178	
4565.232182	1.629234	
4565.233851	1.629101	
4565.235415	1.629194	
4565.237139	1.629141	
4565.238690	1.629266	
4565.240396	1.629137	
4565.241929	1.629077	
4565.243638	1.629105	
4565.245139	1.629194	
4565.246886	1.629161	
4565.248372	1.629141	
4565.250143	1.629117	
4565.251630	1.629097	
4565.253426	1.629117	
4565.254907	1.629105	
4565.256685	1.629121	
4565.258164	1.629077	
4565.259919	1.629299	
4565.261411	1.629149	
4565.263168	1.629202	
4565.264688	1.629041	
4565.266427	1.629158	
4565.267950	1.629105	
4565.269670	1.629166	
4565.271212	1.629174	
4565.272922	1.629162	
4565.274521	1.629145	
4565.276007	1.629145	
4565.277677	1.629093	
4565.279164	1.629166	
4565.280808	1.629117	
4565.282327	1.629093	
4565.283964	1.629158	
4565.285438	1.629141	
4565.287074	1.629093	
4565.288555	1.629153	
4565.290203	1.629307	
4565.291693	1.629085	
4565.293413	1.629178	
4565.294905	1.629041	
4565.296604	1.629149	
4565.298099	1.629117	
4565.299757	1.629141	
4565.301277	1.629129	
4565.302921	1.629262	
4565.304474	1.629166	
4565.306157	1.629218	
4565.307713	1.629105	
4565.309389	1.629174	
4565.310977	1.629081	
4565.312637	1.629149	
4565.314240	1.629194	
4565.315882	1.629202	
4565.317488	1.629093	
4565.319116	1.629145	
4565.320736	1.629141	
4565.322352	1.629250	
4565.324038	1.629129	
4565.325629	1.629190	
4565.327297	1.629089	
4565.328895	1.629113	
4565.330540	1.629085	
4565.332104	1.629157	
4565.333809	1.629101	
4565.335348	1.629234	
4565.337061	1.629125	
4565.338606	1.629133	
4565.340332	1.629125	
4565.341850	1.629178	
4565.343582	1.629174	
4565.345065	1.629125	
4565.346831	1.629105	
4565.348322	1.629145	
4565.350113	1.629206	
4565.351593	1.629085	
4565.353367	1.629089	
4565.354847	1.629025	
4565.356608	1.629109	
4565.358102	1.629089	
4565.359863	1.629093	
4565.361376	1.629101	
4565.363125	1.628851	
4565.364644	1.628352	
4565.366384	1.626362	
4565.367911	1.621544	
4565.369606	1.593209	
4565.371155	1.552825	
4565.372844	1.546645	
4565.374405	1.530609	
4565.376080	1.502821	
4565.377672	1.498451	
4565.379324	1.490011	
4565.380919	1.468371	
4565.382585	1.459009	
4565.384167	1.455190	
4565.385681	1.443984	
4565.387270	1.407809	
4565.388754	1.397481	
4565.390398	1.374543	
4565.391879	1.359220	
4565.393511	1.340134	
4565.394992	1.340923	
4565.396615	1.339884	
4565.398109	1.319275	
4565.399676	1.310404	
4565.401222	1.296765	
4565.402755	1.262580	
4565.404358	1.240960	
4565.405938	1.239039	
4565.407557	1.215667	
4565.409107	1.186518	
4565.410752	1.174445	
4565.412253	1.166158	
4565.413963	1.144498	
4565.415439	1.132059	
4565.417152	1.114221	
4565.418714	1.101165	
4565.420423	1.072685	
4565.421963	1.045833	
4565.423683	1.029034	
4565.425222	0.993915	
4565.426954	0.963212	
4565.428452	0.961177	
4565.430218	0.945306	
4565.431704	0.922804	
4565.433485	0.912620	
4565.434970	0.893340	
4565.436764	0.854399	
4565.438250	0.825500	
4565.440039	0.816790	
4565.441515	0.778529	
4565.443258	0.764515	
4565.444750	0.754307	
4565.446487	0.731728	
4565.448014	0.705210	
4565.449758	0.694430	
4565.451286	0.676242	
4565.453009	0.646429	
4565.454535	0.619886	
4565.456232	0.601903	
4565.457780	0.580114	
4565.459465	0.541781	
4565.461040	0.536290	
4565.462706	0.518457	
4565.464284	0.503520	
4565.465952	0.479721	
4565.467520	0.474266	
4565.469159	0.452538	
4565.470766	0.421507	
4565.472382	0.406196	
4565.474031	0.388894	
4565.475606	0.363866	
4565.477274	0.356591	
4565.478857	0.342766	
4565.480536	0.318298	
4565.482112	0.301476	
4565.483790	0.288730	
4565.485357	0.278981	
4565.487060	0.246767	
4565.488601	0.234384	
4565.490322	0.208933	
4565.491842	0.184626	
4565.493576	0.170269	
4565.495059	0.165342	
4565.496838	0.156984	
4565.498330	0.139154	
4565.499857	0.125905	
4565.501384	0.112132	
4565.502950	0.093719	
4565.504504	0.066636	
4565.506012	0.060260	
4565.507669	0.039719	
4565.509160	0.015235	
4565.510786	0.011565	
4565.512299	0.007521	
4565.513935	-0.011005	
4565.515418	-0.030124	
4565.517146	-0.038519	
4565.518620	-0.055128	
4565.520336	-0.079269	
4565.521822	-0.093751	
4565.523531	-0.110396	
4565.525009	-0.137889	
4565.526710	-0.150973	
4565.528185	-0.152339	
4565.529878	-0.164658	
4565.531380	-0.181234	
4565.533130	-0.188791	
4565.534647	-0.202806	
4565.536382	-0.237026	
4565.537919	-0.258662	
4565.539619	-0.269910	
4565.541155	-0.294740	
4565.542838	-0.317577	
4565.544397	-0.329698	
4565.546070	-0.337767	
4565.547641	-0.356309	
4565.549294	-0.361457	
4565.550902	-0.373873	
4565.552566	-0.401096	
4565.554169	-0.426216	
4565.555802	-0.442688	
4565.557414	-0.471636	
4565.559020	-0.495141	
4565.560695	-0.510424	
4565.562278	-0.519512	
4565.563957	-0.544456	
4565.565548	-0.552029	
4565.567212	-0.568485	
4565.568784	-0.587450	
4565.570465	-0.621397	
4565.572032	-0.640954	
4565.573755	-0.665656	
4565.575290	-0.689330	
4565.577005	-0.711986	
4565.578545	-0.723132	
4565.580262	-0.741050	
4565.581770	-0.760068	
4565.583540	-0.770126	
4565.585032	-0.790070	
4565.586812	-0.822196	
4565.588299	-0.847337	
4565.590053	-0.860006	
4565.591533	-0.888023	
4565.593278	-0.913543	
4565.594773	-0.920052	
4565.596517	-0.934135	
4565.598025	-0.961931	
4565.599777	-0.967756	
4565.601292	-0.974318	
4565.603019	-1.011213	
4565.604558	-1.034795	
4565.606254	-1.041510	
4565.607832	-1.069914	
4565.609311	-1.088061	
4565.610979	-1.103462	
4565.612467	-1.111639	
4565.614093	-1.132764	
4565.615621	-1.140671	
4565.617241	-1.144397	
4565.618719	-1.163850	
4565.620358	-1.189531	
4565.621832	-1.199328	
4565.623480	-1.214885	
4565.624958	-1.236988	
4565.626647	-1.248014	
4565.628126	-1.254181	
4565.629815	-1.260490	
4565.631338	-1.279999	
4565.632974	-1.287624	
4565.634514	-1.288386	
4565.636147	-1.314812	
4565.637697	-1.335457	
4565.639370	-1.339545	
4565.640936	-1.357480	
4565.642588	-1.377057	
4565.644179	-1.386157	
4565.645797	-1.381541	
4565.647415	-1.405880	
4565.649025	-1.406802	
4565.650689	-1.411584	
4565.652296	-1.427560	
4565.653940	-1.454812	
4565.655546	-1.464403	
4565.657229	-1.485616	
4565.658801	-1.504747	
4565.660494	-1.508050	
4565.662051	-1.502612	
4565.663754	-1.517609	
4565.665311	-1.524715	
4565.666985	-1.529219	
4565.668525	-1.543838	
4565.670232	-1.571790	
4565.671729	-1.587323	
4565.673496	-1.591964	
4565.674982	-1.607127	
4565.676773	-1.620106	
4565.678252	-1.625242	
4565.680028	-1.625955	
4565.681505	-1.625951	
4565.683285	-1.625923	
4565.684780	-1.625979	
4565.686548	-1.625943	
4565.688048	-1.626024	
4565.689780	-1.625979	
4565.691291	-1.626048	
4565.693015	-1.626019	
4565.694544	-1.626019	
4565.696262	-1.625999	
4565.697812	-1.626100	
4565.699526	-1.625947	
4565.701082	-1.626132	
4565.702766	-1.625999	
4565.704324	-1.626092	
4565.705988	-1.626036	
4565.707568	-1.626116	
4565.709232	-1.626040	
4565.710830	-1.626189	
4565.712467	-1.626072	
4565.714091	-1.626152	
4565.715720	-1.626007	
4565.717348	-1.626116	
4565.718841	-1.626072	
4565.720474	-1.626100	
4565.721961	-1.626080	
4565.723601	-1.626152	
4565.725098	-1.626201	
4565.726744	-1.626060	
4565.728227	-1.626152	
4565.729844	-1.626092	
4565.731348	-1.626104	
4565.732931	-1.626148	
4565.734481	-1.626108	
4565.736102	-1.626015	
4565.737682	-1.626096	
4565.739269	-1.626068	
4565.740882	-1.626128	
4565.742442	-1.626116	
4565.744067	-1.626128	
4565.745566	-1.626003	
4565.747257	-1.626128	
4565.748732	-1.626036	
4565.750454	-1.626100	
4565.752024	-1.626056	
4565.753724	-1.626144	
4565.755279	-1.625987	
4565.756996	-1.626064	
4565.758532	-1.626096	
4565.760251	-1.626100	
4565.761763	-1.626092	
4565.763525	-1.626052	
4565.765008	-1.625967	
4565.766779	-1.626003	
4565.768271	-1.626072	
4565.770059	-1.626124	
4565.771537	-1.626048	
4565.773330	-1.626060	
4565.774803	-1.626032	
4565.776568	-1.626031	
4565.778059	-1.626084	
4565.779807	-1.626080	
4565.781319	-1.626076	
4565.783037	-1.626007	
4565.784559	-1.626092	
4565.786279	-1.626092	
4565.787817	-1.626205	
4565.789522	-1.625939	
4565.791070	-1.626112	
4565.792771	-1.626011	
4565.794336	-1.626172	
4565.796014	-1.626044	
4565.797596	-1.626100	
4565.799261	-1.626024	
4565.800857	-1.626128	
4565.802497	-1.625951	
4565.804100	-1.626168	
4565.805738	-1.625919	
4565.807359	-1.626108	
4565.808963	-1.625971	
4565.810627	-1.626088	
4565.812222	-1.625939	
4565.813894	-1.626052	
4565.815481	-1.625911	
4565.817150	-1.626060	
4565.818727	-1.625995	
4565.820438	-1.626068	
4565.821989	-1.626047	
4565.823702	-1.626112	
4565.825240	-1.625987	
4565.826941	-1.626128	
4565.828431	-1.626136	
4565.829988	-1.626184	
4565.831488	-1.626052	
4565.833083	-1.626048	
4565.834624	-1.626100	
4565.836166	-1.626068	
4565.837765	-1.626144	
4565.839250	-1.625987	
4565.840910	-1.626140	
4565.842402	-1.626076	
4565.844036	-1.626193	
4565.845529	-1.626096	
4565.847214	-1.626076	
4565.848692	-1.626080	
4565.850422	-1.626015	
4565.851900	-1.626007	
4565.853634	-1.625983	
4565.855117	-1.626088	
4565.856828	-1.626072	
4565.858311	-1.626060	
4565.860070	-1.626019	
4565.861551	-1.626080	
4565.863316	-1.626007	
4565.864794	-1.626092	
4565.866550	-1.625991	
4565.868052	-1.626076	
4565.869794	-1.626092	
4565.871314	-1.626108	
4565.873027	-1.626052	
4565.874553	-1.626032	
4565.876275	-1.626040	
4565.877805	-1.626084	
4565.879502	-1.625999	
4565.881058	-1.626112	
4565.882744	-1.626007	
4565.884331	-1.626060	
4565.885992	-1.625987	
4565.887578	-1.626056	
4565.889246	-1.626019	
4565.890828	-1.626148	
4565.892477	-1.625939	
4565.894090	-1.626056	
4565.895695	-1.625959	
4565.897325	-1.626088	
4565.898929	-1.625927	
4565.900594	-1.626011	
4565.902190	-1.625878	
4565.903848	-1.626003	
4565.905414	-1.625890	
4565.907113	-1.625895	
4565.908661	-1.624791	
4565.910374	-1.617258	
4565.911907	-1.571295	
4565.913604	-1.556942	
4565.915110	-1.536289	
4565.916863	-1.508336	
4565.918350	-1.485338	
4565.920114	-1.482776	
4565.921598	-1.472710	
4565.923373	-1.450590	
4565.924854	-1.452246	
4565.926648	-1.432253	
4565.928136	-1.410520	
4565.929896	-1.390911	
4565.931390	-1.384481	
4565.933136	-1.358237	
4565.934651	-1.342502	
4565.936400	-1.341382	
4565.937924	-1.332033	
4565.939473	-1.311770	
4565.941081	-1.309414	
4565.942568	-1.299315	
4565.944203	-1.275761	
4565.945705	-1.248654	
4565.947356	-1.238970	
4565.948839	-1.213568	
4565.950478	-1.191521	
4565.951952	-1.176636	
4565.953600	-1.179931	
4565.955078	-1.169724	
4565.956767	-1.157244	
4565.958251	-1.151898	
4565.959964	-1.142782	
4565.961442	-1.116054	
4565.963121	-1.096283	
4565.964642	-1.091220	
4565.966291	-1.061317	
4565.967838	-1.039581	
4565.969555	-1.029063	
4565.971107	-1.024438	
4565.972788	-1.001106	
4565.974338	-0.992542	
4565.976019	-0.983023	
4565.977604	-0.958503	
4565.979251	-0.928677	
4565.980851	-0.919839	
4565.982491	-0.891548	
4565.984108	-0.865614	
4565.985725	-0.858193	
4565.987335	-0.853452	
4565.988968	-0.829576	
4565.990636	-0.819207	
4565.992225	-0.808170	
4565.993902	-0.801245	
4565.995475	-0.769590	
4565.997156	-0.752398	
4565.998737	-0.741896	
4566.000405	-0.708541	
4566.001957	-0.692787	
4566.003651	-0.690241	
4566.005206	-0.669410	
4566.006918	-0.658066	
4566.008417	-0.653941	
4566.010169	-0.634235	
4566.011650	-0.606182	
4566.013414	-0.589404	
4566.014895	-0.571812	
4566.016684	-0.545205	
4566.018178	-0.514952	
4566.019979	-0.511097	
4566.021457	-0.501413	
4566.023239	-0.479463	
4566.024724	-0.466560	
4566.026459	-0.461424	
4566.027966	-0.436158	
4566.029690	-0.415243	
4566.031224	-0.410812	
4566.032923	-0.392008	
4566.034455	-0.369071	
4566.036154	-0.361755	
4566.037699	-0.355076	
4566.039388	-0.337775	
4566.040959	-0.336079	
4566.042621	-0.319937	
4566.044234	-0.289685	
4566.045727	-0.262381	
4566.047315	-0.254856	
4566.048794	-0.234887	
4566.050440	-0.212889	
4566.051921	-0.194149	
4566.053556	-0.195011	
4566.055029	-0.177685	
4566.056671	-0.164690	
4566.058173	-0.156029	
4566.059769	-0.150502	
4566.061317	-0.131360	
4566.062874	-0.108841	
4566.064432	-0.096881	
4566.066036	-0.079209	
4566.067621	-0.062850	
4566.069219	-0.058737	
4566.070820	-0.048433	
4566.072369	-0.028251	
4566.074009	-0.018422	
4566.075517	-0.006828	
4566.077206	0.014852	
4566.078808	0.040187	
4566.080496	0.053399	
4566.082051	0.074915	
4566.083756	0.100684	
4566.085315	0.109611	
4566.086987	0.104205	
4566.088546	0.125639	
4566.090243	0.129011	
4566.091772	0.140326	
4566.093521	0.150772	
4566.095003	0.171264	
4566.096783	0.188308	
4566.098260	0.190987	
4566.100036	0.218420	
4566.101516	0.235330	
4566.103302	0.238187	
4566.104793	0.249623	
4566.106572	0.260721	
4566.108057	0.268077	
4566.109799	0.289056	
4566.111300	0.307623	
4566.113026	0.328945	
4566.114548	0.337420	
4566.116253	0.368607	
4566.117790	0.382328	
4566.119492	0.381562	
4566.121048	0.397575	
4566.122735	0.409338	
4566.124291	0.409418	
4566.125968	0.420279	
4566.127538	0.443236	
4566.129185	0.461078	
4566.130777	0.461811	
4566.132405	0.479680	
4566.134027	0.490037	
4566.135635	0.484309	
4566.137307	0.492837	
4566.138920	0.505252	
4566.140571	0.510984	
4566.142176	0.512696	
4566.143846	0.534889	
4566.145429	0.571518	
4566.147117	0.580759	
4566.148666	0.591893	
4566.150366	0.621449	
4566.151921	0.626750	
4566.153603	0.629043	
4566.155102	0.638642	
4566.156664	0.656677	
4566.158172	0.650090	
4566.159774	0.664709	
4566.161295	0.694063	
4566.162856	0.710890	
4566.164414	0.705782	
4566.165908	0.718475	
4566.167571	0.724888	
4566.169057	0.724554	
4566.170693	0.720179	
4566.172197	0.741340	
4566.173880	0.744486	
4566.175363	0.738121	
4566.177101	0.749779	
4566.178575	0.791013	
4566.180311	0.790671	
4566.181788	0.812653	
4566.183500	0.829778	
4566.184977	0.838575	
4566.186758	0.825838	
4566.188247	0.833508	
4566.190012	0.844759	
4566.191499	0.849593	
4566.193299	0.843244	
4566.194773	0.869614	
4566.196544	0.893155	
4566.198035	0.883475	
4566.199790	0.910231	
4566.201290	0.917768	
4566.203032	0.896245	
4566.204560	0.881723	
4566.206274	0.887886	
4566.207802	0.879358	
4566.209506	0.876885	
4566.211048	0.885171	
4566.212733	0.904302	
4566.214293	0.898799	
4566.215963	0.914896	
4566.217541	0.932717	
4566.219179	0.936339	
4566.220786	0.931940	
4566.222418	0.960513	
4566.224012	0.966104	
4566.225642	0.965262	
4566.227286	0.976618	
4566.228891	1.001009	
4566.230558	1.006653	
4566.232146	1.014404	
4566.233839	1.014009	
4566.235427	1.018106	
4566.237097	1.001162	
4566.238669	0.998033	
4566.240360	0.997892	
4566.241911	0.998927	
4566.243622	1.004598	
4566.245164	1.014585	
4566.246872	1.029772	
4566.248366	1.035500	
4566.250134	1.045510	
4566.251616	1.045297	
4566.253369	1.037566	
4566.254856	1.045808	
4566.256645	1.052056	
4566.258119	1.053740	
4566.259904	1.045273	
4566.261405	1.063779	
4566.262895	1.074466	
4566.264474	1.072528	
4566.265999	1.086216	
4566.267633	1.091622	
4566.269130	1.079239	
4566.270753	1.076814	
4566.272281	1.088746	
4566.273937	1.094120	
4566.275423	1.095280	
4566.277082	1.098164	
4566.278550	1.114963	
4566.280255	1.117968	
4566.281735	1.121408	
4566.283442	1.127797	
4566.284923	1.119160	
4566.286629	1.103027	
4566.288119	1.097713	
4566.289817	1.093419	
4566.291321	1.091288	
4566.292969	1.085838	
4566.294499	1.092174	
4566.296215	1.095570	
4566.297752	1.090865	
4566.299455	1.105045	
4566.301006	1.120506	
4566.302680	1.093395	
4566.304254	1.091933	
4566.305909	1.098205	
4566.307508	1.072061	
4566.309174	1.075739	
4566.310763	1.086567	
4566.312388	1.090841	
4566.313993	1.091353	
4566.315627	1.088871	
4566.317290	1.092351	
4566.318872	1.078611	
4566.320542	1.064653	
4566.322127	1.065289	
4566.323798	1.062030	
4566.325397	1.050517	
4566.327085	1.046904	
4566.328652	1.058687	
4566.330344	1.047315	
4566.331896	1.052652	
4566.333611	1.059154	
4566.335164	1.044685	
4566.336873	1.030118	
4566.338385	1.021050	
4566.340139	1.002899	
4566.341634	0.992014	
4566.343418	0.986447	
4566.344900	0.992276	
4566.346692	0.995402	
4566.348175	0.991197	
4566.349947	1.005666	
4566.351430	0.998717	
4566.353199	0.986548	
4566.354698	0.974092	
4566.356478	0.966716	
4566.357971	0.945487	
4566.359712	0.940391	
4566.361226	0.942921	
4566.362974	0.939066	
4566.364494	0.924782	
4566.366201	0.935517	
4566.367742	0.936310	
4566.369430	0.920568	
4566.371016	0.902267	
4566.372515	0.915585	
4566.374175	0.887548	
4566.375671	0.876152	
4566.377309	0.878319	
4566.378838	0.879370	
4566.380467	0.876248	
4566.381958	0.873916	
4566.383600	0.877634	
4566.385078	0.867205	
4566.386712	0.849420	
4566.388203	0.846056	
4566.389911	0.844283	
4566.391384	0.824533	
4566.393060	0.821153	
4566.394573	0.826901	
4566.396203	0.835228	
4566.397744	0.823900	
4566.399357	0.828484	
4566.400943	0.817298	
4566.402510	0.810897	
4566.404111	0.792520	
4566.405757	0.798792	
4566.407370	0.788395	
4566.409018	0.768890	
4566.410638	0.766678	
4566.412267	0.772144	
4566.413934	0.756817	
4566.415521	0.754242	
4566.417187	0.754666	
4566.418766	0.740679	
4566.420446	0.727462	
4566.422014	0.719716	
4566.423688	0.710201	
4566.425248	0.695755	
4566.426935	0.691058	
4566.428467	0.688750	
4566.430198	0.682546	
4566.431692	0.670748	
4566.433484	0.661954	
4566.434971	0.657579	
4566.436744	0.646453	
4566.438235	0.622698	
4566.440025	0.614315	
4566.441506	0.599217	
4566.443313	0.582286	
4566.444794	0.582539	
4566.446556	0.585130	
4566.448042	0.561149	
4566.449783	0.555280	
4566.451284	0.547586	
4566.453020	0.529426	
4566.454536	0.505353	
4566.456263	0.500491	
4566.457788	0.475922	
4566.459493	0.456006	
4566.461047	0.456187	
4566.462746	0.452066	
4566.464302	0.433040	
4566.466002	0.420919	
4566.467582	0.420315	
4566.469242	0.405724	
4566.470820	0.386255	
4566.472467	0.379580	
4566.474075	0.362746	
4566.475714	0.337054	
4566.477316	0.343221	
4566.478915	0.332381	
4566.480587	0.319397	
4566.482168	0.315977	
4566.483838	0.315925	
4566.485317	0.301564	
4566.486948	0.273148	
4566.488429	0.268552	
4566.490076	0.252334	
4566.491579	0.231262	
4566.493197	0.218903	
4566.494701	0.222291	
4566.496283	0.214597	
4566.497820	0.201887	
4566.499359	0.206169	
4566.500943	0.194012	
4566.502538	0.182350	
4566.504123	0.158257	
4566.505681	0.168666	
4566.507294	0.145326	
4566.508795	0.135275	
4566.510496	0.134522	
4566.511972	0.132995	
4566.513701	0.119097	
4566.515242	0.115577	
4566.516943	0.125502	
4566.518487	0.106722	
4566.520197	0.084111	
4566.521701	0.078959	
4566.523445	0.071615	
4566.524933	0.052900	
4566.526721	0.040219	
4566.528204	0.046088	
