time (s)	magX	magY	magZ
4560.477569	-214.202209	-42.548218	16.189363
4560.481777	-214.494446	-42.665108	16.072474
4560.485183	-214.845108	-42.723553	16.306253
4560.488496	-214.962006	-42.606663	15.897136
4560.491862	-216.189362	-42.840446	16.364700
4560.495086	-216.481598	-42.957336	14.611338
4560.497990	-217.942719	-43.308006	14.786674
4560.501334	-218.118042	-43.483345	14.436002
4560.504671	-218.527176	-43.775570	13.208650
4560.507989	-219.579193	-44.126244	13.033314
4560.511348	-220.280533	-44.126244	12.273524
4560.514239	-221.624786	-44.652252	12.156633
4560.517569	-222.384567	-44.593803	11.338399
4560.520902	-223.436600	-45.061367	11.104617
4560.524231	-225.014618	-45.528931	10.111046
4560.527570	-225.657516	-45.821156	9.818819
4560.530898	-226.943298	-46.230274	8.240795
4560.534244	-228.404449	-46.405609	7.948568
4560.537571	-229.514908	-46.873173	8.007013
4560.540899	-231.326706	-46.990063	7.247224
4560.544237	-232.612518	-47.457626	6.370543
4560.547598	-233.956741	-47.749855	4.734074
4560.550898	-235.768555	-47.925190	3.915838
4560.554249	-237.229675	-48.158970	3.448276
4560.557562	-238.164810	-48.684978	1.811806
4560.560895	-240.268845	-48.860313	0.642899
4560.564230	-242.022202	-48.509644	-0.292227
4560.567566	-244.067795	-48.860313	-2.454705
4560.570900	-245.645828	-49.386322	-3.506721
4560.574226	-247.106964	-49.736996	-3.857393
4560.577560	-250.029236	-49.736996	-5.786090
4560.580898	-251.899475	-49.678551	-7.831677
4560.584226	-253.769730	-49.386322	-9.351256
4560.587562	-255.756882	-49.912331	-11.104617
4560.590892	-258.328461	-49.736996	-11.864407
4560.595154	-262.653412	-50.905903	-15.897136
4560.598507	-265.458801	-50.613678	-17.475161
4560.601745	-268.322601	-50.321449	-19.345411
4560.605077	-270.543549	-51.198132	-21.332554
4560.608410	-273.348938	-50.789009	-24.663939
4560.611315	-276.388062	-51.548801	-26.651081
4560.614642	-278.784332	-51.724136	-29.164230
4560.617980	-281.589722	-52.016365	-30.800701
4560.621343	-284.745758	-52.250145	-33.839859
4560.624225	-288.077148	-52.367039	-36.411457
4560.627553	-291.116302	-53.477497	-38.398598
4560.630887	-294.330811	-53.477497	-41.028641
4560.634259	-297.720612	-54.178841	-44.126244
4560.637554	-301.402679	-55.464642	-46.756283
4560.640900	-304.850952	-55.464642	-50.496788
4560.644226	-308.474579	-56.399769	-54.003506
4560.647553	-311.747528	-57.334892	-56.984222
4560.650888	-315.195801	-57.860901	-60.783165
4560.654223	-319.111633	-58.620689	-64.582115
4560.657553	-323.202789	-60.198711	-67.855057
4560.660882	-327.469330	-61.367619	-71.537109
4560.664223	-331.385162	-61.835182	-76.037407
4560.667550	-334.658112	-62.478085	-79.719460
4560.670883	-338.515503	-62.478085	-83.693748
4560.674221	-342.957336	-64.406784	-87.784920
4560.677573	-347.165405	-64.348335	-93.512566
4560.680884	-351.315033	-65.458801	-98.129745
4560.684222	-355.230865	-65.926361	-103.156052
4560.687546	-359.906494	-66.919930	-107.714783
4560.690878	-364.757446	-67.445938	-113.559319
4560.694212	-369.608429	-67.679718	-118.585625
4560.697557	-373.524261	-68.439507	-124.839272
4560.700882	-378.375214	-68.848625	-130.566925
4560.704219	-383.050842	-69.900642	-136.879013
4560.708405	-392.986572	-70.192871	-149.327881
4560.711726	-397.603760	-70.952660	-156.282883
4560.715087	-403.097595	-71.244881	-163.471649
4560.718425	-408.123932	-70.835770	-170.718872
4560.721351	-413.150208	-70.835770	-177.907654
4560.724668	-417.942719	-71.361771	-186.499115
4560.728005	-423.436584	-71.069550	-194.564575
4560.731381	-429.164215	-71.712448	-203.740509
4560.734639	-434.482758	-71.244881	-211.864395
4560.737544	-439.801270	-71.712448	-220.105194
4560.740883	-445.412018	-71.537109	-230.333130
4560.744214	-450.496765	-71.770897	-239.450623
4560.747542	-456.750427	-71.478668	-249.970764
4560.750879	-461.601410	-71.887787	-260.374054
4560.754215	-467.153687	-71.595558	-271.420227
4560.757544	-472.413788	-71.887787	-282.407959
4560.760877	-478.082977	-72.121567	-293.921692
4560.764252	-484.161316	-72.589127	-305.844543
4560.767540	-489.129150	-72.764465	-318.877838
4560.770876	-494.564575	-72.355347	-331.326691
4560.774211	-499.123322	-72.998253	-345.178253
4560.777546	-504.617157	-72.881355	-359.029816
4560.780871	-509.175934	-72.822914	-372.413788
4560.784205	-513.968445	-73.582703	-386.557587
4560.787542	-518.410278	-73.758034	-401.578033
4560.790875	-522.968994	-74.400940	-416.832245
4560.794211	-526.884827	-74.284050	-432.378723
4560.797541	-531.443604	-74.634720	-447.866730
4560.800874	-534.365845	-74.810051	-464.640564
4560.804206	-538.047913	-74.225601	-481.355957
4560.807566	-541.145508	-74.284050	-497.954407
4560.810870	-543.658691	-73.641144	-515.312683
4560.814207	-546.288757	-72.822914	-532.670959
4560.818837	-549.737000	-71.186440	-568.731750
4560.821755	-550.789001	-70.485100	-586.732910
4560.825162	-552.191711	-69.082413	-605.961426
4560.828471	-552.308594	-67.095268	-625.482178
4560.831794	-552.133301	-65.225014	-644.184692
4560.834638	-551.373474	-63.471649	-663.705444
4560.837970	-550.146118	-60.549385	-682.933960
4560.841294	-548.509644	-57.276447	-703.097595
4560.844621	-545.996460	-55.347752	-721.975464
4560.847959	-543.132690	-51.490356	-742.606628
4560.850893	-539.041504	-47.574516	-762.594971
4560.854197	-534.599609	-44.476913	-781.765015
4560.857540	-530.508484	-39.976620	-801.811768
4560.860867	-524.254822	-35.476330	-822.267700
4560.864203	-517.825867	-30.917591	-842.606628
4560.867527	-511.104645	-26.709526	-861.426086
4560.870864	-503.097595	-21.624781	-881.005310
4560.874202	-494.389252	-16.773817	-901.052002
4560.877535	-484.862671	-11.864407	-920.338989
4560.880891	-473.465820	-7.305669	-939.625916
4560.884204	-462.127411	-1.519579	-958.211609
4560.887531	-450.379883	4.734074	-976.680298
4560.890868	-437.755676	9.701928	-993.921631
4560.894217	-424.371704	15.488018	-1011.689087
4560.897526	-409.760376	20.397429	-1028.813599
4560.900872	-393.804779	26.008183	-1045.470581
4560.904197	-377.732330	31.502045	-1061.542969
4560.907528	-361.192261	36.703682	-1077.264771
4560.910861	-343.424896	42.314438	-1090.940918
4560.914198	-325.540619	47.165401	-1105.143188
4560.917532	-306.253662	52.425480	-1117.942749
4560.920865	-286.849792	57.276447	-1129.047241
4560.924212	-267.036804	62.536526	-1140.327271
4560.927528	-246.580963	67.270599	-1150.672119
4560.931776	-204.208069	77.440094	-1166.919922
4560.935131	-182.700180	81.940392	-1173.407349
4560.938463	-159.906479	86.966690	-1179.777954
4560.941708	-138.047928	91.350090	-1184.570435
4560.945043	-115.663353	95.616600	-1188.135620
4560.947949	-92.752777	101.227356	-1189.888916
4560.951286	-70.075974	105.844536	-1191.057861
4560.954637	-46.639393	110.929283	-1190.823975
4560.957955	-24.254822	115.488014	-1190.122681
4560.961299	-0.526008	121.098770	-1188.018677
4560.964191	21.800117	125.774399	-1184.102783
4560.967533	43.775570	130.333130	-1179.544189
4560.970850	66.861488	135.827011	-1172.939819
4560.974187	88.194038	140.970200	-1166.218506
4560.977546	110.461723	145.236710	-1158.328491
4560.980854	131.560486	149.737000	-1149.035645
4560.984188	152.776154	154.587967	-1138.690796
4560.987527	172.998245	158.912918	-1127.410889
4560.990859	193.103439	162.828751	-1115.663330
4560.994190	212.273529	167.445938	-1104.091187
4560.997515	230.508469	171.887787	-1089.947388
4561.000853	249.152542	175.219162	-1075.569824
4561.004183	267.095245	178.784332	-1061.016968
4561.007520	284.453522	182.524841	-1044.593750
4561.010865	301.052032	184.921097	-1028.696655
4561.014187	316.481598	187.901810	-1012.215027
4561.017519	331.735840	190.648743	-995.733459
4561.020854	346.580963	193.278793	-977.849182
4561.024179	361.133850	193.921692	-960.607788
4561.027517	373.465790	195.908813	-943.191162
4561.030848	386.323792	197.311508	-925.189941
4561.034180	398.480408	198.071304	-906.253601
4561.037511	409.468140	198.188202	-887.492676
4561.041884	429.514893	199.181763	-849.620178
4561.045040	438.340149	199.181763	-831.502075
4561.048365	447.340729	198.012848	-812.390442
4561.051695	454.821716	197.486847	-794.038574
4561.055064	462.302734	196.610168	-775.043823
4561.057933	468.381073	195.149048	-756.516663
4561.061296	474.985413	194.272354	-737.755676
4561.064627	481.063690	193.103439	-720.280579
4561.067958	486.323792	191.934540	-702.337830
4561.071271	490.181152	190.356522	-684.979553
4561.074187	493.512573	189.246063	-666.686157
4561.077507	496.668640	187.434250	-649.327881
4561.080842	498.655762	186.148453	-632.554077
4561.084202	500.759796	184.570435	-615.195801
4561.087514	502.630035	182.758621	-597.954407
4561.090844	503.506714	181.589706	-582.057312
4561.094178	503.798950	179.894791	-565.926392
4561.097515	504.266510	178.141434	-550.672119
4561.100841	503.798950	176.855637	-534.716553
4561.104174	503.565155	175.043839	-519.754578
4561.107512	502.746918	173.816483	-504.266510
4561.110838	501.285797	172.180008	-489.713623
4561.114179	499.590881	171.128006	-474.167145
4561.117511	497.662170	169.433075	-459.146698
4561.120873	495.441254	167.913498	-446.347198
4561.124176	493.746338	166.335480	-431.852722
4561.127506	490.999420	165.225021	-418.644043
4561.130835	487.843384	163.647003	-404.675629
4561.134193	484.862671	162.770309	-393.395691
4561.137516	482.057281	161.250732	-379.661011
4561.140837	479.953247	160.315613	-368.088837
4561.144174	474.400940	158.854477	-355.639984
4561.147506	470.601990	156.575104	-344.593811
4561.150839	467.212158	155.289307	-332.320282
4561.155464	459.964935	152.016373	-310.753937
4561.158419	456.575104	150.087662	-300.175323
4561.161727	451.957947	148.334320	-290.005859
4561.165137	448.801849	146.464066	-280.362366
4561.168422	444.243134	144.418472	-271.069550
4561.171298	440.151978	142.197556	-261.309174
4561.174600	435.710083	140.794861	-253.126831
4561.177926	431.735840	138.749268	-243.483353
4561.181265	427.819977	136.820572	-236.119217
4561.184168	423.728790	134.658096	-227.235535
4561.187502	420.572754	132.963181	-219.228531
4561.190836	415.721802	130.859146	-211.922867
4561.194167	411.630615	129.222687	-204.149628
4561.197502	407.597870	127.177086	-197.486847
4561.200829	404.149628	125.189949	-189.655167
4561.204163	400.000000	123.553482	-183.693741
4561.207520	395.967255	121.741676	-176.504974
4561.210835	392.226776	118.994736	-171.537109
4561.214168	387.901794	117.475166	-164.465225
4561.217500	383.985962	116.130913	-158.971359
4561.220833	380.596130	114.319107	-153.594391
4561.224165	376.621857	112.741089	-148.334320
4561.227518	372.939789	111.572182	-143.308014
4561.230828	369.257751	110.227943	-138.457047
4561.234162	365.517242	108.416130	-133.196960
4561.237501	362.478088	107.013443	-128.053772
4561.240822	358.971344	106.136765	-124.430153
4561.244157	354.471069	104.909409	-119.111633
4561.247498	351.022797	103.857399	-114.552895
4561.250864	347.808289	102.688492	-111.046173
4561.254162	344.301575	101.344238	-107.188774
4561.257496	340.794861	100.584457	-104.324959
4561.260823	337.054352	99.941551	-99.590881
4561.264160	334.307434	98.714203	-95.850380
4561.268369	327.644653	97.194626	-89.129166
4561.271755	324.780823	96.025719	-85.330215
4561.275082	321.040314	95.441261	-81.765053
4561.278425	318.351837	94.330803	-79.485680
4561.281675	315.020477	93.687904	-76.212738
4561.284583	312.507294	93.220345	-72.822914
4561.287908	309.175934	91.876099	-70.309761
4561.291251	306.955017	90.765633	-67.738167
4561.294605	303.857391	90.356514	-64.932785
4561.297488	300.701355	89.362946	-62.536526
4561.300826	297.895966	88.603157	-59.731148
4561.304157	295.791931	87.960258	-57.451786
4561.307494	293.220337	86.908241	-54.880188
4561.310820	291.174744	85.856224	-52.951492
4561.314155	288.603149	85.037987	-50.438339
4561.317482	286.616028	84.044418	-48.217415
4561.320828	284.453522	83.167740	-46.405609
4561.324179	282.407959	82.933960	-44.360023
4561.327491	279.836334	81.239037	-42.782001
4561.330822	277.732330	81.005257	-41.496201
4561.334157	276.446533	79.894798	-39.099941
4561.337497	274.108734	79.544128	-37.463470
4561.340814	272.530670	78.667442	-36.119228
4561.344152	270.718872	77.732315	-33.664524
4561.347491	269.023956	77.206314	-32.203392
4561.350815	267.738190	76.504967	-30.976036
4561.354152	265.867920	75.686737	-30.391582
4561.357486	265.225006	75.511398	-28.462887
4561.360819	263.237885	74.400940	-26.767973
4561.364149	261.367645	74.342491	-26.592636
4561.367502	260.081818	73.758034	-25.832848
4561.370812	259.380493	73.173584	-24.956165
4561.374148	258.328461	72.647568	-23.611923
4561.378414	256.049072	71.712448	-22.559906
4561.381741	254.295731	71.595558	-21.215664
4561.384999	254.003494	71.069550	-20.338982
4561.388329	252.776154	70.777321	-19.871420
4561.391674	252.133255	70.718880	-18.936295
4561.394568	251.198120	70.894211	-18.644068
4561.397919	250.379898	70.251312	-18.527178
4561.401264	249.327881	70.309761	-17.358271
4561.404617	248.275848	69.842194	-16.364700
4561.407919	247.574524	69.959084	-16.072474
4561.410844	246.990067	69.783752	-15.195791
4561.414144	246.230270	69.959084	-15.020455
4561.417481	245.587372	69.900642	-14.143775
4561.420810	245.470474	69.783752	-14.143775
4561.424145	244.535355	69.842194	-12.916424
4561.427475	244.067795	69.433083	-13.793103
4561.430814	243.483353	69.257744	-13.091760
4561.434149	243.366455	69.316193	-13.383986
4561.437477	242.723557	68.731735	-12.448860
4561.440827	242.723557	69.199303	-12.448860
4561.444147	241.963776	68.497955	-11.630626
4561.447475	241.905304	67.855057	-10.753945
4561.450809	241.905304	68.030396	-11.864407
4561.454141	241.379303	68.322617	-11.221508
4561.457473	241.613098	68.439507	-11.513735
4561.460808	241.963776	68.381065	-11.455289
4561.464138	241.320877	68.264175	-11.104617
4561.467473	241.262405	68.030396	-11.922852
4561.470811	241.379303	67.971947	-10.753945
4561.474135	241.788437	67.270599	-10.403274
4561.477472	241.963776	67.562828	-10.461719
4561.480813	241.554642	67.504379	-11.922852
4561.484167	242.665100	67.855057	-12.215078
4561.488763	243.249557	67.504379	-12.565751
4561.491657	243.950912	67.153709	-12.156633
4561.495009	244.593811	67.329048	-13.851549
4561.498345	245.762711	67.329048	-13.267096
4561.501739	245.587372	67.738167	-14.143775
4561.505049	246.288727	67.270599	-14.319112
4561.507902	247.106964	67.679718	-13.851549
4561.511221	248.158981	67.971947	-15.897136
4561.514584	248.977203	67.971947	-16.364700
4561.517901	250.146103	68.088837	-17.416716
4561.520840	251.315018	68.381065	-17.767387
4561.524134	252.074814	68.614845	-17.767387
4561.527465	253.126831	69.316193	-19.637638
4561.530797	254.061966	69.374634	-20.748100
4561.534129	254.997086	70.251312	-21.858562
4561.537470	256.224426	70.485100	-22.501461
4561.540805	257.042664	70.660431	-23.202805
4561.544134	258.153137	70.777321	-23.962595
4561.547465	259.380493	71.770897	-25.073057
4561.550803	260.783173	72.004677	-26.475746
4561.554134	262.127411	72.647568	-27.410872
4561.557464	263.413208	72.764465	-28.930450
4561.560802	263.997681	73.874924	-29.573349
4561.564168	266.218597	74.284050	-30.742254
4561.567461	267.855042	74.810051	-32.203392
4561.570806	269.140869	75.394508	-33.372299
4561.574139	270.660431	75.686737	-34.132088
4561.577462	271.712433	76.212738	-35.476330
4561.580798	273.465790	76.212738	-36.586792
4561.584131	275.336060	77.030975	-38.457043
4561.587466	277.147858	77.323204	-39.509056
4561.590795	278.842773	77.907654	-41.028641
4561.594129	281.005249	78.199883	-43.424900
4561.597462	283.401520	79.368790	-45.645821
4561.602149	286.908234	80.011688	-47.983635
4561.605068	288.544708	80.420807	-50.730568
4561.608418	290.999420	80.771477	-52.308590
4561.611645	293.278778	81.414375	-54.529510
4561.614978	295.850372	81.355927	-56.575100
4561.617887	298.305084	82.524841	-58.912914
4561.621217	300.935120	83.401520	-60.958504
4561.624544	303.857391	83.635300	-64.231445
4561.627887	306.545868	84.102859	-66.393921
4561.631240	308.883698	84.687317	-69.725304
4561.634124	311.338409	85.388657	-72.121567
4561.637459	314.085327	86.265343	-74.634720
4561.640797	316.423157	86.440674	-78.492111
4561.644130	319.929871	87.258911	-81.239037
4561.647461	322.618347	87.901810	-84.395096
4561.650809	325.423706	89.070717	-87.375801
4561.654121	328.170654	90.181175	-91.466980
4561.657455	331.852722	90.648743	-93.980125
4561.660787	334.599640	91.525421	-97.545296
4561.664125	337.288147	92.869667	-101.110458
4561.667448	341.203979	93.980125	-106.136765
4561.670785	344.418488	95.090591	-109.351257
4561.674117	347.457611	96.201050	-113.909996
4561.677454	350.438324	97.019287	-118.293396
4561.680784	354.120392	98.831093	-123.027466
4561.684120	358.036224	99.473991	-128.053772
4561.687451	361.484497	100.642899	-132.203384
4561.690783	364.932800	101.987144	-136.820572
4561.694122	367.738190	103.448273	-141.379303
4561.697448	371.595551	104.675629	-147.282288
4561.700789	375.452942	105.669197	-152.133255
4561.704119	378.959686	106.896553	-157.334885
4561.707473	381.940399	107.656334	-162.185852
4561.710787	386.382233	109.175919	-167.796616
4561.715388	393.746338	111.221504	-179.777908
4561.718310	397.545288	112.857971	-185.388657
4561.721634	401.753387	113.383987	-191.408539
4561.725020	405.493866	114.436005	-197.662186
4561.728315	409.526581	116.072479	-204.149628
4561.731227	413.442413	117.007599	-211.163071
4561.734566	416.598450	117.767380	-218.001175
4561.737967	421.391022	118.702522	-224.897720
4561.741203	425.540649	120.338989	-232.144958
4561.744549	429.631805	120.864990	-239.509064
4561.747448	433.138519	122.735237	-247.282288
4561.750782	437.346588	123.319695	-255.406189
4561.754111	441.320862	124.137924	-264.056122
4561.757447	444.886017	125.248398	-272.296906
4561.760782	449.386322	126.358856	-280.829926
4561.764112	453.126801	126.826416	-290.298096
4561.767455	457.276428	128.462891	-300.467560
4561.770776	460.724731	129.456467	-309.585052
4561.774105	464.172974	130.508469	-319.812958
4561.777444	467.796600	131.618942	-329.398010
4561.780777	471.829315	132.554062	-340.619507
4561.784109	475.394501	133.839859	-351.841034
4561.787441	480.187042	134.716537	-362.653412
4561.790776	483.226196	136.469894	-373.758026
4561.794168	486.966705	137.697250	-386.265350
4561.797470	489.596741	138.749268	-397.603760
4561.800772	492.226807	139.859741	-409.818848
4561.804103	495.441254	141.437759	-421.624817
4561.807443	497.837555	142.489761	-435.242554
4561.810792	499.766205	143.658676	-448.275848
4561.814106	502.863831	145.528931	-461.016937
4561.817441	504.558746	146.405609	-474.810089
4561.820773	506.545868	147.808304	-488.018707
4561.824107	507.831665	149.094086	-502.279388
4561.828307	510.461700	150.905914	-530.917603
4561.831644	511.630615	152.717712	-544.827576
4561.835035	512.448853	153.769714	-559.438965
4561.838359	512.331970	154.587967	-574.050293
4561.841261	512.916443	155.113968	-589.772095
4561.844532	512.331970	155.815308	-604.792480
4561.847862	512.098145	156.691986	-620.046753
4561.851193	510.987701	156.750443	-635.008789
4561.854565	509.877258	157.101105	-650.789001
4561.857435	507.773193	157.744019	-665.926392
4561.860763	506.604340	158.036224	-681.122131
4561.864102	504.441833	157.627121	-697.779053
4561.867435	501.987122	157.744019	-713.208618
4561.870771	499.415527	157.218002	-730.040955
4561.874097	496.317963	156.691986	-745.645813
4561.877429	492.635864	156.808884	-761.601379
4561.880766	488.661621	155.756866	-779.193420
4561.884121	484.102875	155.347748	-795.558167
4561.887432	478.492126	154.938644	-811.864380
4561.890763	472.413788	153.477509	-829.164246
4561.894096	466.218567	151.724136	-845.002930
4561.897430	459.848022	150.905914	-862.068970
4561.900764	452.542358	149.444763	-879.602539
4561.904102	445.061340	148.334320	-895.441223
4561.907430	437.112793	147.223846	-912.273499
4561.910758	428.638214	144.944473	-928.872009
4561.914100	420.105225	143.366455	-944.301636
4561.917435	409.935699	142.197556	-960.724731
4561.920765	399.357117	140.385742	-976.095886
4561.924098	388.486267	138.281708	-991.525452
4561.927446	377.206299	136.411453	-1006.779663
4561.930759	366.160126	134.365875	-1021.975403
4561.934097	352.659271	132.028061	-1036.294556
4561.938295	326.709534	128.346008	-1064.465210
4561.941701	312.682648	126.066628	-1077.323242
4561.945031	298.188171	124.137924	-1090.999390
4561.948348	283.050842	121.917007	-1103.506714
4561.951624	267.796600	118.644073	-1115.312622
4561.954510	251.957916	116.189362	-1126.358887
4561.957853	236.762115	113.617767	-1136.177612
4561.961178	220.631226	110.870834	-1147.282349
4561.964517	203.915833	108.007011	-1155.990723
4561.967420	186.791351	105.026306	-1163.880737
4561.970771	170.192871	101.870255	-1172.413818
4561.974093	152.717712	98.597313	-1179.836426
4561.977422	134.950317	95.032143	-1186.148437
4561.980759	116.598473	91.759201	-1192.811157
4561.984084	99.415550	88.077148	-1197.603760
4561.987422	81.531265	84.745766	-1201.402710
4561.990815	63.997662	80.479256	-1205.786133
4561.994090	46.171829	76.797195	-1209.818848
4561.997418	28.345997	72.238457	-1212.507324
4562.000752	10.520164	68.381065	-1214.319092
4562.004091	-8.123904	63.471649	-1215.254150
4562.007453	-26.125072	58.679134	-1215.780273
4562.010753	-43.775570	53.945057	-1216.715332
4562.014092	-60.958504	49.620102	-1215.780273
4562.017418	-78.433662	45.587376	-1215.312622
4562.020754	-96.084160	40.561073	-1213.091797
4562.024087	-113.267097	35.885448	-1210.812378
4562.027423	-130.683823	31.034481	-1207.656372
4562.030752	-148.042084	26.475746	-1203.156128
4562.034080	-164.932785	22.267679	-1198.947998
4562.037413	-181.998840	17.592052	-1193.804810
4562.040750	-198.538864	13.442431	-1188.544800
4562.044081	-215.254242	9.175920	-1181.531250
4562.048344	-246.230270	-1.227352	-1167.095337
4562.051696	-261.309174	-5.376973	-1158.445312
4562.054927	-276.797211	-9.585038	-1149.386353
4562.058270	-292.168335	-13.442431	-1140.385742
4562.061596	-306.721222	-16.832262	-1129.456421
4562.064502	-320.923462	-20.981882	-1119.696045
4562.067840	-335.184082	-24.839275	-1108.708374
4562.071197	-347.925171	-28.345997	-1097.077759
4562.074529	-361.367645	-31.794271	-1085.330200
4562.077415	-374.108734	-34.658096	-1072.939819
4562.080749	-385.739319	-37.755699	-1060.490845
4562.084077	-397.545288	-40.736408	-1048.568115
4562.087415	-408.591461	-43.834015	-1035.593262
4562.090746	-419.520752	-46.697838	-1021.566284
4562.094108	-429.164215	-48.860313	-1008.007080
4562.097412	-438.515472	-51.607246	-995.675110
4562.100746	-447.632996	-53.535946	-982.174194
4562.104077	-456.107513	-56.165989	-968.264221
4562.107413	-464.699036	-58.445351	-955.172424
4562.110737	-472.296906	-61.075394	-941.320923
4562.114079	-480.537689	-63.237869	-927.586182
4562.117405	-487.142029	-65.984802	-914.026917
4562.120741	-493.629456	-67.855057	-900.116943
4562.124075	-499.532410	-69.900642	-885.973083
4562.127405	-504.675629	-71.595558	-872.472168
4562.130740	-510.169495	-73.758034	-859.614258
4562.134077	-514.962036	-75.569847	-845.937988
4562.137427	-519.053162	-77.089424	-832.729431
4562.140736	-522.618347	-78.141441	-819.345398
4562.144073	-526.767944	-80.303917	-806.662720
4562.147409	-530.216248	-81.940392	-793.512573
4562.150736	-532.904724	-83.752190	-780.011719
4562.154065	-536.236084	-84.745766	-767.562805
4562.158284	-541.320862	-88.252487	-741.203979
4562.161596	-543.308044	-89.070717	-729.514893
4562.164921	-545.938049	-89.772064	-715.604919
4562.168279	-546.697876	-91.876099	-703.798950
4562.171600	-547.925171	-92.635887	-692.402100
4562.174514	-549.561646	-93.980125	-679.018127
4562.177851	-550.847412	-94.973701	-666.978333
4562.181210	-551.607239	-95.558151	-653.594421
4562.184542	-551.841003	-96.259499	-642.548218
4562.187401	-552.951477	-96.785507	-629.514893
4562.190738	-552.951477	-97.311516	-617.358276
4562.194064	-552.542358	-97.545296	-606.370544
4562.197402	-552.483948	-98.538864	-593.570984
4562.200738	-551.899475	-98.421974	-582.524841
4562.204068	-551.431885	-98.305084	-571.127991
4562.207395	-551.081238	-99.064873	-560.198730
4562.210736	-550.263000	-98.831093	-549.444763
4562.214062	-549.970764	-98.831093	-538.924622
4562.217394	-548.275879	-98.655754	-528.287537
4562.220737	-547.574524	-98.538864	-517.825867
4562.224081	-545.470459	-98.772644	-508.123932
4562.227401	-544.360046	-98.655754	-498.363556
4562.230736	-542.665100	-98.421974	-489.246033
4562.234063	-541.145508	-98.246643	-479.251923
4562.237397	-539.742859	-98.538864	-469.900665
4562.240724	-537.346619	-97.779076	-461.016937
4562.244059	-535.768555	-97.253067	-452.951477
4562.247452	-534.365845	-97.545296	-444.301544
4562.250739	-531.794250	-97.603737	-436.528351
4562.254065	-530.508484	-96.960846	-428.696686
4562.257395	-528.229065	-96.785507	-420.455872
4562.260727	-526.008179	-96.843948	-413.091766
4562.264066	-524.780823	-96.376389	-406.662750
4562.268276	-520.455872	-95.850380	-392.635895
4562.271573	-518.527161	-95.908829	-385.739319
4562.274932	-516.306274	-95.558151	-379.076538
4562.278262	-514.494446	-95.265923	-373.524261
4562.281646	-512.098145	-95.149033	-367.504395
4562.284501	-510.052582	-94.798363	-360.958496
4562.287867	-507.714783	-95.149033	-355.698425
4562.291145	-506.019867	-94.330803	-350.730560
4562.294484	-503.740509	-93.746346	-344.827576
4562.297391	-501.928711	-94.330803	-339.742859
4562.300728	-499.415527	-94.038574	-334.716522
4562.304052	-497.603760	-93.746346	-329.748688
4562.307392	-495.908844	-93.804794	-324.079498
4562.310757	-493.512573	-93.337234	-318.819397
4562.314060	-491.291656	-93.454124	-314.786682
4562.317389	-489.070709	-93.045006	-309.760376
4562.320720	-487.317383	-92.518997	-304.850952
4562.324050	-484.862671	-91.759201	-299.415527
4562.327391	-483.226196	-92.577438	-294.330811
4562.330720	-482.057281	-91.817650	-290.298096
4562.334055	-479.836365	-91.817650	-286.908234
4562.337383	-477.206329	-91.291641	-282.232605
4562.340725	-475.043823	-90.999420	-277.790771
4562.344070	-472.939819	-90.648743	-273.524261
4562.347384	-471.537109	-90.356514	-269.433075
4562.350723	-469.374664	-89.772064	-266.627686
4562.354077	-467.796600	-89.596725	-262.711853
4562.357383	-465.867889	-88.661598	-258.796021
4562.360721	-464.523651	-88.603157	-255.815308
4562.364049	-462.069000	-87.901810	-252.483917
4562.367381	-460.432495	-87.551140	-249.327881
4562.370720	-458.912903	-86.908241	-246.756287
4562.374046	-457.334900	-86.732903	-243.950912
4562.378740	-455.113983	-85.856224	-239.333725
4562.381590	-454.061951	-85.447105	-236.294556
4562.384990	-452.308594	-85.680893	-234.541199
4562.388358	-451.315033	-84.687317	-232.028061
4562.391645	-450.204559	-84.219757	-229.924011
4562.394474	-448.860321	-84.044418	-227.703094
4562.397842	-447.925171	-83.927528	-225.774414
4562.401138	-446.230255	-84.395096	-223.553467
4562.404471	-445.353607	-83.869080	-222.618347
4562.407807	-445.178284	-83.518410	-221.215652
4562.410708	-444.126221	-83.985970	-219.871429
4562.414042	-443.483337	-83.576859	-218.819397
4562.417374	-442.489777	-83.693748	-218.234940
4562.420708	-441.437775	-83.459969	-216.540024
4562.424043	-441.554626	-83.518410	-215.195801
4562.427399	-440.561066	-83.401520	-214.319107
4562.430710	-440.210388	-83.576859	-214.260681
4562.434091	-439.099945	-83.518410	-213.267090
4562.437385	-439.509064	-83.109299	-211.572174
4562.440719	-438.223267	-83.226189	-211.805969
4562.444042	-438.106384	-83.109299	-211.396835
4562.447380	-437.112793	-83.752190	-210.344833
4562.450714	-436.586823	-83.050850	-209.585052
4562.454044	-436.353027	-83.167740	-208.533020
4562.457378	-435.534760	-83.752190	-208.007004
4562.460714	-435.710083	-83.343079	-207.714798
4562.464039	-435.885437	-82.875511	-207.890137
4562.467374	-435.534760	-82.992401	-207.364105
4562.470707	-435.242554	-82.875511	-206.428986
4562.474044	-435.359436	-82.758621	-205.786087
4562.477376	-435.067230	-82.758621	-206.195206
4562.480706	-434.774963	-82.407951	-205.844543
4562.484045	-434.658112	-81.881943	-205.318527
4562.487373	-434.541229	-81.472816	-204.850952
4562.491631	-435.359436	-81.706604	-205.376984
4562.494969	-435.417877	-81.531265	-205.493851
4562.498267	-435.067230	-81.589714	-206.312103
4562.501555	-435.417877	-81.706604	-206.370544
4562.504888	-435.593231	-80.946815	-206.779663
4562.507810	-436.353027	-80.654587	-207.130341
4562.511120	-437.229675	-80.654587	-208.240799
4562.514458	-437.580353	-81.180595	-209.175919
4562.517814	-438.047943	-80.888367	-210.111053
4562.520700	-438.164795	-80.596146	-211.630630
4562.524038	-439.333740	-79.777908	-212.799530
4562.527376	-440.093506	-80.245468	-214.085342
4562.530706	-440.327301	-80.479256	-215.721802
4562.534063	-441.262451	-80.011688	-217.124481
4562.537366	-441.846893	-80.596146	-218.234940
4562.540697	-443.366425	-81.239037	-220.105194
4562.544036	-444.827606	-80.537697	-221.800110
4562.547365	-445.762726	-81.122147	-224.722382
4562.550699	-447.048523	-81.180595	-226.592636
4562.554031	-448.100525	-81.063705	-228.696686
4562.557398	-449.327911	-80.888367	-230.976028
4562.560698	-450.496765	-81.472816	-233.196945
4562.564028	-451.490356	-81.823502	-236.119217
4562.567365	-452.776154	-82.232613	-237.697250
4562.570712	-454.237274	-81.531265	-240.502625
4562.574027	-455.990662	-82.174171	-242.723557
4562.577366	-457.276428	-82.291061	-245.938034
4562.580701	-458.854492	-82.817062	-248.100525
4562.584029	-459.497345	-82.758621	-250.789017
4562.587367	-461.192261	-83.810638	-253.477509
4562.590699	-463.296326	-83.693748	-255.873749
4562.594026	-464.465240	-83.869080	-259.205139
4562.597363	-465.867889	-83.459969	-262.653412
4562.601620	-468.322601	-83.401520	-268.614838
4562.604873	-470.894196	-83.576859	-271.303314
4562.608199	-472.822906	-83.693748	-275.043854
4562.611538	-474.284027	-83.752190	-278.316772
4562.614898	-475.336060	-83.576859	-282.232605
4562.617806	-477.147858	-84.102859	-285.447083
4562.621139	-479.953247	-83.576859	-289.246063
4562.624477	-482.174164	-83.693748	-292.168335
4562.627811	-483.635284	-83.693748	-296.434845
4562.631153	-485.271790	-83.869080	-300.584473
4562.634028	-487.375793	-83.635300	-304.909424
4562.637360	-489.246033	-83.226189	-309.701904
4562.640688	-491.467010	-83.109299	-313.617767
4562.644040	-493.161926	-83.167740	-318.293396
4562.647352	-495.265900	-83.167740	-323.495026
4562.650693	-497.720612	-83.226189	-328.229126
4562.654022	-499.824677	-83.226189	-333.313843
4562.657355	-501.285797	-83.576859	-337.405029
4562.660690	-503.448303	-83.284630	-344.301575
4562.664021	-505.435425	-82.817062	-350.087677
4562.667350	-507.481018	-83.109299	-355.581512
4562.670682	-509.760376	-82.524841	-362.419617
4562.674032	-511.513763	-82.992401	-368.556396
4562.677355	-513.500854	-82.992401	-374.400940
4562.680683	-515.604919	-82.524841	-381.706604
4562.684068	-517.241394	-83.109299	-388.018707
4562.687351	-519.929871	-82.758621	-394.330811
4562.690685	-521.332520	-82.466393	-401.636444
4562.694021	-523.670410	-83.050850	-408.942139
4562.697349	-525.949707	-82.992401	-416.540039
4562.700688	-527.761536	-82.641731	-424.780853
4562.704020	-529.514893	-82.583282	-432.320251
4562.707349	-531.151367	-82.875511	-439.275269
4562.710682	-533.080078	-82.174171	-447.223846
4562.714859	-535.885437	-82.641731	-463.296326
4562.718241	-537.755676	-82.407951	-470.543518
4562.721620	-539.918213	-82.933960	-479.894775
4562.724938	-541.729980	-81.706604	-488.778503
4562.727801	-543.366455	-82.057281	-498.012878
4562.731124	-544.827576	-81.297485	-506.019867
4562.734437	-545.528931	-80.479256	-515.078857
4562.737772	-547.808289	-80.713036	-523.319702
4562.741111	-548.860291	-80.245468	-532.729370
4562.744015	-549.912292	-79.135010	-542.372925
4562.747342	-550.379883	-78.901222	-551.081238
4562.750683	-551.490356	-78.199883	-560.783142
4562.754009	-552.133301	-77.673874	-569.842224
4562.757350	-552.659302	-76.329628	-579.661011
4562.760683	-553.419067	-75.862068	-589.947388
4562.764014	-553.711243	-74.459381	-600.175354
4562.767347	-553.886597	-73.524254	-609.292786
4562.770676	-554.120422	-72.647568	-619.286987
4562.774008	-554.412598	-71.303329	-630.040955
4562.777347	-554.061951	-69.666862	-640.502625
4562.780670	-554.061951	-68.556396	-651.724121
4562.784077	-553.243713	-68.030396	-663.062500
4562.787350	-552.717712	-66.452370	-674.342468
4562.790671	-551.899475	-65.166565	-685.271790
4562.794011	-550.789001	-63.939220	-696.902405
4562.797379	-549.503235	-62.594975	-707.948608
4562.800677	-548.158997	-60.841614	-719.696106
4562.804018	-546.171814	-59.029804	-731.502075
4562.807343	-544.301575	-57.510227	-743.483337
4562.810671	-541.554626	-56.165989	-755.230835
4562.814004	-539.918213	-54.529510	-767.679749
4562.817340	-536.469910	-52.659260	-780.946838
4562.820676	-533.021667	-50.613678	-792.285217
4562.825373	-526.651123	-47.399181	-817.182922
4562.828276	-523.495056	-45.119812	-829.690247
4562.831642	-519.286987	-43.191116	-842.022217
4562.834867	-514.845154	-41.203976	-854.938599
4562.838185	-511.279968	-38.983051	-866.919922
4562.841138	-505.552307	-36.995907	-878.784363
4562.844428	-500.584473	-34.658096	-891.876099
4562.847759	-494.681458	-32.261837	-904.208069
4562.851099	-489.538300	-30.683809	-916.247864
4562.854452	-483.401550	-27.469316	-927.118652
4562.857333	-476.738739	-25.306839	-938.807678
4562.860665	-469.608398	-22.793688	-951.081299
4562.864002	-462.770325	-19.988310	-961.893677
4562.867359	-455.581512	-17.358271	-973.173645
4562.870697	-447.983643	-14.845119	-984.628845
4562.874004	-440.736389	-11.747516	-995.908813
4562.877330	-432.904724	-8.357686	-1006.253601
4562.880670	-423.728790	-4.675628	-1017.416687
4562.884005	-414.611328	-2.045588	-1027.761597
4562.887332	-406.136749	1.870251	-1037.931030
4562.890660	-396.727051	5.260082	-1047.399170
4562.893996	-387.551147	8.766803	-1057.685547
4562.897328	-378.199890	12.448860	-1067.328979
4562.900656	-367.796600	15.897136	-1076.797241
4562.903998	-357.510223	18.936295	-1084.921021
4562.907325	-346.580963	22.852133	-1094.097046
4562.910663	-335.943878	26.826418	-1101.987183
4562.914014	-325.131500	30.157801	-1110.228027
4562.917323	-312.974854	33.664524	-1117.124512
4562.920661	-301.461121	37.755699	-1125.774414
4562.923991	-289.655151	41.496201	-1132.846313
4562.927326	-277.323212	44.944477	-1139.216797
4562.930656	-265.049683	48.860313	-1146.054932
4562.933992	-252.133255	52.834599	-1152.308594
4562.938600	-226.241974	60.198711	-1163.120972
4562.941507	-212.624191	63.880772	-1168.497925
4562.944907	-198.831100	67.621269	-1172.355347
4562.948206	-185.154877	71.595558	-1176.505005
4562.951535	-170.426651	74.576271	-1180.888428
4562.954435	-155.756866	78.725891	-1184.453613
4562.957783	-141.671539	81.765053	-1186.557617
4562.961091	-126.767967	85.797783	-1189.304565
4562.964417	-112.039742	89.362946	-1191.817627
4562.967756	-97.369957	92.460548	-1193.220337
4562.970655	-82.057281	96.434830	-1193.103394
4562.973992	-67.504379	98.947983	-1195.324341
4562.977331	-52.893044	102.279366	-1194.739868
4562.980658	-38.047924	105.727646	-1194.856812
4562.983993	-23.144360	108.883690	-1193.804810
4562.987316	-8.240795	112.098190	-1192.285278
4562.990656	6.896552	115.838692	-1190.298096
4562.993984	21.741673	118.410286	-1187.843262
4562.997323	35.476330	121.741676	-1186.440674
4563.000659	50.087666	125.248398	-1182.641724
4563.003987	64.114555	127.878441	-1179.018066
4563.007321	77.966103	130.742249	-1175.628296
4563.010656	90.999420	133.781403	-1170.718872
4563.013983	104.909409	136.469894	-1166.393921
4563.017360	118.351837	139.333725	-1161.250732
4563.020653	132.144943	141.437759	-1155.114014
4563.023987	145.353592	144.301575	-1150.029175
4563.027318	157.744019	146.464066	-1143.132690
4563.030647	170.251312	149.795441	-1136.820557
4563.033986	183.167740	152.074814	-1130.216187
4563.037320	194.564575	154.237289	-1123.611938
4563.040648	206.896545	156.341324	-1115.137329
4563.044012	218.410278	157.977798	-1108.474487
4563.048651	241.320877	162.361191	-1092.752686
4563.051521	252.191711	164.172989	-1083.810669
4563.054940	262.770325	166.218597	-1075.160645
4563.058242	273.465790	167.971939	-1066.978394
4563.061578	283.985962	169.666870	-1056.925781
4563.064828	294.447693	170.952652	-1047.516113
4563.067744	304.792511	172.238464	-1037.229736
4563.071067	314.786682	174.050262	-1028.404419
4563.074427	324.956146	174.810059	-1017.475098
4563.077739	333.839874	176.095856	-1008.182312
4563.080643	343.132660	177.615433	-997.662170
4563.083979	351.490356	177.907654	-987.083557
4563.087322	360.607849	178.842789	-976.095886
4563.090643	369.199310	179.544128	-964.932800
4563.093977	376.680298	180.713028	-954.471130
4563.097312	384.921112	181.180603	-943.892456
4563.100640	392.518982	181.823486	-933.313843
4563.103978	399.941559	182.232620	-921.916992
4563.107311	407.188782	182.875519	-910.637085
4563.110645	413.617767	183.869095	-900.292236
4563.113979	420.280548	184.044418	-887.609558
4563.117342	426.475769	184.511978	-877.615479
4563.120638	432.144928	184.395081	-865.867920
4563.123974	437.872589	184.161301	-854.529480
4563.127310	442.372894	184.336655	-844.126221
4563.130654	447.223846	185.037994	-832.729431
4563.133981	451.899475	184.745758	-821.683228
4563.137307	456.399780	184.570435	-810.344788
4563.140644	459.789612	184.161301	-799.824646
4563.143971	464.231445	183.985977	-788.953857
4563.147304	467.796600	183.985977	-779.427246
4563.150640	471.011108	183.810638	-768.731750
4563.153973	474.400940	183.635300	-758.328491
4563.157303	477.849182	183.752197	-749.035645
4563.161569	483.635284	182.817062	-728.579773
4563.164906	485.856262	182.641739	-719.228516
4563.168161	488.135590	182.524841	-709.643494
4563.171484	489.830505	181.823486	-699.064880
4563.174824	492.051422	181.823486	-690.298096
4563.177724	493.454132	181.355927	-680.479248
4563.181060	494.856781	181.063705	-670.309753
4563.184396	496.317963	180.128571	-662.127380
4563.187750	497.369965	179.836349	-652.133301
4563.191079	498.012878	179.485672	-642.957336
4563.193973	499.298676	179.135010	-633.489197
4563.197327	501.052002	178.492111	-624.956177
4563.200665	501.285797	177.907654	-616.481567
4563.203976	501.694916	177.206314	-606.896545
4563.207305	502.454712	175.745178	-598.655762
4563.210633	503.039185	175.569839	-589.246033
4563.213971	503.272949	175.686722	-581.180542
4563.217298	503.039185	174.810059	-573.407349
4563.220636	503.272949	174.225601	-563.997681
4563.223970	503.272949	173.465805	-555.932190
4563.227299	503.857361	172.530685	-547.808289
4563.230633	503.331360	171.653992	-539.567505
4563.233963	503.506714	170.894211	-530.917603
4563.237291	502.980713	169.783752	-523.728821
4563.240649	502.805389	168.965515	-515.721802
4563.243961	502.513184	168.790192	-508.591461
4563.247296	502.045593	167.855057	-501.227325
4563.250632	500.935120	166.861481	-494.272369
4563.253962	500.701324	166.101700	-487.551117
4563.257294	500.116882	165.108124	-480.479248
4563.260623	499.006409	164.289886	-473.173584
4563.263964	498.889526	163.763885	-467.153687
4563.267314	498.071289	162.361191	-460.198730
4563.271911	496.025696	160.783173	-448.509644
4563.274823	494.739929	160.666275	-441.788422
4563.278139	494.330780	159.731155	-436.820557
4563.281498	493.161926	159.438919	-431.560455
4563.284869	491.876068	158.796021	-425.131500
4563.287736	490.765625	157.510239	-420.689667
4563.291072	489.830505	156.808884	-414.962006
4563.294474	489.012299	156.633545	-409.935699
4563.297712	487.375793	155.523087	-405.201630
4563.301049	486.265320	155.055527	-401.052002
4563.303959	485.447113	154.646408	-395.791931
4563.307287	484.453522	153.945068	-390.414948
4563.310624	483.167755	153.711288	-386.265350
4563.313960	482.232605	152.893036	-382.057281
4563.317293	481.180573	152.191696	-378.725891
4563.320619	480.070129	151.607254	-373.874939
4563.323954	478.316772	151.081238	-369.666870
4563.327305	476.738739	150.438339	-366.627686
4563.330619	474.868500	150.087662	-362.244293
4563.333952	473.933350	148.918762	-358.971344
4563.337288	473.173584	148.743423	-355.055511
4563.340619	471.887787	147.983627	-351.373444
4563.343951	470.718872	146.931625	-347.516083
4563.347281	468.907074	147.165405	-343.717133
4563.350636	468.205750	146.230286	-340.327301
4563.353951	467.329041	145.412033	-337.580383
4563.357285	466.452362	145.119812	-334.891876
4563.360617	465.692566	144.418472	-330.976044
4563.363949	464.815918	143.950897	-327.527771
4563.367287	464.114563	142.957336	-324.196381
4563.370653	462.536530	142.372879	-321.741669
4563.373952	461.075409	142.139099	-318.877838
4563.377281	460.549408	141.671539	-315.546478
4563.380616	459.906494	140.970200	-313.500885
4563.384818	458.094696	140.210403	-307.890137
4563.388156	457.217987	139.333725	-305.084747
4563.391546	456.575104	138.924606	-302.980713
4563.394876	455.230865	138.690826	-300.584473
4563.398198	454.938660	138.457047	-298.831085
4563.401048	454.471069	138.281708	-296.025696
4563.404368	453.477478	138.047928	-293.921692
4563.407701	451.957947	137.346573	-292.928131
4563.411039	451.665680	136.586792	-291.116302
4563.413968	451.315033	136.703674	-289.421387
4563.417277	450.379883	136.528351	-287.843384
4563.420611	450.321442	136.177673	-286.382233
4563.423950	449.094116	135.417877	-284.979523
4563.427282	448.568115	135.710114	-284.278198
4563.430613	448.217438	135.242538	-282.641724
4563.433947	447.808319	135.008759	-282.232605
4563.437278	446.990051	135.300995	-281.355927
4563.440610	446.931610	134.482758	-281.122162
4563.443966	446.522522	134.891876	-280.420807
4563.447290	445.938049	134.015198	-279.485687
4563.450616	445.762726	134.599655	-278.608978
4563.453945	445.353607	133.781403	-277.089417
4563.457281	445.470490	133.722977	-277.089417
4563.460607	445.236694	133.664520	-277.381653
4563.463943	444.827606	133.722977	-276.797211
4563.467276	444.769135	133.489197	-276.388062
4563.470607	445.178284	133.196960	-276.329651
4563.473936	444.886017	133.313843	-276.388062
4563.477269	444.827606	133.547623	-275.978973
4563.480605	445.353607	133.547623	-275.511414
4563.483939	444.476898	133.313843	-275.452942
4563.487278	444.418488	133.547623	-274.400940
4563.490605	445.119812	132.846283	-274.400940
4563.495285	444.535339	132.729401	-274.868500
4563.498204	445.061340	132.963181	-274.751617
4563.501527	444.652283	132.495621	-275.628296
4563.504781	445.470490	132.320282	-275.978973
4563.508121	445.061340	132.612503	-276.037415
4563.511037	445.236694	132.612503	-275.978973
4563.514361	445.295135	132.787842	-276.563416
4563.517711	446.697845	132.378723	-276.797211
4563.521033	446.288727	132.495621	-277.673859
4563.524385	446.931610	132.787842	-278.316772
4563.527267	447.223846	132.378723	-279.661011
4563.530604	447.632996	132.729401	-280.596130
4563.533934	448.100525	132.963181	-281.531250
4563.537297	448.860321	132.612503	-282.115723
4563.540606	448.977173	132.612503	-283.167755
4563.543935	449.912323	132.963181	-285.096436
4563.547267	449.912323	133.138519	-285.914673
4563.550599	450.555237	133.372299	-287.258911
4563.553929	451.548828	133.664520	-289.304504
4563.557263	452.074829	133.489197	-291.057861
4563.560614	452.893066	134.190536	-292.518982
4563.563928	453.068390	134.132080	-294.330811
4563.567266	454.354187	134.599655	-297.545288
4563.570598	455.464661	135.242538	-299.357117
4563.573935	455.464661	135.125656	-301.402679
4563.577260	456.165985	135.300995	-304.149628
4563.580597	456.984222	135.417877	-306.195221
4563.583929	458.153107	135.768555	-308.591461
4563.587261	458.971344	136.469894	-311.396851
4563.590600	459.380493	136.645233	-313.793121
4563.593924	460.900055	136.820572	-316.189362
4563.597279	461.016937	136.995911	-319.228516
4563.600603	462.887207	137.872589	-321.858582
4563.605206	464.874359	138.106369	-327.352417
4563.608114	465.634155	138.457047	-329.748688
4563.611437	466.335480	138.749268	-333.489166
4563.614805	468.030396	139.333725	-336.469910
4563.618141	469.082397	139.625961	-339.918182
4563.621059	469.959076	139.801285	-342.548218
4563.624372	470.952667	140.444183	-345.236694
4563.627712	472.004639	140.268845	-348.275848
4563.631009	472.822906	140.619522	-352.542389
4563.634368	474.400940	141.203979	-355.698425
4563.637255	475.102295	140.970200	-359.322021
4563.640621	477.732330	141.729980	-362.361206
4563.643921	478.550568	141.846878	-366.627686
4563.647255	480.187042	142.255981	-370.718872
4563.650590	481.005249	142.372879	-374.050262
4563.653926	481.765045	142.957336	-377.966095
4563.657255	482.700165	143.191116	-382.057281
4563.660588	484.453522	143.658676	-385.563995
4563.663920	485.797791	143.950897	-390.473419
4563.667254	486.499115	144.535370	-394.447693
4563.670602	487.901825	145.061356	-399.298645
4563.673920	488.661621	145.412033	-403.565155
4563.677248	489.888947	145.996506	-408.240784
4563.680590	490.648743	146.405609	-413.267090
4563.683938	491.817657	146.756287	-418.819427
4563.687256	493.395660	147.574524	-423.962585
4563.690585	494.272369	148.275864	-429.222687
4563.693920	495.207489	148.042084	-434.482758
4563.697252	496.668640	148.801880	-439.742859
4563.700580	497.428406	149.678558	-445.938049
4563.703917	498.831085	150.379898	-451.665680
4563.707253	499.473999	150.263000	-457.568695
4563.710585	500.584473	150.730560	-463.588531
4563.713938	501.578033	150.672119	-470.134399
4563.718584	502.980713	152.483932	-483.401550
4563.721456	503.857361	152.893036	-490.181152
4563.724846	504.850952	152.893036	-497.077759
4563.728179	505.435425	154.120392	-504.149628
4563.731427	505.260071	154.295731	-510.812378
4563.734346	506.370544	154.354172	-517.650513
4563.737674	507.130341	154.821747	-523.787231
4563.741003	507.948578	155.347748	-531.268250
4563.744329	507.831665	155.873764	-538.223267
4563.747664	508.299255	155.990646	-544.827576
4563.750578	508.123932	156.399765	-552.191711
4563.753915	508.708344	156.575104	-559.497375
4563.757262	509.117462	157.101105	-566.978333
4563.760580	509.643494	157.218002	-574.167175
4563.763914	508.883728	157.510239	-582.466431
4563.767243	509.234375	158.036224	-589.421387
4563.770602	509.117462	157.919342	-597.837524
4563.773906	508.766785	158.270020	-605.727600
4563.777245	509.117462	158.153122	-613.500854
4563.780573	508.299255	158.445358	-621.683228
4563.783908	508.299255	158.679138	-629.690247
4563.787273	507.597870	158.562241	-636.937500
4563.790576	507.364136	158.503799	-645.704285
4563.793906	506.370544	158.503799	-654.120422
4563.797245	505.376953	159.146698	-661.835205
4563.800579	505.084747	159.380478	-671.361755
4563.803910	504.032715	159.848053	-680.070129
4563.807238	502.980713	159.964935	-689.070679
4563.810573	501.285797	159.731155	-696.727051
4563.813902	499.766205	159.906479	-706.253662
4563.817238	498.246613	159.848053	-715.838684
4563.820574	496.434845	159.789597	-724.079468
4563.823904	494.506134	159.906479	-733.255371
4563.827234	492.460541	159.614258	-743.541748
4563.831505	488.603149	159.789597	-761.952087
4563.834756	485.330200	159.614258	-771.478638
4563.838084	482.641754	159.322037	-781.005249
4563.841415	480.245453	158.620697	-791.350098
4563.844779	475.277618	158.912918	-801.987183
4563.847656	472.998230	158.679138	-811.221497
4563.851012	469.316193	158.445358	-819.988342
4563.854355	465.458771	158.445358	-829.924011
4563.857682	461.016937	157.218002	-840.736389
4563.860585	457.510223	157.218002	-850.204590
4563.863899	453.302155	156.691986	-860.023376
4563.867267	449.152557	156.282883	-870.660400
4563.870565	445.295135	155.873764	-879.894836
4563.873912	440.385712	155.230850	-890.356567
4563.877232	435.768555	155.055527	-899.532410
4563.880565	430.450012	154.003494	-909.585022
4563.883896	425.423706	153.535934	-918.760986
4563.887231	420.163635	152.133255	-928.988953
4563.890560	414.085327	151.431900	-936.645203
4563.893897	408.883728	150.321442	-947.282288
4563.897228	402.980713	149.561661	-955.932251
4563.900566	397.194611	148.451202	-965.867920
4563.903900	390.940979	147.691406	-974.400879
4563.907227	384.862671	145.879608	-983.986023
4563.910581	378.492126	144.944473	-992.518982
4563.913895	372.589142	143.600235	-1000.292236
4563.917230	365.809479	143.308014	-1009.877319
4563.920556	358.912933	141.846878	-1019.111633
4563.923896	351.139679	139.801285	-1026.826416
4563.927226	343.717133	139.041489	-1036.060791
4563.930561	335.943878	137.755707	-1044.593750
4563.933895	328.638214	136.411453	-1051.841064
4563.937222	321.274109	134.774979	-1060.315552
4563.940564	312.565765	132.612503	-1067.504395
4563.944734	295.558136	130.040909	-1083.927490
4563.948080	286.791351	128.404434	-1092.168335
4563.951432	278.316772	127.118645	-1098.655762
4563.954822	269.082397	124.956169	-1106.428955
4563.957676	260.607849	123.378143	-1113.267090
4563.961013	251.548798	121.390999	-1120.105225
4563.964343	241.788437	119.871429	-1127.293945
4563.967643	232.320282	117.884277	-1133.898315
4563.970987	222.384567	115.780243	-1139.216797
4563.973886	211.864395	114.143776	-1146.171875
4563.977220	201.519592	111.864410	-1151.490356
4563.980552	190.765625	109.468147	-1157.860962
4563.983889	180.771484	107.481003	-1162.770264
4563.987224	170.251312	104.967857	-1168.380981
4563.990552	159.322037	103.039154	-1172.764526
4563.993891	148.451202	101.168907	-1176.797241
4563.997244	138.106369	98.831093	-1181.648193
4564.000553	126.826416	96.610168	-1184.979492
4564.003890	115.663353	94.155464	-1189.479858
4564.007218	104.500290	91.817650	-1193.161865
4564.010550	93.863235	89.479836	-1196.960815
4564.013883	82.524841	87.142021	-1199.006470
4564.017217	71.654007	83.869080	-1201.461182
4564.020554	61.192287	81.765053	-1203.857422
4564.023900	49.094097	79.777908	-1206.370605
4564.027225	38.457043	77.147865	-1208.649902
4564.030553	27.703098	74.634720	-1209.760376
4564.033886	16.306253	72.472237	-1211.572144
4564.037224	5.610754	69.140854	-1213.150269
4564.040588	-5.786090	66.627708	-1214.728271
4564.043882	-16.656927	64.465225	-1214.903564
4564.047234	-27.293980	61.776741	-1215.078979
4564.050545	-38.164814	58.737583	-1214.786743
4564.054753	-59.672707	53.477497	-1214.494385
4564.058080	-70.952660	51.256573	-1214.260620
4564.061439	-81.531265	47.808300	-1213.442383
4564.064832	-91.525421	45.412041	-1212.273560
4564.068134	-102.045586	43.015781	-1211.805908
4564.070973	-112.974869	39.859730	-1210.052612
4564.074301	-123.670364	37.697254	-1207.890137
4564.077638	-134.132080	35.125656	-1206.195190
4564.080973	-144.301575	32.612507	-1203.389893
4564.083915	-154.412628	30.391582	-1201.285889
4564.087215	-164.640564	27.819988	-1199.415527
4564.090549	-175.277618	24.897720	-1196.317993
4564.093873	-185.739334	22.559906	-1192.811157
4564.097212	-195.149048	20.222092	-1190.590332
4564.100547	-204.792526	17.708942	-1186.499146
4564.103877	-214.085342	15.195791	-1182.466431
4564.107211	-224.137924	12.448860	-1178.375244
4564.110547	-233.547638	10.637054	-1173.991821
4564.113877	-243.600220	7.890122	-1169.608398
4564.117216	-252.191711	5.376973	-1165.108154
4564.120538	-261.426056	3.565166	-1160.432495
4564.123878	-270.660431	1.052016	-1154.821777
4564.127238	-279.076538	-2.279369	-1150.087646
4564.130541	-288.252472	-4.032730	-1145.178223
4564.133877	-296.084167	-5.961426	-1138.807617
4564.137214	-304.850952	-8.708358	-1133.606079
4564.140546	-312.624207	-10.812390	-1128.579834
4564.143876	-321.274109	-12.624197	-1122.501465
4564.147207	-329.222687	-14.669784	-1115.663330
4564.150537	-336.703674	-17.007599	-1109.935669
4564.153875	-343.892456	-19.929865	-1104.500244
4564.157207	-351.373444	-21.040327	-1098.188232
4564.160541	-358.445374	-23.611923	-1091.934570
4564.165216	-371.244873	-26.884863	-1080.128540
4564.168133	-378.316772	-29.105785	-1073.290405
4564.171525	-384.862671	-31.677380	-1065.926392
4564.174724	-390.414948	-33.138515	-1060.257202
4564.178052	-396.785492	-35.476330	-1053.419067
4564.181376	-402.220917	-37.229691	-1047.340820
4564.184291	-407.422546	-39.216831	-1040.444214
4564.187621	-412.974884	-41.087086	-1034.482788
4564.190962	-419.286957	-42.372883	-1028.112183
4564.194315	-424.313263	-44.126244	-1021.157288
4564.197200	-429.748688	-45.528931	-1014.435974
4564.200531	-434.190521	-47.223846	-1007.305603
4564.203877	-439.216858	-48.626534	-1000.935181
4564.207200	-444.593811	-50.263004	-994.213867
4564.210534	-448.451172	-51.490356	-987.726501
4564.213878	-453.594391	-53.302162	-980.829895
4564.217202	-457.217987	-54.354179	-973.933411
4564.220530	-461.133850	-55.581535	-967.036804
4564.223862	-465.283447	-56.633549	-960.607788
4564.227201	-469.549988	-58.036240	-953.360657
4564.230528	-473.232025	-58.679134	-946.756287
4564.233869	-476.855652	-60.315601	-940.444214
4564.237195	-481.355957	-61.309177	-933.138550
4564.240533	-485.096466	-62.536526	-926.183533
4564.243873	-488.427826	-63.413208	-919.520752
4564.247196	-491.934540	-64.932785	-912.624146
4564.250533	-494.798370	-65.634132	-905.552307
4564.253859	-498.305084	-66.686150	-899.240234
4564.257196	-501.052002	-67.738167	-892.928101
4564.260531	-503.974304	-68.439507	-885.388672
4564.263862	-506.779663	-69.900642	-879.661011
4564.267190	-509.468140	-70.601990	-872.706055
4564.270551	-511.805969	-70.777321	-866.861450
4564.273898	-514.319153	-71.595558	-860.198669
4564.278461	-518.527161	-73.758034	-847.282288
4564.281393	-520.397400	-74.459381	-841.496155
4564.284709	-522.150818	-75.219170	-835.067200
4564.288084	-523.904114	-75.452957	-829.281128
4564.291419	-526.241943	-76.329628	-822.852112
4564.294307	-528.112244	-77.323204	-818.001160
4564.297641	-529.281128	-78.433662	-812.215027
4564.300970	-530.976074	-79.310349	-806.078369
4564.304280	-532.144897	-79.368790	-801.285828
4564.307620	-534.190491	-79.836349	-795.733521
4564.310523	-535.885437	-79.836349	-790.824097
4564.313861	-536.353027	-80.654587	-785.856262
4564.317207	-537.989502	-81.180595	-779.368774
4564.320520	-538.573914	-81.881943	-775.745178
4564.323859	-540.502625	-82.466393	-771.069519
4564.327188	-541.087097	-83.284630	-766.043213
4564.330523	-541.905334	-83.693748	-761.426086
4564.333849	-542.782043	-83.869080	-756.458252
4564.337187	-543.366455	-84.453537	-752.425476
4564.340525	-544.769165	-84.921097	-747.632996
4564.343861	-545.470459	-85.271767	-743.191101
4564.347183	-545.528931	-85.447105	-738.983032
4564.350516	-546.230286	-85.564003	-734.774963
4564.353868	-547.223877	-86.148453	-730.157776
4564.357198	-547.516052	-86.674461	-726.241943
4564.360524	-548.334290	-86.265343	-722.150818
4564.363845	-549.094116	-86.557564	-718.760986
4564.367184	-549.152588	-86.732903	-714.845154
4564.370518	-550.496765	-86.499123	-711.338379
4564.373849	-550.730591	-87.317360	-707.364136
4564.377185	-551.022827	-87.551140	-704.032715
4564.380516	-551.431885	-87.901810	-700.175354
4564.383847	-551.665710	-87.668030	-696.259521
4564.387185	-552.074829	-87.784920	-692.518982
4564.391396	-552.600830	-87.726471	-685.797791
4564.394721	-553.419067	-87.551140	-682.992432
4564.398141	-553.828186	-87.551140	-679.894775
4564.401439	-554.003540	-88.252487	-676.329590
4564.404712	-554.178833	-88.603157	-673.816467
4564.407610	-554.471069	-89.070717	-671.186462
4564.410937	-554.412598	-89.012268	-668.614868
4564.414265	-554.471069	-89.129166	-666.160156
4564.417602	-555.114014	-88.953827	-662.770325
4564.420511	-554.704834	-89.362946	-661.075378
4564.423851	-555.406189	-89.012268	-658.036255
4564.427181	-555.464661	-89.187607	-655.990662
4564.430509	-555.932190	-89.129166	-654.763306
4564.433846	-554.821716	-89.129166	-652.308594
4564.437182	-555.815308	-88.836937	-650.321411
4564.440521	-555.347717	-89.772064	-648.451172
4564.443844	-555.406189	-89.830505	-647.516052
4564.447178	-555.523132	-89.888954	-646.171814
4564.450511	-554.880188	-89.362946	-644.652283
4564.453838	-555.289307	-90.005844	-643.541748
4564.457177	-555.172424	-90.064285	-642.957336
4564.460507	-555.289307	-90.824081	-641.379333
4564.463839	-555.406189	-90.590302	-640.794861
4564.467170	-555.756836	-90.356514	-639.392212
4564.470505	-555.581543	-90.298065	-638.047913
4564.473843	-555.581543	-90.824081	-637.580322
4564.477171	-555.406189	-90.707191	-637.171265
4564.480505	-555.756836	-90.531853	-636.586792
4564.483841	-555.406189	-90.473404	-636.411499
4564.487169	-555.581543	-90.064285	-635.593201
4564.490502	-556.399780	-90.239624	-635.008789
4564.493839	-555.523132	-90.005844	-634.891907
4564.497173	-555.698425	-90.181175	-634.716553
4564.501440	-555.873779	-89.713615	-634.482788
4564.504791	-555.756836	-89.304504	-634.015198
4564.508100	-556.165955	-89.421394	-633.196960
4564.511353	-555.873779	-89.655174	-633.781433
4564.514292	-555.698425	-88.720047	-633.781433
4564.517595	-555.932190	-89.304504	-633.664490
4564.520919	-555.639954	-88.661598	-634.424316
4564.524257	-556.107544	-88.427818	-635.008789
4564.527591	-555.639954	-88.544708	-635.300964
4564.530497	-556.107544	-87.960258	-635.593201
4564.533833	-555.698425	-88.427818	-636.119202
4564.537168	-555.990662	-87.843361	-636.937500
4564.540498	-555.698425	-87.726471	-637.814148
4564.543859	-555.289307	-87.551140	-638.457031
4564.547184	-556.575134	-87.726471	-640.268860
4564.550499	-556.107544	-87.142021	-641.145508
4564.553832	-555.990662	-87.375801	-642.080627
4564.557175	-555.990662	-87.258911	-644.301575
4564.560494	-555.873779	-86.849800	-644.476868
4564.563827	-556.224426	-86.674461	-645.353577
4564.567169	-555.581543	-87.083580	-646.873169
4564.570492	-555.347717	-86.265343	-648.451172
4564.573832	-555.464661	-86.206894	-650.613708
4564.577168	-555.406189	-86.499123	-652.951477
4564.580495	-554.938660	-86.090004	-654.880188
4564.583825	-554.646423	-85.973114	-657.217957
4564.587176	-554.588013	-85.388657	-660.198730
4564.590496	-554.471069	-84.745766	-662.594971
4564.593830	-555.230835	-85.505554	-664.699036
4564.597158	-554.295715	-85.096436	-667.738159
4564.600492	-554.061951	-84.745766	-670.368164
4564.603826	-554.061951	-85.037987	-672.881348
4564.607162	-554.412598	-84.628876	-675.920532
4564.611420	-553.769714	-83.576859	-681.531311
4564.614752	-553.243713	-83.869080	-684.804199
4564.618008	-552.776123	-83.693748	-687.609558
4564.621346	-553.243713	-82.817062	-690.005798
4564.624294	-552.600830	-82.758621	-694.330811
4564.627576	-551.899475	-82.232613	-696.434814
4564.630929	-551.782532	-81.765053	-700.292236
4564.634274	-551.490356	-81.472816	-703.272949
4564.637608	-550.613708	-80.362358	-706.721191
4564.640485	-550.613708	-80.128578	-710.461731
4564.643823	-549.912292	-79.661018	-714.026855
4564.647195	-550.321411	-79.777908	-717.650513
4564.650493	-549.269409	-78.725891	-720.981873
4564.653822	-548.977173	-78.784332	-725.131531
4564.657153	-548.568115	-78.316772	-727.936890
4564.660493	-547.516052	-77.907654	-731.735840
4564.663822	-547.691406	-76.972534	-735.359436
4564.667152	-546.990051	-76.271187	-739.567505
4564.670488	-546.288757	-75.745178	-743.775574
4564.673831	-545.002930	-75.745178	-746.873169
4564.677153	-544.885986	-74.810051	-752.191711
4564.680489	-544.243164	-74.342491	-756.575134
4564.683823	-542.548218	-73.348923	-760.783142
4564.687153	-541.963745	-72.939804	-765.634155
4564.690485	-540.736389	-72.296898	-770.134399
4564.693815	-539.509033	-71.887787	-774.810059
4564.697155	-538.106384	-71.361771	-780.245422
4564.700483	-537.405029	-70.718880	-784.219727
4564.703819	-536.294556	-70.192871	-789.362976
4564.707154	-535.417908	-69.666862	-794.739929
4564.710502	-534.716553	-68.556396	-800.116943
4564.713813	-533.196960	-68.147285	-805.026367
4564.717149	-530.976074	-67.270599	-810.520142
4564.721331	-527.936890	-66.218582	-821.274109
4564.724668	-526.767944	-65.692581	-826.241943
4564.727991	-525.248413	-64.757454	-831.969666
4564.731357	-523.962585	-62.887199	-837.405029
4564.734705	-521.390991	-62.828754	-844.126221
4564.737604	-519.403809	-61.659847	-849.094116
4564.740932	-517.767395	-61.075394	-855.639954
4564.744271	-515.897156	-60.198711	-860.724731
4564.747579	-513.617737	-59.088253	-866.861450
4564.750479	-511.163055	-58.328461	-872.589111
4564.753833	-508.591461	-57.334892	-877.966125
4564.757148	-506.136749	-55.990646	-884.044434
4564.760477	-503.682037	-54.763298	-889.772034
4564.763809	-501.110474	-54.003506	-896.317932
4564.767143	-498.831085	-53.126823	-902.337830
4564.770472	-495.850372	-51.607246	-908.240784
4564.773811	-493.220337	-50.789009	-913.383972
4564.777139	-490.473419	-49.152542	-919.579224
4564.780473	-487.609589	-47.808300	-926.241943
4564.783805	-484.687317	-46.639393	-931.794250
4564.787138	-481.472839	-45.119812	-938.047913
4564.790476	-477.264740	-44.243134	-943.307983
4564.793806	-474.108704	-42.898891	-949.386292
4564.797147	-471.127991	-41.145531	-955.289246
4564.800474	-467.153687	-40.327293	-960.958496
4564.803822	-463.179443	-38.340153	-966.393921
4564.807143	-459.789612	-37.112801	-972.589111
4564.810471	-456.341309	-35.534775	-978.141418
4564.813801	-451.957947	-34.424313	-984.804260
4564.817139	-448.334320	-32.495617	-990.181152
4564.820474	-444.067810	-31.385153	-995.967285
4564.823808	-439.509064	-29.222675	-1001.578064
4564.828432	-430.625336	-26.592636	-1014.319153
4564.831348	-426.300415	-25.248394	-1020.338989
4564.834679	-421.566345	-23.027470	-1026.417236
4564.838072	-416.715393	-21.858562	-1032.787842
4564.841421	-411.805969	-20.222092	-1037.872559
4564.844301	-406.487427	-18.585623	-1043.249634
4564.847562	-401.052002	-16.890707	-1049.620117
4564.850895	-395.558136	-14.786674	-1055.347778
4564.854225	-390.414948	-13.091760	-1061.192383
4564.857556	-384.979523	-12.156633	-1066.510742
4564.860464	-379.310333	-9.935710	-1072.063110
4564.863798	-372.647583	-8.357686	-1078.667480
4564.867132	-366.744598	-6.253653	-1083.927490
4564.870473	-360.783173	-4.792519	-1088.310913
4564.873799	-354.354156	-2.980713	-1094.038574
4564.877134	-348.392761	-1.227352	-1100.292236
4564.880467	-342.139099	1.928697	-1105.201660
4564.883814	-335.417877	3.331385	-1109.994141
4564.887132	-328.345978	5.493863	-1115.429565
4564.890464	-322.209229	7.305669	-1120.105225
4564.893819	-315.371124	9.234365	-1125.131470
4564.897131	-308.474579	11.338399	-1130.040894
4564.900463	-301.461121	13.617767	-1134.424316
4564.903800	-294.564575	15.663354	-1137.814087
4564.907129	-287.551147	17.182934	-1142.372925
4564.910460	-280.128571	19.286966	-1146.931641
4564.913792	-272.881378	21.683226	-1150.613647
4564.917127	-265.517242	23.845703	-1155.698364
4564.920458	-257.860901	25.891293	-1159.088257
4564.923795	-250.379898	27.644651	-1161.659790
4564.927157	-243.307999	30.099356	-1165.049683
4564.930458	-236.177689	32.378727	-1169.433105
4564.933797	-228.755112	34.833431	-1172.238403
4564.938477	-212.974854	38.983051	-1177.790771
4564.941390	-204.558731	40.970196	-1180.187012
4564.944712	-197.428406	43.424900	-1183.401489
4564.947976	-188.895386	45.587376	-1185.271729
4564.951324	-180.596130	47.808300	-1188.427856
4564.954214	-172.530685	49.386322	-1189.655151
4564.957553	-164.582123	51.665695	-1192.519043
4564.960876	-155.932205	53.535946	-1194.564575
4564.964232	-147.399185	56.165989	-1196.025757
4564.967580	-139.041489	58.328461	-1197.662109
4564.970489	-130.450027	60.607834	-1198.305176
4564.973786	-122.384575	62.945644	-1199.883057
4564.977121	-113.851547	64.406784	-1201.694824
4564.980504	-104.617180	66.686150	-1202.220947
4564.983793	-96.084160	68.556396	-1203.214478
4564.987118	-87.492691	70.835770	-1204.441895
4564.990455	-78.609001	72.939804	-1204.091187
4564.993787	-69.549973	74.868500	-1205.260132
4564.997117	-60.666275	76.271187	-1205.318604
4565.000462	-51.957916	78.492111	-1205.727661
4565.003786	-43.132671	80.479256	-1204.967896
4565.007124	-33.898308	82.524841	-1204.324951
4565.010453	-25.306839	84.395096	-1204.441895
4565.013820	-16.247808	86.440674	-1204.091187
4565.017117	-7.422560	88.369377	-1202.980713
4565.020451	1.987142	90.414963	-1201.694824
4565.023786	10.403274	91.992989	-1200.935181
4565.027116	19.345411	94.389252	-1200.175415
4565.030451	27.995323	96.084160	-1198.597290
4565.033786	36.586792	97.837517	-1196.785522
4565.037114	45.295151	99.707771	-1196.434937
4565.040452	53.769726	101.344238	-1193.746338
4565.043781	62.010521	103.156052	-1192.285278
4565.047171	70.601990	105.143188	-1190.298096
4565.051308	86.791351	108.123901	-1185.154907
4565.054629	95.149033	110.169495	-1182.933960
4565.057983	102.922272	112.098190	-1180.128540
4565.061325	111.163071	113.617767	-1176.855713
4565.064648	119.228516	115.488014	-1174.167114
4565.067567	126.767967	116.481590	-1171.478638
4565.070894	135.184097	118.234955	-1167.855103
4565.074249	142.314438	119.754532	-1164.757446
4565.077552	150.029221	121.098770	-1161.542969
4565.080442	157.510239	123.378143	-1157.627075
4565.083777	165.225021	124.780830	-1153.419067
4565.087117	172.822922	126.125076	-1150.087646
4565.090449	180.070145	127.410873	-1145.937988
4565.093781	187.492691	129.514908	-1142.431396
4565.097116	194.213913	130.274689	-1138.398560
4565.100476	201.636475	131.852722	-1134.950317
4565.103779	208.416122	132.787842	-1130.099365
4565.107107	215.546463	134.132080	-1126.066650
4565.110442	222.852142	135.184097	-1121.390991
4565.113777	229.748672	136.352997	-1117.007690
4565.117110	236.469910	137.171249	-1112.799561
4565.120444	242.606659	138.632385	-1107.656372
4565.123775	249.327881	139.742844	-1102.396240
4565.127111	255.464645	140.619522	-1098.421997
4565.130436	262.711853	141.554642	-1093.278809
4565.133775	268.790161	143.249557	-1088.310913
4565.137166	275.219177	143.950897	-1083.401489
4565.140442	281.005249	144.243134	-1077.673950
4565.143809	287.200470	145.061356	-1072.179932
4565.147103	292.752777	145.821152	-1067.738159
4565.150440	298.538879	146.522491	-1061.250732
4565.153769	305.143188	147.574524	-1056.633545
4565.157101	310.461700	148.743423	-1051.198120
4565.161724	320.981873	149.853882	-1039.625977
4565.164645	325.832855	149.795441	-1034.424316
4565.167991	331.794250	151.256577	-1029.631836
4565.171360	336.119232	152.016373	-1023.553467
4565.174707	341.203979	152.776154	-1018.059631
4565.177531	346.288727	153.360611	-1012.858032
4565.180869	350.964355	154.529510	-1008.007080
4565.184203	354.821747	154.704865	-1002.162476
4565.187568	360.257141	154.938644	-997.194580
4565.190856	364.289886	155.698425	-991.291626
4565.193770	368.381073	155.873764	-985.914734
4565.197103	372.705994	156.750443	-980.537720
4565.200435	376.504974	157.276459	-975.043884
4565.203766	380.420807	157.744019	-969.666870
4565.207104	384.044403	158.036224	-964.114563
4565.210428	387.784912	158.971359	-959.146667
4565.213768	391.466980	159.146698	-954.062012
4565.217097	395.265930	159.263580	-948.334290
4565.220430	398.480408	160.374039	-943.191162
4565.223771	401.636444	160.257156	-938.047913
4565.227104	404.675629	160.490936	-932.261841
4565.230463	408.591461	160.841614	-926.943298
4565.233763	411.689087	161.426071	-921.157288
4565.237101	414.669800	161.893631	-916.715332
4565.240431	418.176514	161.542953	-911.630615
4565.243761	421.566345	161.835175	-906.545898
4565.247094	423.962585	161.776733	-901.461121
4565.250433	426.826416	162.361191	-895.499695
4565.253763	429.222687	162.068970	-890.882507
4565.257096	432.320251	162.594971	-885.037964
4565.260426	434.482758	162.302750	-880.420776
4565.263762	437.054352	162.594971	-875.336060
4565.267094	439.275269	163.004089	-870.835754
4565.270429	441.496185	163.354767	-865.926392
4565.274712	445.470490	162.945633	-855.581543
4565.278016	448.918762	163.179428	-851.548767
4565.281350	451.081238	162.945633	-846.464050
4565.284611	452.893066	163.354767	-841.905334
4565.287934	454.763306	162.711853	-836.879089
4565.290842	456.808899	162.711853	-831.268311
4565.294189	458.679138	163.004089	-826.534180
4565.297540	460.900055	163.004089	-822.618408
4565.300846	462.419647	163.237869	-818.293396
4565.303762	463.763916	163.120987	-813.793091
4565.307088	465.225037	163.413208	-809.935669
4565.310420	466.686157	162.653427	-805.844482
4565.313762	468.556396	163.120987	-800.993530
4565.317096	470.075989	162.945633	-797.311523
4565.320437	471.829315	162.828751	-793.044983
4565.323784	472.706024	163.004089	-789.070679
4565.327086	474.225616	163.237869	-785.388672
4565.330421	475.043823	163.062531	-782.174133
4565.333757	475.745209	162.828751	-778.258301
4565.337088	478.608978	162.945633	-773.465820
4565.340423	479.661041	162.653427	-770.368164
4565.343752	481.239044	162.653427	-767.679749
4565.347115	481.531281	163.062531	-763.705444
4565.350416	482.291077	162.711853	-760.490967
4565.353748	483.343079	163.004089	-757.919373
4565.357087	484.278198	163.062531	-753.711243
4565.360424	485.096466	162.770309	-751.022827
4565.363749	485.505524	162.711853	-748.451172
4565.367086	486.732910	163.120987	-744.418457
4565.370420	487.200439	161.893631	-741.028625
4565.373744	488.544708	162.478073	-738.223267
4565.377109	488.895355	161.952072	-736.002319
4565.380421	489.596741	161.718292	-733.196960
4565.385093	490.648743	161.952072	-727.235535
4565.387960	491.876068	161.835175	-725.423706
4565.391284	492.285217	161.075394	-721.274109
4565.394587	493.044983	161.659851	-719.170105
4565.397945	493.687927	161.133835	-716.540039
4565.401294	493.863251	161.250732	-714.611328
4565.404198	494.038574	160.724716	-712.390442
4565.407530	494.447693	160.607834	-710.578613
4565.410869	495.032166	160.374039	-707.831665
4565.414211	495.616577	159.848053	-706.195190
4565.417080	496.142639	160.315613	-704.208069
4565.420430	497.486816	159.555817	-702.045593
4565.423742	497.720612	159.380478	-699.824646
4565.427078	497.837555	159.848053	-697.720642
4565.430410	498.421967	159.672699	-695.967285
4565.433742	498.597290	159.438919	-694.681458
4565.437075	499.298676	158.971359	-692.694336
4565.440407	499.357086	158.854477	-691.583862
4565.443741	498.947998	158.796021	-689.362976
4565.447074	499.357086	158.796021	-687.901855
4565.450411	500.233795	159.088257	-686.849792
4565.453741	500.409119	159.205139	-685.330200
4565.457094	500.350677	158.796021	-684.278198
4565.460410	499.824677	158.796021	-683.050842
4565.463740	499.707794	158.971359	-681.180542
4565.467073	500.233795	158.796021	-681.239014
4565.470404	500.467590	158.328461	-680.362366
4565.473803	501.052002	157.627121	-679.953247
4565.477074	500.759796	157.627121	-679.368774
4565.480406	500.818237	158.562241	-677.849182
4565.483736	501.344238	158.094681	-677.849182
4565.487070	501.344238	157.510239	-676.738770
4565.490406	501.402710	157.919342	-676.388062
4565.493734	501.110474	157.685562	-675.803589
4565.498379	501.811798	157.744019	-674.810059
4565.501299	501.753387	157.744019	-675.511414
4565.504610	502.220917	157.451782	-674.751587
4565.507991	502.337830	157.101105	-674.050293
4565.511327	501.928711	157.393341	-675.277588
4565.514165	501.753387	157.276459	-675.102295
4565.517488	501.636444	156.808884	-674.517822
4565.520836	502.104034	157.334885	-674.576294
4565.524178	501.987122	157.159561	-674.517822
4565.527483	501.753387	157.101105	-674.459351
4565.530403	502.104034	157.101105	-674.926941
4565.533734	501.928711	156.575104	-675.862061
4565.537065	502.279388	156.750443	-676.388062
4565.540400	502.162445	156.165985	-676.797180
4565.543741	502.220917	155.990646	-676.855652
4565.547063	501.694916	155.932205	-677.031006
4565.550403	502.162445	155.932205	-677.966125
4565.553730	501.870239	155.756866	-679.076599
4565.557065	502.279388	156.224426	-680.070129
4565.560461	501.636444	155.873764	-680.303894
4565.563728	501.753387	156.282883	-681.765015
4565.567063	501.578033	155.464630	-682.992432
4565.570395	501.694916	155.464630	-684.161316
4565.573728	501.636444	155.523087	-685.330200
4565.577063	501.928711	155.113968	-686.440674
4565.580399	501.636444	155.172424	-687.492676
4565.583727	501.110474	155.172424	-690.298096
4565.587083	500.818237	154.938644	-691.934509
4565.590398	500.175323	154.821747	-693.337280
4565.593732	500.233795	155.055527	-694.272400
4565.597058	499.766205	155.113968	-696.025696
4565.600388	499.707794	154.821747	-697.369934
4565.603730	499.649323	154.646408	-699.240234
4565.607996	498.714203	154.646408	-703.039185
4565.611321	498.889526	154.354172	-704.324951
4565.614648	498.188202	153.945068	-707.071899
4565.617911	498.071289	154.646408	-708.474609
4565.621240	497.311493	154.412628	-710.812378
4565.624148	497.019287	154.003494	-713.091736
4565.627482	496.727051	154.061951	-716.189392
4565.630843	496.259491	153.945068	-718.293396
4565.634143	495.791901	153.886612	-720.397400
4565.637060	495.207489	154.412628	-722.559937
4565.640394	495.032166	154.120392	-725.073059
4565.643721	494.447693	154.120392	-728.404419
4565.647056	494.038574	153.886612	-730.859131
4565.650431	493.629456	153.886612	-733.956787
4565.653728	493.044983	153.594391	-736.469910
4565.657053	492.051422	154.061951	-738.515503
4565.660423	491.233215	153.769714	-741.320862
4565.663723	490.707214	153.243713	-744.301575
4565.667046	489.772095	153.185272	-747.399170
4565.670385	489.304504	153.711288	-750.555237
4565.673715	488.661621	153.419052	-753.594421
4565.677058	487.901825	153.185272	-757.217957
4565.680389	487.258911	153.009933	-759.906494
4565.683717	486.382233	153.126831	-763.413208
4565.687049	485.563995	152.483932	-766.510803
4565.690382	485.037994	151.899475	-770.075989
4565.693722	483.810608	152.133255	-772.939819
4565.697049	483.518402	151.899475	-776.855652
4565.700383	481.940369	151.724136	-780.303894
4565.703725	481.355957	151.841034	-783.752197
4565.707049	480.070129	151.373474	-786.206909
4565.710381	479.251923	151.081238	-790.824097
4565.713719	477.557007	151.548798	-795.324402
4565.717957	474.926941	150.438339	-802.863770
4565.721231	473.874939	150.555237	-807.013428
4565.724566	471.829315	150.672119	-810.929321
4565.727901	470.952667	150.789017	-814.494446
4565.731254	469.959076	149.970779	-818.234924
4565.734169	467.913483	150.204559	-823.261230
4565.737505	466.686157	149.737000	-826.768005
4565.740828	465.049683	149.912338	-830.450073
4565.744161	462.945648	149.503220	-835.184082
4565.747477	461.718262	149.386322	-839.684387
4565.750372	459.497345	149.094086	-843.950928
4565.753710	458.386902	148.918762	-848.509583
4565.757050	456.165985	149.094086	-852.776123
4565.760373	454.295715	148.392746	-857.334900
4565.763711	452.717682	147.808304	-862.185852
4565.767043	451.548828	147.691406	-866.335510
4565.770413	449.035645	147.691406	-870.426636
4565.773707	446.639404	147.282288	-874.576294
4565.777044	444.067810	147.223846	-879.310303
4565.780370	442.782013	146.580948	-884.395142
4565.783712	440.677979	146.464066	-889.129150
4565.787041	438.457062	146.405609	-893.746399
4565.790373	436.411469	145.353592	-898.714172
4565.793707	433.898315	145.295135	-903.915894
4565.797039	430.859131	145.236710	-907.539490
4565.800374	429.281128	144.126236	-912.215027
4565.803701	426.592651	143.541794	-918.118103
4565.807037	424.079468	142.840439	-921.507935
4565.810375	421.507874	143.132675	-926.943298
4565.813740	418.527161	142.255981	-931.969666
4565.817040	416.306244	141.963776	-937.171265
4565.820375	413.267090	141.028641	-941.788391
4565.823704	410.403259	140.327301	-946.522522
4565.828334	404.558746	139.859741	-956.925781
4565.831245	401.227325	139.216827	-961.016968
4565.834584	398.363525	138.690826	-965.400330
4565.837959	394.564575	137.463470	-970.426636
4565.841291	392.109863	137.697250	-975.277588
4565.844161	388.720032	137.229691	-980.303955
4565.847452	385.622467	136.236115	-985.330200
4565.850796	381.706604	135.943893	-989.655212
4565.854135	378.375214	135.184097	-994.915283
4565.857048	374.400940	134.073639	-1000.409119
4565.860367	370.368195	133.781403	-1004.675659
4565.863701	367.153717	133.021622	-1009.585022
4565.867032	363.120972	131.911163	-1014.962036
4565.870366	359.088257	131.268265	-1019.812988
4565.873697	354.529510	130.859146	-1024.020996
4565.877032	350.672119	129.690247	-1029.573364
4565.880367	346.288727	129.222687	-1034.599731
4565.883701	342.022217	128.521332	-1039.976562
4565.887031	337.931030	127.819992	-1044.593750
4565.890367	333.313843	126.534187	-1049.269409
4565.893697	328.813538	125.949738	-1054.178833
4565.897028	324.137939	125.073051	-1058.679077
4565.900378	320.514313	124.547050	-1063.646973
4565.903695	315.955597	123.085915	-1067.855103
4565.907034	310.578613	122.501457	-1072.706055
4565.910362	305.493866	121.507896	-1077.732300
4565.913698	301.110474	120.514320	-1082.407959
4565.917066	295.967255	118.994736	-1086.616089
4565.920364	291.233215	119.111633	-1091.350098
4565.923697	286.206879	117.416718	-1095.090576
4565.927026	281.472839	116.481590	-1099.240234
4565.930384	275.920502	115.780243	-1104.208130
4565.933690	270.718872	114.611343	-1107.773193
4565.937903	260.724701	112.331978	-1116.656982
4565.941319	254.997086	111.279953	-1119.754517
4565.944645	248.860306	110.461723	-1124.137939
4565.947950	243.950912	109.000587	-1127.820068
4565.951202	238.983063	107.656334	-1131.326660
4565.954119	232.963181	106.721207	-1134.950317
4565.957446	227.469330	105.201637	-1139.976562
4565.960807	222.150772	103.798950	-1143.191162
4565.964121	216.949158	102.980713	-1147.223877
4565.967021	211.221497	101.578018	-1150.496826
4565.970355	205.260086	99.766220	-1153.886597
4565.973695	199.064880	99.006424	-1157.919312
4565.977025	193.571014	97.486847	-1160.783203
4565.980355	187.668030	96.493279	-1163.413208
4565.983693	181.881943	94.915253	-1167.796631
4565.987016	175.043839	93.395676	-1170.660400
4565.990384	169.140854	92.168327	-1173.991821
4565.993691	162.945633	90.940971	-1177.381592
4565.997016	156.224426	89.246056	-1178.901245
4566.000351	150.263000	88.544708	-1182.407959
4566.003714	143.775574	87.258911	-1184.628906
4566.007019	137.580353	85.680893	-1187.492676
4566.010354	130.625366	83.869080	-1190.122681
4566.013681	124.430153	82.583282	-1192.051392
4566.017027	118.118057	81.414375	-1194.915283
4566.020355	111.689064	79.368790	-1196.668579
4566.023685	105.669197	78.316772	-1198.305176
4566.027013	98.538864	77.206314	-1200.350708
4566.030347	92.051437	75.686737	-1202.396240
4566.033690	85.388657	74.634720	-1203.156128
4566.037017	78.784332	73.407364	-1205.260132
4566.040374	72.238457	71.887787	-1206.195190
4566.045031	58.737583	68.322617	-1210.169556
4566.047916	52.074806	67.270599	-1211.805908
4566.051201	45.821156	65.751022	-1212.215088
4566.054528	39.041496	64.114555	-1213.910034
4566.057889	32.261837	63.004089	-1215.429565
4566.061234	26.183519	61.133839	-1216.598511
4566.064100	19.754528	59.789597	-1217.592041
4566.067462	13.383986	57.860901	-1219.520752
4566.070801	6.838106	56.282879	-1219.462280
4566.074134	-0.116891	54.938633	-1219.637695
4566.077011	-7.071887	53.652836	-1219.929932
4566.080348	-13.383986	51.548801	-1220.748169
4566.083681	-19.520748	50.029224	-1221.098755
4566.087009	-26.125072	48.860313	-1220.981934
4566.090370	-31.794271	46.639393	-1222.676758
4566.093684	-38.807713	45.587376	-1222.150757
4566.097017	-45.412041	43.892460	-1222.559937
4566.100341	-51.607246	42.431328	-1222.150757
4566.103679	-58.211571	40.677963	-1221.916992
4566.107010	-64.231445	39.567505	-1221.975464
4566.110341	-70.309761	37.931034	-1221.507935
4566.113679	-76.680305	36.353008	-1220.572754
4566.117008	-83.284630	34.833431	-1219.929932
4566.120338	-89.947395	33.080070	-1220.338989
4566.123673	-95.850380	31.735825	-1218.527222
4566.127005	-101.987144	30.333138	-1219.053223
4566.130339	-108.007011	28.872004	-1217.942749
4566.133684	-113.676216	27.761543	-1216.189331
4566.137032	-119.345413	25.482174	-1215.780273
4566.140347	-126.183525	24.254822	-1214.962036
4566.143674	-131.560486	22.852133	-1213.442383
4566.147013	-138.398605	21.040327	-1212.565674
4566.150336	-144.126236	19.345411	-1211.279907
4566.154968	-155.464630	17.475161	-1208.299316
4566.157885	-161.133835	15.371127	-1206.078369
4566.161204	-167.153717	14.611338	-1204.441895
4566.164537	-173.056702	12.857978	-1202.922241
4566.167949	-178.375214	11.396844	-1201.110474
4566.170821	-184.336655	10.344828	-1199.590820
4566.174097	-189.713623	9.234365	-1198.012817
4566.177445	-195.032150	7.539450	-1196.142578
4566.180765	-200.292236	6.136762	-1194.681396
4566.183663	-205.435425	4.734074	-1192.226807
4566.187000	-211.455292	3.331385	-1189.830444
4566.190338	-216.540024	2.337814	-1187.200439
4566.193669	-221.741669	0.350672	-1185.447144
4566.197002	-226.592636	-0.175336	-1183.167725
4566.200332	-231.209824	-1.636470	-1181.472778
4566.203671	-236.411453	-3.740503	-1179.602539
4566.206996	-240.970184	-4.967855	-1177.264771
4566.210331	-246.230270	-6.370543	-1174.985352
4566.213686	-250.204559	-7.890122	-1172.472168
4566.216993	-255.055527	-8.883694	-1170.368164
4566.220332	-259.380493	-9.585038	-1167.972046
4566.223661	-264.348328	-11.163063	-1165.575684
4566.227030	-268.848633	-12.215078	-1162.478027
4566.230329	-273.056702	-13.617767	-1161.367554
4566.233666	-277.557007	-14.552893	-1158.386841
4566.237003	-281.414368	-16.189363	-1155.230957
4566.240334	-285.856232	-16.773817	-1152.834595
4566.243660	-290.298096	-17.767387	-1149.970825
4566.246995	-294.389252	-19.170076	-1147.808228
4566.250331	-298.480408	-20.572765	-1145.178223
4566.253659	-302.571594	-21.741673	-1142.606689
4566.257029	-306.195221	-22.852133	-1139.333740
4566.261668	-313.734650	-24.663939	-1134.775024
4566.264542	-317.416718	-25.657511	-1131.677368
4566.267926	-321.274109	-26.358854	-1129.690308
4566.271262	-325.189941	-27.936878	-1126.709595
4566.274527	-328.813538	-28.696669	-1123.670410
4566.277425	-332.086487	-29.047340	-1121.507935
4566.280747	-335.593231	-30.800701	-1118.468750
4566.284083	-339.041504	-31.443600	-1115.429565
4566.287424	-342.781982	-32.437172	-1113.442383
4566.290747	-345.938049	-32.729401	-1110.052612
4566.293656	-349.094116	-34.307423	-1107.480957
4566.296989	-352.133240	-35.593220	-1105.260132
4566.300343	-355.639984	-35.943893	-1102.746948
4566.303660	-358.270020	-36.586792	-1099.707764
4566.306995	-361.776733	-37.931034	-1097.428467
4566.310319	-364.874329	-38.690823	-1093.980103
4566.313656	-367.796600	-39.392166	-1091.174805
4566.317055	-370.192871	-40.035065	-1088.836914
4566.320325	-372.998230	-40.677963	-1086.265381
4566.323653	-376.388062	-41.145531	-1083.284668
4566.326992	-378.959686	-41.788429	-1081.472778
4566.330316	-381.531250	-42.548218	-1077.557007
4566.333653	-383.518402	-43.015781	-1075.043823
4566.336987	-385.914673	-44.009354	-1072.706055
4566.340323	-388.310944	-45.002922	-1070.075928
4566.343688	-391.174744	-45.295151	-1068.264160
4566.346988	-393.278778	-46.230274	-1065.634155
4566.350318	-395.733490	-46.990063	-1062.945679
4566.353652	-397.603760	-47.866745	-1060.607788
4566.356982	-399.707764	-48.275860	-1058.737549
4566.360314	-401.636444	-48.158970	-1056.224487
4566.363653	-403.389832	-49.152542	-1054.062012
4566.366984	-405.727631	-49.970776	-1051.841064
4566.371236	-409.818848	-51.081242	-1046.814697
4566.374587	-411.279968	-50.613678	-1044.827515
4566.377970	-412.974884	-51.665695	-1043.074219
4566.381195	-415.429596	-52.250145	-1041.087036
4566.384495	-416.715393	-52.600819	-1039.509155
4566.387461	-417.942719	-53.302162	-1036.645264
4566.390736	-420.631226	-53.652836	-1035.359497
4566.394074	-421.683228	-54.178841	-1033.956665
4566.397405	-423.202789	-55.055523	-1031.034424
4566.400759	-424.488586	-55.639977	-1029.748779
4566.403643	-426.534180	-55.523087	-1027.586182
4566.406976	-427.644623	-56.399769	-1025.306763
4566.410313	-428.755096	-56.458210	-1023.319702
4566.413663	-430.274689	-56.691994	-1022.267700
4566.416976	-431.326721	-57.159554	-1020.046692
4566.420317	-432.554047	-57.685566	-1018.176453
4566.423645	-434.307434	-57.685566	-1015.897156
4566.426981	-435.534760	-58.153130	-1015.312683
4566.430342	-436.586823	-58.386909	-1013.033325
4566.433640	-437.755676	-58.445351	-1011.747559
4566.436976	-438.983063	-58.796024	-1009.409729
4566.440313	-439.976654	-59.731148	-1008.299255
4566.443645	-441.554626	-60.374050	-1008.182312
4566.446978	-442.489777	-60.374050	-1005.902954
4566.450309	-443.074219	-60.374050	-1004.441833
4566.453646	-443.483337	-60.140270	-1004.032715
4566.456973	-444.827606	-61.835182	-1001.636475
4566.460308	-445.470490	-61.601402	-1000.526062
4566.463638	-446.347198	-61.484509	-999.707764
4566.466972	-446.931610	-62.244301	-999.473938
4566.470312	-448.158966	-61.835182	-997.077759
4566.473637	-448.217438	-62.010521	-996.317932
4566.476972	-449.094116	-61.835182	-995.675110
4566.480331	-449.912323	-62.068962	-995.791931
4566.484491	-450.379883	-62.711864	-993.337280
4566.487813	-450.847443	-62.945644	-992.694397
4566.491157	-451.139679	-63.354759	-992.168335
4566.494511	-452.074829	-62.536526	-992.168335
4566.497861	-451.957947	-62.711864	-991.174805
4566.500755	-452.308594	-62.770306	-991.759216
4566.504083	-451.899475	-62.478085	-990.765686
4566.507416	-452.717682	-62.478085	-989.538269
4566.510729	-452.367004	-62.711864	-989.596741
4566.513639	-453.185272	-62.945644	-988.778503
4566.516975	-453.126801	-63.120979	-989.538269
4566.520300	-453.302155	-63.296318	-989.129150
4566.523637	-453.945068	-63.530098	-988.486267
4566.526968	-453.360596	-63.646992	-988.486267
